ACSSF,2010e1,al,000,0016,0000001,4785298,4602503,182795,127157,13655,2200,600,23433,543,14816,4559,250,1364,1901,0,8556,1664,165,187,2407,913,91,2419,0,710,0,7194,2955,1479,0,2760,4785298,4602503,3206485,1256566,24291,52313,553,2095,60200,1050,59150,182795,117791,6414,3477,476,53,49598,4986,3232,1754,4785298,4602503,182795,4785298,4602503,182795,127157,13655,2200,600,23433,8556,7194,4785298,4602503,3206485,1256566,24291,52313,553,2095,60200,1050,59150,182795
ACSSF,2010e1,al,000,0016,0000002,2507522,2389469,118053,80723,8087,1021,301,17614,393,11184,3615,184,723,1515,0,6373,1323,145,187,1211,578,91,2242,0,596,0,3934,1644,982,0,1308,2507522,2389469,1426602,887471,6316,36483,421,1112,31064,706,30358,118053,75404,3384,1607,44,53,34801,2760,1910,850,2507522,2389469,118053,2507522,2389469,118053,80723,8087,1021,301,17614,6373,3934,2507522,2389469,1426602,887471,6316,36483,421,1112,31064,706,30358,118053
ACSSF,2010e1,al,000,0016,0000003,,,,,,,,,,,,,,,,,,,,,,,,,,,,,,,,2277776,2213034,1779883,369095,17975,15830,132,983,29136,344,28792,64742,42387,3030,1870,432,0,14797,2226,1322,904,2277776,2213034,64742,2277776,2213034,64742,46434,5568,1179,299,5819,2183,3260,2277776,2213034,1779883,369095,17975,15830,132,983,29136,344,28792,64742
ACSSF,2010e1,al,000,0016,0000004,4300537,4126176,174361,121560,13411,2135,600,21583,543,13058,4475,250,1356,1901,0,8556,1664,165,187,2407,913,91,2419,0,710,0,6516,2860,1173,0,2483,4300537,4126176,2873241,1123398,20217,49996,464,2044,56816,927,55889,174361,112199,5954,3477,476,53,47347,4855,3203,1652,4300537,4126176,174361,4300537,4126176,174361,121560,13411,2135,600,21583,8556,6516,4300537,4126176,2873241,1123398,20217,49996,464,2044,56816,927,55889,174361
ACSSF,2010e1,al,000,0016,0000005,3421459,3293362,128097,89713,10258,1413,548,14481,543,7808,3087,66,1152,1825,0,7360,972,165,187,1903,913,91,2419,0,710,0,4324,1989,329,0,2006,3421459,3293362,2233493,952639,15228,46194,442,1519,43847,886,42961,128097,79836,4485,3335,399,53,37672,2317,1516,801,3421459,3293362,128097,3421459,3293362,128097,89713,10258,1413,548,14481,7360,4324,3421459,3293362,2233493,952639,15228,46194,442,1519,43847,886,42961,128097
ACSSF,2010e1,al,000,0016,0000006,,,,,,,,,,,,,,,,,,,,,,,,,,,,,,,,1297427,1236895,620076,569104,3592,25911,332,564,17316,457,16859,60532,37758,1902,656,399,53,18680,1084,947,137,1297427,1236895,60532,1297427,1236895,60532,39933,3884,672,185,9492,4328,2038,1297427,1236895,620076,569104,3592,25911,332,564,17316,457,16859,60532
ACSSF,2010e1,al,000,0016,0000007,,,,,,,,,,,,,,,,,,,,,,,,,,,,,,,,2124032,2056467,1613417,383535,11636,20283,110,955,26531,429,26102,67565,42078,2583,2679,0,0,18992,1233,569,664,2124032,2056467,67565,2124032,2056467,67565,49780,6374,741,363,4989,3032,2286,2124032,2056467,1613417,383535,11636,20283,110,955,26531,429,26102,67565
ACSSF,2010e1,al,000,0016,0000008,,,,,,,,,,,,,,,,,,,,,,,,,,,,,,,,879078,832814,639748,170759,4989,3802,22,525,12969,41,12928,46264,32363,1469,142,77,0,9675,2538,1687,851,879078,832814,46264,879078,832814,46264,31847,3153,722,52,7102,1196,2192,879078,832814,639748,170759,4989,3802,22,525,12969,41,12928,46264
ACSSF,2010e1,al,000,0016,0000009,,,,,,,,,,,,,,,,,,,,,,,,,,,,,,,,288513,267284,191036,70991,434,1301,0,463,3059,0,3059,21229,16765,782,142,36,0,2693,811,518,293,288513,267284,21229,288513,267284,21229,13425,1123,40,52,4971,0,1618,288513,267284,191036,70991,434,1301,0,463,3059,0,3059,21229
ACSSF,2010e1,al,000,0016,0000010,,,,,,,,,,,,,,,,,,,,,,,,,,,,,,,,590565,565530,448712,99768,4555,2501,22,62,9910,41,9869,25035,15598,687,0,41,0,6982,1727,1169,558,590565,565530,25035,590565,565530,25035,18422,2030,682,0,2131,1196,574,590565,565530,448712,99768,4555,2501,22,62,9910,41,9869,25035
ACSSF,2010e1,al,000,0016,0000011,,,,,,,,,,,,,,,,,,,,,,,,,,,,,,,,,,,,,,,,,,,,,,,,,,,,,484761,476327,8434,,,,,,,,,,,484761,476327,333244,133168,4074,2317,89,51,3384,123,3261,8434
ACSSF,2010e1,al,000,0016,0000012,,,,,,,,,,,,,,,,,,,,,,,,,,,,,,,,1363839,1309141,972992,303927,9063,6119,111,576,16353,164,16189,54698,37955,1929,142,77,0,11926,2669,1716,953,1363839,1309141,54698,1363839,1309141,54698,37444,3397,787,52,8952,1196,2870,1363839,1309141,972992,303927,9063,6119,111,576,16353,164,16189,54698
ACSSF,2010e1,al,000,0016,0000013,,,,,,,,,,,,,,,,,,,,,,,,,,,,,,,,,,,,,,,,,,,,,,,,,,,,,183195,175117,8078,,,,,,,,,,,183195,175117,152670,17230,855,1120,0,453,2789,41,2748,8078
ACSSF,2010e1,al,000,0016,0000014,,,,,,,,,,,,,,,,,,,,,,,,,,,,,,,,,,,,,,,,,,,,,,,,,,,,,118510,114529,3981,,,,,,,,,,,118510,114529,87259,24844,345,706,41,0,1334,0,1334,3981
ACSSF,2010e1,al,000,0016,0000015,,,,,,,,,,,,,,,,,,,,,,,,,,,,,,,,,,,,,,,,,,,,,,,,,,,,,80459,76962,3497,,,,,,,,,,,80459,76962,74648,987,331,75,0,0,921,0,921,3497
ACSSF,2010e1,al,000,0016,0000016,,,,,,,,,,,,,,,,,,,,,,,,,,,,,,,,,,,,,,,,,,,,,,,,,,,,,71151,61529,9622,,,,,,,,,,,71151,61529,58059,986,793,0,22,0,1669,0,1669,9622
ACSSF,2010e1,al,000,0016,0000017,,,,,,,,,,,,,,,,,,,,,,,,,,,,,,,,,,,,,,,,,,,,,,,,,,,,,79549,77390,2159,,,,,,,,,,,79549,77390,59637,15342,298,565,0,0,1548,102,1446,2159
ACSSF,2010e1,al,000,0016,0000018,,,,,,,,,,,,,,,,,,,,,,,,,,,,,,,,,,,,,,,,,,,,,,,,,,,,,104462,101049,3413,,,,,,,,,,,104462,101049,82758,16553,611,336,0,83,708,0,708,3413
ACSSF,2010e1,al,000,0016,0000019,,,,,,,,,,,,,,,,,,,,,,,,,,,,,,,,,,,,,,,,,,,,,,,,,,,,,101888,98850,3038,101888,98850,3038,1976,241,26,0,70,352,373,101888,98850,69959,25706,345,935,0,13,1892,0,1892,3038
ACSSF,2010e1,al,000,0016,0000020,,,,,,,,,,,,,,,,,,,,,,,,,,,,,,,,658555,632920,340003,278138,1407,9032,0,89,4251,228,4023,25635,13298,358,0,355,0,11020,604,165,439,658555,632920,25635,,,,,,,,,,,658555,632920,340003,278138,1407,9032,0,89,4251,228,4023,25635
ACSSF,2010e1,al,000,0016,0000021,,,,,,,,,,,,,,,,,,,,,,,,,,,,,,,,,,,,,,,,,,,,,,,,,,,,,92679,90581,2098,,,,,,,,,,,92679,90581,79194,8760,837,733,0,0,1057,11,1046,2098
ACSSF,2010e1,al,000,0016,0000022,,,,,,,,,,,,,,,,,,,,,,,,,,,,,,,,,,,,,,,,,,,,,,,,,,,,,140780,136137,4643,140780,136137,4643,2450,644,9,0,896,422,222,140780,136137,98295,32688,102,3657,81,54,1260,0,1260,4643
ACSSF,2010e1,al,000,0016,0000023,,,,,,,,,,,,,,,,,,,,,,,,,,,,,,,,,,,,,,,,,,,,,,,,,,,,,83193,78549,4644,,,,,,,,,,,83193,78549,65457,10935,614,956,0,0,587,0,587,4644
ACSSF,2010e1,al,000,0016,0000024,,,,,,,,,,,,,,,,,,,,,,,,,,,,,,,,335988,320445,222125,79456,2894,8147,230,263,7330,142,7188,15543,11649,751,46,0,0,2682,415,415,0,335988,320445,15543,335988,320445,15543,9287,2153,119,89,2155,1067,673,335988,320445,222125,79456,2894,8147,230,263,7330,142,7188,15543
ACSSF,2010e1,al,000,0016,0000025,,,,,,,,,,,,,,,,,,,,,,,,,,,,,,,,,,,,,,,,,,,,,,,,,,,,,93235,81947,11288,,,,,,,,,,,93235,81947,78258,1391,805,567,0,0,926,0,926,11288
ACSSF,2010e1,al,000,0016,0000026,,,,,,,,,,,,,,,,,,,,,,,,,,,,,,,,413277,403231,244066,143646,3277,7745,0,55,4442,0,4442,10046,6890,173,756,0,53,1898,276,276,0,413277,403231,10046,413277,403231,10046,4801,1361,528,0,1400,1212,744,413277,403231,244066,143646,3277,7745,0,55,4442,0,4442,10046
ACSSF,2010e1,al,000,0016,0000027,,,,,,,,,,,,,,,,,,,,,,,,,,,,,,,,,,,,,,,,,,,,,,,,,,,,,229844,221487,8357,229844,221487,8357,4933,1036,133,89,1664,89,413,229844,221487,88098,124456,571,4836,90,0,3436,161,3275,8357
ACSSF,2010e1,al,000,0016,0000028,,,,,,,,,,,,,,,,,,,,,,,,,,,,,,,,,,,,,,,,,,,,,,,,,,,,,119626,110442,9184,,,,,,,,,,,119626,110442,92707,13794,371,788,0,0,2782,74,2708,9184
ACSSF,2010e1,al,000,0016,0000029,,,,,,,,,,,,,,,,,,,,,,,,,,,,,,,,,,,,,,,,,,,,,,,,,,,,,83761,81715,2046,,,,,,,,,,,83761,81715,72047,8731,146,370,0,18,403,0,403,2046
ACSSF,2010e1,al,000,0016,0000030,,,,,,,,,,,,,,,,,,,,,,,,,,,,,,,,,,,,,,,,,,,,,,,,,,,,,195828,184146,11682,,,,,,,,,,,195828,184146,156927,20884,441,3614,0,0,2280,115,2165,11682
ACSSF,2010e1,al,000,0016,0000031,,,,,,,,,,,,,,,,,,,,,,,,,,,,,,,,,,,,,,,,,,,,,,,,,,,,,82110,80409,1701,,,,,,,,,,,,,,,,,,,,,,
ACSSF,2010e1,al,000,0016,0000032,,,,,,,,,,,,,,,,,,,,,,,,,,,,,,,,,,,,,,,,,,,,,,,,,,,,,195036,189024,6012,195036,189024,6012,3686,552,0,0,286,1058,430,195036,189024,126355,57878,47,1813,0,611,2320,0,2320,6012
ACSSF,2010e1,al,000,0016,0000033,,,,,,,,,,,,,,,,,,,,,,,,,,,,,,,,,,,,,,,,,,,,,,,,,,,,,66947,64914,2033,,,,,,,,,,,,,,,,,,,,,,
ACSSF,2010e1,al,000,0016,0000034,,,,,,,,,,,,,,,,,,,,,,,,,,,,,,,,,,,,,,,,,,,,,,,,,,,,,211670,204155,7515,,,,,,,,,,,211670,204155,42933,157996,593,1528,0,89,1016,161,855,7515
ACSSF,2010e1,al,000,0016,0000035,,,,,,,,,,,,,,,,,,,,,,,,,,,,,,,,,,,,,,,,,,,,,,,,,,,,,66121,64104,2017,,,,,,,,,,,66121,64104,41083,21042,186,872,0,13,908,0,908,2017
ACSSF,2010e1,al,000,0016,0000036,,,,,,,,,,,,,,,,,,,,,,,,,,,,,,,,,,,,,,,,,,,,,,,,,,,,,80376,72254,8122,,,,,,,,,,,,,,,,,,,,,,
ACSSF,2010e1,al,000,0016,0000037,,,,,,,,,,,,,,,,,,,,,,,,,,,,,,,,181126,170562,106261,53110,434,5734,161,68,4794,61,4733,10564,8535,350,0,0,0,1316,363,363,0,181126,170562,10564,181126,170562,10564,6641,785,119,89,2018,720,192,181126,170562,106261,53110,434,5734,161,68,4794,61,4733,10564
ACSSF,2010e1,al,000,0016,0000038,,,,,,,,,,,,,,,,,,,,,,,,,,,,,,,,,,,,,,,,,,,,,,,,,,,,,195249,190257,4992,195249,190257,4992,1934,727,411,0,498,954,468,195249,190257,86163,98677,474,2621,0,55,2267,0,2267,4992
ACSSF,2010e1,al,000,0016,0000039,,,,,,,,,,,,,,,,,,,,,,,,,,,,,,,,,,,,,,,,,,,,,,,,,,,,,206655,198566,8089,206655,198566,8089,4826,1036,133,0,1664,89,341,206655,198566,75011,115266,571,4368,90,0,3260,161,3099,8089
ACSSF,2010e1,al,000,0016,0000040,,,,,,,,,,,,,,,,,,,,,,,,,,,,,,,,,,,,,,,,,,,,,,,,,,,,,90637,86642,3995,,,,,,,,,,,90637,86642,45666,38753,0,861,0,339,1023,0,1023,3995
ACSSF,2010e1,al,000,0016,0000041,,,,,,,,,,,,,,,,,,,,,,,,,,,,,,,,,,,,,,,,,,,,,,,,,,,,,211670,204155,7515,,,,,,,,,,,211670,204155,42933,157996,593,1528,0,89,1016,161,855,7515
ACSSF,2010e1,al,000,0016,0000042,,,,,,,,,,,,,,,,,,,,,,,,,,,,,,,,,,,,,,,,,,,,,,,,,,,,,80376,72254,8122,,,,,,,,,,,,,,,,,,,,,,
ACSSF,2010e1,al,000,0016,0000043,,,,,,,,,,,,,,,,,,,,,,,,,,,,,,,,,,,,,,,,,,,,,,,,,,,,,64816,62799,2017,,,,,,,,,,,64816,62799,39778,21042,186,872,0,13,908,0,908,2017
ACSSF,2010e1,al,000,0016,0000044,,,,,,,,,,,,,,,,,,,,,,,,,,,,,,,,181126,170562,106261,53110,434,5734,161,68,4794,61,4733,10564,8535,350,0,0,0,1316,363,363,0,181126,170562,10564,181126,170562,10564,6641,785,119,89,2018,720,192,181126,170562,106261,53110,434,5734,161,68,4794,61,4733,10564
ACSSF,2010e1,al,000,0016,0000045,,,,,,,,,,,,,,,,,,,,,,,,,,,,,,,,,,,,,,,,,,,,,,,,,,,,,195249,190257,4992,195249,190257,4992,1934,727,411,0,498,954,468,195249,190257,86163,98677,474,2621,0,55,2267,0,2267,4992
ACSSF,2010e1,al,000,0016,0000046,,,,,,,,,,,,,,,,,,,,,,,,,,,,,,,,,,,,,,,,,,,,,,,,,,,,,206655,198566,8089,206655,198566,8089,4826,1036,133,0,1664,89,341,206655,198566,75011,115266,571,4368,90,0,3260,161,3099,8089
ACSSF,2010e1,al,000,0016,0000047,,,,,,,,,,,,,,,,,,,,,,,,,,,,,,,,,,,,,,,,,,,,,,,,,,,,,90637,86642,3995,,,,,,,,,,,90637,86642,45666,38753,0,861,0,339,1023,0,1023,3995
ACSSF,2010e1,al,000,0016,0000048,,,,,,,,,,,,,,,,,,,,,,,,,,,,,,,,689835,670441,451073,194196,7244,9816,0,508,7604,41,7563,19394,13696,460,756,0,53,4043,386,386,0,689835,670441,19394,689835,670441,19394,11571,1446,831,52,2126,2188,1180,689835,670441,451073,194196,7244,9816,0,508,7604,41,7563,19394
ACSSF,2010e1,al,000,0016,0000049,,,,,,,,,,,,,,,,,,,,,,,,,,,,,,,,666779,648192,421480,205085,2713,5753,179,85,12897,399,12498,18587,10186,1151,0,121,0,5753,1376,992,384,666779,648192,18587,666779,648192,18587,9306,3785,332,61,3136,599,1368,666779,648192,421480,205085,2713,5753,179,85,12897,399,12498,18587
ACSSF,2010e1,al,000,0016,0000050,,,,,,,,,,,,,,,,,,,,,,,,,,,,,,,,690081,669055,433848,219206,1006,8472,122,54,6347,0,6347,21026,11632,1938,181,0,0,7064,211,143,68,690081,669055,21026,690081,669055,21026,14709,3096,74,89,1494,672,892,690081,669055,433848,219206,1006,8472,122,54,6347,0,6347,21026
ACSSF,2010e1,al,000,0016,0000051,,,,,,,,,,,,,,,,,,,,,,,,,,,,,,,,659152,617646,569890,33281,2899,2385,22,197,8972,40,8932,41506,30920,936,1453,0,0,6923,1274,661,613,659152,617646,41506,659152,617646,41506,31141,1330,308,0,7544,255,928,659152,617646,569890,33281,2899,2385,22,197,8972,40,8932,41506
ACSSF,2010e1,al,000,0016,0000052,,,,,,,,,,,,,,,,,,,,,,,,,,,,,,,,719906,686608,527982,125911,7886,10577,230,533,13489,227,13262,33298,24272,1016,1039,0,0,6172,799,626,173,719906,686608,33298,719906,686608,33298,22516,2405,255,185,5371,1684,882,719906,686608,527982,125911,7886,10577,230,533,13489,227,13262,33298
ACSSF,2010e1,al,000,0016,0000053,,,,,,,,,,,,,,,,,,,,,,,,,,,,,,,,747579,714442,603691,88993,1586,12420,0,18,7734,167,7567,33137,16351,308,48,355,0,15147,928,424,504,747579,714442,33137,747579,714442,33137,24479,880,384,213,3097,2824,1260,747579,714442,603691,88993,1586,12420,0,18,7734,167,7567,33137
ACSSF,2010e1,al,000,0016,0000054,,,,,,,,,,,,,,,,,,,,,,,,,,,,,,,,611966,596119,198521,389894,957,2890,0,700,3157,176,2981,15847,10734,605,0,0,0,4496,12,0,12,611966,596119,15847,611966,596119,15847,13435,713,16,0,665,334,684,611966,596119,198521,389894,957,2890,0,700,3157,176,2981,15847
ACSSF,2010e1,al,000,0016,0000055,,,,,,,,,,,,,,,,,,,,,,,,,,,,,,,,,,,,,,,,,,,,,,,,,,,,,147112,144760,2352,,,,,,,,,,,147112,144760,122539,18983,1240,733,0,0,1265,11,1254,2352
ACSSF,2010e1,al,000,0016,0000056,,,,,,,,,,,,,,,,,,,,,,,,,,,,,,,,175602,165418,102587,51851,399,5703,161,68,4649,61,4588,10184,8261,350,0,0,0,1316,257,257,0,175602,165418,10184,175602,165418,10184,6641,785,0,89,1912,565,192,175602,165418,102587,51851,399,5703,161,68,4649,61,4588,10184
ACSSF,2010e1,al,000,0016,0000057,,,,,,,,,,,,,,,,,,,,,,,,,,,,,,,,243579,233576,184995,38540,3109,3400,69,195,3268,81,3187,10003,5749,401,46,0,0,3541,266,218,48,243579,233576,10003,243579,233576,10003,7053,1409,119,0,243,502,677,243579,233576,184995,38540,3109,3400,69,195,3268,81,3187,10003
ACSSF,2010e1,al,000,0016,0000058,,,,,,,,,,,,,,,,,,,,,,,,,,,,,,,,,,,,,,,,,,,,,,,,,,,,,124279,113342,10937,,,,,,,,,,,124279,113342,105925,2954,2175,211,22,0,2055,0,2055,10937
ACSSF,2010e1,al,000,0016,0000059,,,,,,,,,,,,,,,,,,,,,,,,,,,,,,,,,,,,,,,,,,,,,,,,,,,,,196365,181362,15003,,,,,,,,,,,196365,181362,174944,2378,1176,642,0,0,2222,0,2222,15003
ACSSF,2010e1,al,000,0016,0000060,,,,,,,,,,,,,,,,,,,,,,,,,,,,,,,,,,,,,,,,,,,,,,,,,,,,,153968,144137,9831,,,,,,,,,,,153968,144137,118864,16826,1925,934,0,270,5318,74,5244,9831
ACSSF,2010e1,al,000,0016,0000061,,,,,,,,,,,,,,,,,,,,,,,,,,,,,,,,,,,,,,,,,,,,,,,,,,,,,128453,122737,5716,,,,,,,,,,,,,,,,,,,,,,
ACSSF,2010e1,al,000,0016,0000062,,,,,,,,,,,,,,,,,,,,,,,,,,,,,,,,,,,,,,,,,,,,,,,,,,,,,208046,199318,8728,,,,,,,,,,,208046,199318,183499,12585,296,612,0,81,2245,40,2205,8728
ACSSF,2010e1,al,000,0016,0000063,,,,,,,,,,,,,,,,,,,,,,,,,,,,,,,,,,,,,,,,,,,,,,,,,,,,,89898,86371,3527,,,,,,,,,,,89898,86371,30171,53701,435,1349,0,89,626,52,574,3527
ACSSF,2010e1,al,000,0016,0000064,,,,,,,,,,,,,,,,,,,,,,,,,,,,,,,,,,,,,,,,,,,,,,,,,,,,,111440,107540,3900,,,,,,,,,,,,,,,,,,,,,,
ACSSF,2010e1,al,000,0016,0000065,,,,,,,,,,,,,,,,,,,,,,,,,,,,,,,,,,,,,,,,,,,,,,,,,,,,,168030,153703,14327,,,,,,,,,,,168030,153703,127947,17292,276,6510,0,0,1678,67,1611,14327
ACSSF,2010e1,al,000,0016,0000066,,,,,,,,,,,,,,,,,,,,,,,,,,,,,,,,,,,,,,,,,,,,,,,,,,,,,182142,179755,2387,,,,,,,,,,,182142,179755,119341,58014,327,576,0,0,1497,0,1497,2387
ACSSF,2010e1,al,000,0016,0000067,,,,,,,,,,,,,,,,,,,,,,,,,,,,,,,,,,,,,,,,,,,,,,,,,,,,,107045,105551,1494,,,,,,,,,,,107045,105551,55957,48450,369,597,0,0,178,0,178,1494
ACSSF,2010e1,al,000,0016,0000068,,,,,,,,,,,,,,,,,,,,,,,,,,,,,,,,,,,,,,,,,,,,,,,,,,,,,104462,101049,3413,,,,,,,,,,,104462,101049,82758,16553,611,336,0,83,708,0,708,3413
ACSSF,2010e1,al,000,0016,0000069,,,,,,,,,,,,,,,,,,,,,,,,,,,,,,,,,,,,,,,,,,,,,,,,,,,,,159924,157881,2043,,,,,,,,,,,159924,157881,122456,33962,344,103,0,0,1016,0,1016,2043
ACSSF,2010e1,al,000,0016,0000070,,,,,,,,,,,,,,,,,,,,,,,,,,,,,,,,,,,,,,,,,,,,,,,,,,,,,118510,114529,3981,,,,,,,,,,,118510,114529,87259,24844,345,706,41,0,1334,0,1334,3981
ACSSF,2010e1,al,000,0016,0000071,,,,,,,,,,,,,,,,,,,,,,,,,,,,,,,,,,,,,,,,,,,,,,,,,,,,,195828,184146,11682,,,,,,,,,,,195828,184146,156927,20884,441,3614,0,0,2280,115,2165,11682
ACSSF,2010e1,al,000,0016,0000072,,,,,,,,,,,,,,,,,,,,,,,,,,,,,,,,,,,,,,,,,,,,,,,,,,,,,195036,189024,6012,195036,189024,6012,3686,552,0,0,286,1058,430,195036,189024,126355,57878,47,1813,0,611,2320,0,2320,6012
ACSSF,2010e1,al,000,0016,0000073,,,,,,,,,,,,,,,,,,,,,,,,,,,,,,,,,,,,,,,,,,,,,,,,,,,,,123829,123459,370,,,,,,,,,,,,,,,,,,,,,,
ACSSF,2010e1,al,000,0016,0000074,,,,,,,,,,,,,,,,,,,,,,,,,,,,,,,,,,,,,,,,,,,,,,,,,,,,,130889,125071,5818,,,,,,,,,,,130889,125071,87384,34758,363,551,0,0,2015,0,2015,5818
ACSSF,2010e1,al,000,0016,0000075,,,,,,,,,,,,,,,,,,,,,,,,,,,,,,,,,,,,,,,,,,,,,,,,,,,,,140780,136137,4643,140780,136137,4643,2450,644,9,0,896,422,222,140780,136137,98295,32688,102,3657,81,54,1260,0,1260,4643
ACSSF,2010e1,al,000,0016,0000076,,,,,,,,,,,,,,,,,,,,,,,,,,,,,,,,197788,192541,96620,89846,377,2313,89,0,3296,123,3173,5247,2106,1026,0,0,0,1477,638,638,0,197788,192541,5247,,,,,,,,,,,197788,192541,96620,89846,377,2313,89,0,3296,123,3173,5247
ACSSF,2010e1,al,000,0016,0000077,,,,,,,,,,,,,,,,,,,,,,,,,,,,,,,,,,,,,,,,,,,,,,,,,,,,,205486,197397,8089,205486,197397,8089,4826,1036,133,0,1664,89,341,205486,197397,74274,114834,571,4368,90,0,3260,161,3099,8089
ACSSF,2010e1,al,000,0016,0000078,,,,,,,,,,,,,,,,,,,,,,,,,,,,,,,,158539,154769,115658,34947,534,1085,0,0,2545,115,2430,3770,2267,490,0,0,0,1013,0,0,0,158539,154769,3770,,,,,,,,,,,158539,154769,115658,34947,534,1085,0,0,2545,115,2430,3770
ACSSF,2010e1,al,000,0016,0000079,,,,,,,,,,,,,,,,,,,,,,,,,,,,,,,,,,,,,,,,,,,,,,,,,,,,,154542,152637,1905,,,,,,,,,,,154542,152637,81659,65699,3692,1000,0,0,587,0,587,1905
ACSSF,2010e1,al,000,0016,0000080,,,,,,,,,,,,,,,,,,,,,,,,,,,,,,,,,,,,,,,,,,,,,,,,,,,,,189020,184028,4992,189020,184028,4992,1934,727,411,0,498,954,468,189020,184028,84879,93732,474,2621,0,55,2267,0,2267,4992
ACSSF,2010e1,al,000,0016,0000081,,,,,,,,,,,,,,,,,,,,,,,,,,,,,,,,,,,,,,,,,,,,,,,,,,,,,224257,219203,5054,,,,,,,,,,,224257,219203,159187,49914,2803,5124,0,0,2175,0,2175,5054
ACSSF,2010e1,al,000,0016,0000082,,,,,,,,,,,,,,,,,,,,,,,,,,,,,,,,,,,,,,,,,,,,,,,,,,,,,183195,175117,8078,,,,,,,,,,,183195,175117,152670,17230,855,1120,0,453,2789,41,2748,8078
ACSSF,2010e1,al,000,0016,0000083,,,,,,,,,,,,,,,,,,,,,,,,,,,,,,,,,,,,,,,,,,,,,,,,,,,,,115008,111599,3409,,,,,,,,,,,115008,111599,92225,16371,356,676,0,0,1971,0,1971,3409
ACSSF,2010e1,al,000,0016,0000084,,,,,,,,,,,,,,,,,,,,,,,,,,,,,,,,,,,,,,,,,,,,,,,,,,,,,152246,146346,5900,152246,146346,5900,3235,1396,26,0,237,352,654,152246,146346,105769,35317,372,1198,0,85,3605,0,3605,5900
ACSSF,2010e1,al,000,0016,0000085,,,,,,,,,,,,,,,,,,,,,,,,,,,,,,,,,,,,,,,,,,,,,,,,,,,,,78757,70635,8122,,,,,,,,,,,,,,,,,,,,,,
ACSSF,2010e1,al,000,0016,0000086,,,,,,,,,,,,,,,,,,,,,,,,,,,,,,,,,,,,,,,,,,,,,,,,,,,,,183195,175117,8078,,,,,,,,,,,183195,175117,152670,17230,855,1120,0,453,2789,41,2748,8078
ACSSF,2010e1,al,000,0016,0000087,,,,,,,,,,,,,,,,,,,,,,,,,,,,,,,,,,,,,,,,,,,,,,,,,,,,,211670,204155,7515,,,,,,,,,,,211670,204155,42933,157996,593,1528,0,89,1016,161,855,7515
ACSSF,2010e1,al,000,0016,0000088,,,,,,,,,,,,,,,,,,,,,,,,,,,,,,,,,,,,,,,,,,,,,,,,,,,,,62112,59667,2445,,,,,,,,,,,62112,59667,57529,897,331,75,0,0,835,0,835,2445
ACSSF,2010e1,al,000,0016,0000089,,,,,,,,,,,,,,,,,,,,,,,,,,,,,,,,,,,,,,,,,,,,,,,,,,,,,66121,64104,2017,,,,,,,,,,,66121,64104,41083,21042,186,872,0,13,908,0,908,2017
ACSSF,2010e1,al,000,0016,0000090,,,,,,,,,,,,,,,,,,,,,,,,,,,,,,,,,,,,,,,,,,,,,,,,,,,,,73471,71613,1858,,,,,,,,,,,73471,71613,54965,14509,232,565,0,0,1342,102,1240,1858
ACSSF,2010e1,al,000,0016,0000091,,,,,,,,,,,,,,,,,,,,,,,,,,,,,,,,172690,162108,102272,50319,399,4686,101,68,4263,61,4202,10582,8553,350,0,0,0,1316,363,363,0,172690,162108,10582,172690,162108,10582,6763,785,0,89,2018,720,207,172690,162108,102272,50319,399,4686,101,68,4263,61,4202,10582
ACSSF,2010e1,al,000,0016,0000092,,,,,,,,,,,,,,,,,,,,,,,,,,,,,,,,,,,,,,,,,,,,,,,,,,,,,230514,224356,6158,,,,,,,,,,,230514,224356,160201,61058,486,984,0,0,1627,0,1627,6158
ACSSF,2010e1,al,000,0016,0000093,,,,,,,,,,,,,,,,,,,,,,,,,,,,,,,,,,,,,,,,,,,,,,,,,,,,,123666,119661,4005,123666,119661,4005,1819,1178,119,0,137,286,466,123666,119661,89145,22713,2364,2459,129,136,2715,0,2715,4005
ACSSF,2010e1,al,000,0016,0000094,,,,,,,,,,,,,,,,,,,,,,,,,,,,,,,,399787,391033,233809,142266,3056,7745,0,55,4102,0,4102,8754,5636,173,756,0,53,1860,276,276,0,399787,391033,8754,399787,391033,8754,3547,1361,490,0,1400,1212,744,399787,391033,233809,142266,3056,7745,0,55,4102,0,4102,8754
ACSSF,2010e1,al,000,0016,0000095,,,,,,,,,,,,,,,,,,,,,,,,,,,,,,,,,,,,,,,,,,,,,,,,,,,,,227605,219487,8118,227605,219487,8118,4846,884,133,89,1664,89,413,227605,219487,86849,123880,571,4732,90,0,3365,161,3204,8118
ACSSF,2010e1,al,000,0016,0000096,,,,,,,,,,,,,,,,,,,,,,,,,,,,,,,,,,,,,,,,,,,,,,,,,,,,,173156,161757,11399,,,,,,,,,,,173156,161757,137236,18894,441,2954,0,0,2232,115,2117,11399
ACSSF,2010e1,al,000,0016,0000097,,,,,,,,,,,,,,,,,,,,,,,,,,,,,,,,,,,,,,,,,,,,,,,,,,,,,91209,87512,3697,,,,,,,,,,,91209,87512,44448,40841,0,861,0,339,1023,0,1023,3697
ACSSF,2010e1,al,000,0016,0000098,,,,,,,,,,,,,,,,,,,,,,,,,,,,,,,,,,,,,,,,,,,,,,,,,,,,,103827,101512,2315,,,,,,,,,,,103827,101512,81907,17037,47,952,0,272,1297,0,1297,2315
