ACSSF,2010e1,al,000,0022,0000001,4785298,160,232,73,660698,9057,342,113,328,5206,206,943,322,1165,479,400,63,370,4130,75,924,951,14951,421,1633,3551,69,367,1377,0,3720,2078,3377,49685,932,418961,64,39744,1208,91804,8038,338979,0,9601,63,4936,306,1551,467002,609,81993,212,1788,638,60,136,58,1405,14013,181,32003,3913,1740,8843,3704,75353,97784,599,1206,1713,443,0,35881,0,679,0,800,0,1801,0,90,58,209,1072,206,194,30336,549,16228,4910,2424,2723,17082,8609,563,228,40,176,152,528,486,4457,428,366,1393,33,781,1970790,920323,4785298,3864975,3132615,732360,920323,74003,846320,4785298,660698,9057,14951,3720,3377,49685,418961,39744,91804,8038,338979,9601,4936,467002,81993,1788,14013,32003,3913,8843,75353,97784,1713,35881,16228,4910,2723,17082,8609,2002144,920323,4785298,3864975,3132615,732360,920323
ACSSF,2010e1,al,000,0022,0000002,2507522,160,177,73,271641,5806,89,113,90,3503,206,943,16,550,296,240,63,203,2187,75,459,724,8577,109,1089,1901,0,367,648,0,2327,1325,1816,23753,439,220519,64,24006,768,54608,4148,172279,0,6190,47,3393,75,1083,219510,609,45944,130,1293,534,60,136,58,981,8801,0,16910,1290,591,5334,2877,42505,52005,502,450,1167,380,0,23677,0,679,0,800,0,708,0,90,58,167,1072,0,194,19473,549,9829,2018,1925,1481,10162,7089,166,228,40,176,152,259,433,3879,133,366,1271,33,397,1178073,399747,2507522,2107775,1729073,378702,399747,30595,369152,2507522,271641,5806,8577,2327,1816,23753,220519,24006,54608,4148,172279,6190,3393,219510,45944,1293,8801,16910,1290,5334,42505,52005,1167,23677,9829,2018,1481,10162,7089,1198184,399747,2507522,2107775,1729073,378702,399747
ACSSF,2010e1,al,000,0022,0000003,,,,,,,,,,,,,,,,,,,,,,,,,,,,,,,,,,,,,,,,,,,,,,,,,,,,,,,,,,,,,,,,,,,,,,,,,,,,,,,,,,,,,,,,,,,,,,,,,,,,,,,,,,,,,,2277776,1757200,1403542,353658,520576,43408,477168,2277776,389057,3251,6374,1393,1561,25932,198442,15738,37196,3890,166700,3411,1543,247492,36049,495,5212,15093,2623,3509,32848,45779,546,12204,6399,2892,1242,6920,1520,803960,520576,2277776,1757200,1403542,353658,520576
ACSSF,2010e1,al,000,0022,0000004,4300537,160,232,73,580387,8917,342,113,328,5206,206,943,322,1025,479,400,63,370,4015,75,856,951,13063,421,1528,3296,0,367,1377,0,3720,2078,3168,44150,932,385932,64,38767,1208,87872,7760,316514,0,9208,63,4470,306,1551,421494,530,78083,212,1788,638,60,136,15,1405,13644,181,30362,3838,1740,8332,3429,70493,91253,599,539,1713,434,0,33315,0,679,0,800,0,1801,0,90,58,209,1072,206,194,27770,549,15366,4910,2250,2703,15811,8412,563,228,40,176,152,528,392,4354,428,366,1393,33,781,1754951,821537,4300537,3479000,2800669,678331,821537,66905,754632,4300537,580387,8917,13063,3720,3168,44150,385932,38767,87872,7760,316514,9208,4470,421494,78083,1788,13644,30362,3838,8332,70493,91253,1713,33315,15366,4910,2703,15811,8412,1784789,821537,4300537,3479000,2800669,678331,821537
ACSSF,2010e1,al,000,0022,0000005,3421459,160,177,73,440057,8083,89,113,328,4990,206,943,322,660,479,334,63,327,3122,75,702,525,10441,226,1456,2726,0,367,1121,0,2112,1754,2497,35831,902,309754,0,31040,1208,70040,6425,243445,0,8173,63,3749,164,1477,319689,489,63943,154,1169,582,60,136,15,1249,10018,105,23696,2879,1225,7233,2285,54790,74875,492,539,1379,434,0,22891,0,679,0,800,0,1761,0,90,58,209,1072,206,194,17386,549,12279,3927,1251,2373,13641,7648,409,228,0,136,152,386,392,3999,428,366,1393,0,489,1456031,621497,3421459,2799962,2271891,528071,621497,39419,582078,3421459,440057,8083,10441,2112,2497,35831,309754,31040,70040,6425,243445,8173,3749,319689,63943,1169,10018,23696,2879,7233,54790,74875,1379,22891,12279,3927,2373,13641,7648,1479287,621497,3421459,2799962,2271891,528071,621497
ACSSF,2010e1,al,000,0022,0000006,,,,,,,,,,,,,,,,,,,,,,,,,,,,,,,,,,,,,,,,,,,,,,,,,,,,,,,,,,,,,,,,,,,,,,,,,,,,,,,,,,,,,,,,,,,,,,,,,,,,,,,,,,,,,,1297427,1121026,943472,177554,176401,9510,166891,1297427,110818,4456,4862,1095,844,9660,103870,10969,27104,1307,78780,3579,2038,93505,22475,686,4081,7670,844,2183,20455,25913,887,14243,5719,719,1191,5079,4841,705284,176401,1297427,1121026,943472,177554,176401
ACSSF,2010e1,al,000,0022,0000007,,,,,,,,,,,,,,,,,,,,,,,,,,,,,,,,,,,,,,,,,,,,,,,,,,,,,,,,,,,,,,,,,,,,,,,,,,,,,,,,,,,,,,,,,,,,,,,,,,,,,,,,,,,,,,2124032,1678936,1328419,350517,445096,29909,415187,2124032,329239,3627,5579,1017,1653,26171,205884,20071,42936,5118,164665,4594,1711,226184,41468,483,5937,16026,2035,5050,34335,48962,492,8648,6560,3208,1182,8562,2807,774003,445096,2124032,1678936,1328419,350517,445096
ACSSF,2010e1,al,000,0022,0000008,,,,,,,,,,,,,,,,,,,,,,,,,,,,,,,,,,,,,,,,,,,,,,,,,,,,,,,,,,,,,,,,,,,,,,,,,,,,,,,,,,,,,,,,,,,,,,,,,,,,,,,,,,,,,,879078,679038,528778,150260,200040,27486,172554,879078,140330,834,2622,1608,671,8319,76178,7727,17832,1335,73069,1035,721,101805,14140,619,3626,6666,959,1099,15703,16378,334,10424,3087,983,330,2170,764,305502,200040,879078,679038,528778,150260,200040
ACSSF,2010e1,al,000,0022,0000009,,,,,,,,,,,,,,,,,,,,,,,,,,,,,,,,,,,,,,,,,,,,,,,,,,,,,,,,,,,,,,,,,,,,,,,,,,,,,,,,,,,,,,,,,,,,,,,,,,,,,,,,,,,,,,288513,227527,179004,48523,60986,9845,51141,288513,43625,343,810,411,143,2696,23006,3685,6190,631,26081,730,452,31430,4777,347,688,1972,402,172,4218,5165,185,4721,1216,721,233,618,467,105100,60986,288513,227527,179004,48523,60986
ACSSF,2010e1,al,000,0022,0000010,,,,,,,,,,,,,,,,,,,,,,,,,,,,,,,,,,,,,,,,,,,,,,,,,,,,,,,,,,,,,,,,,,,,,,,,,,,,,,,,,,,,,,,,,,,,,,,,,,,,,,,,,,,,,,590565,451511,349774,101737,139054,17641,121413,590565,96705,491,1812,1197,528,5623,53172,4042,11642,704,46988,305,269,70375,9363,272,2938,4694,557,927,11485,11213,149,5703,1871,262,97,1552,297,200402,139054,590565,451511,349774,101737,139054
ACSSF,2010e1,al,000,0022,0000011,,,,,,,,,,,,,,,,,,,,,,,,,,,,,,,,,,,,,,,,,,,,,,,,,,,,,,,,,,,,,,,,,,,,,,,,,,,,,,,,,,,,,,,,,,,,,,,,,,,,,,,,,,,,,,484761,385975,331946,54029,98786,7098,91688,484761,80311,140,1888,0,209,5535,33029,977,3932,278,22465,393,466,45508,3910,0,369,1641,75,511,4860,6531,0,2566,862,0,20,1271,197,217355,98786,484761,385975,331946,54029,98786
ACSSF,2010e1,al,000,0022,0000012,,,,,,,,,,,,,,,,,,,,,,,,,,,,,,,,,,,,,,,,,,,,,,,,,,,,,,,,,,,,,,,,,,,,,,,,,,,,,,,,,,,,,,,,,,,,,,,,,,,,,,,,,,,,,,1363839,1065013,860724,204289,298826,34584,264242,1363839,220641,974,4510,1608,880,13854,109207,8704,21764,1613,95534,1428,1187,147313,18050,619,3995,8307,1034,1610,20563,22909,334,12990,3949,983,350,3441,961,522857,298826,1363839,1065013,860724,204289,298826
ACSSF,2010e1,al,000,0022,0000013,,,,,,,,,,,,,,,,,,,,,,,,,,,,,,,,,,,,,,,,,,,,,,,,,,,,,,,,,,,,,,,,,,,,,,,,,,,,,,,,,,,,,,,,,,,,,,,,,,,,,,,,,,,,,,183195,146476,105220,41256,36719,3628,33091,183195,31580,223,1158,984,487,3623,24903,2790,7805,342,19339,332,316,21350,6961,58,1517,1964,242,0,3843,5851,313,687,1620,610,80,469,33,47109,36719,183195,146476,105220,41256,36719
ACSSF,2010e1,al,000,0022,0000014,,,,,,,,,,,,,,,,,,,,,,,,,,,,,,,,,,,,,,,,,,,,,,,,,,,,,,,,,,,,,,,,,,,,,,,,,,,,,,,,,,,,,,,,,,,,,,,,,,,,,,,,,,,,,,118510,84510,66687,17823,34000,1142,32858,118510,16311,37,823,0,0,2377,9602,1039,1745,337,7757,135,678,10741,4785,0,293,496,0,23,1297,1633,0,715,754,47,320,63,109,38934,34000,118510,84510,66687,17823,34000
ACSSF,2010e1,al,000,0022,0000015,,,,,,,,,,,,,,,,,,,,,,,,,,,,,,,,,,,,,,,,,,,,,,,,,,,,,,,,,,,,,,,,,,,,,,,,,,,,,,,,,,,,,,,,,,,,,,,,,,,,,,,,,,,,,,80459,63080,41634,21446,17379,743,16636,,,,,,,,,,,,,,,,,,,,,,,,,,,,,,,,,80459,63080,41634,21446,17379
ACSSF,2010e1,al,000,0022,0000016,,,,,,,,,,,,,,,,,,,,,,,,,,,,,,,,,,,,,,,,,,,,,,,,,,,,,,,,,,,,,,,,,,,,,,,,,,,,,,,,,,,,,,,,,,,,,,,,,,,,,,,,,,,,,,71151,50092,36785,13307,21059,1141,19918,,,,,,,,,,,,,,,,,,,,,,,,,,,,,,,,,71151,50092,36785,13307,21059
ACSSF,2010e1,al,000,0022,0000017,,,,,,,,,,,,,,,,,,,,,,,,,,,,,,,,,,,,,,,,,,,,,,,,,,,,,,,,,,,,,,,,,,,,,,,,,,,,,,,,,,,,,,,,,,,,,,,,,,,,,,,,,,,,,,79549,67798,49874,17924,11751,1031,10720,,,,,,,,,,,,,,,,,,,,,,,,,,,,,,,,,79549,67798,49874,17924,11751
ACSSF,2010e1,al,000,0022,0000018,,,,,,,,,,,,,,,,,,,,,,,,,,,,,,,,,,,,,,,,,,,,,,,,,,,,,,,,,,,,,,,,,,,,,,,,,,,,,,,,,,,,,,,,,,,,,,,,,,,,,,,,,,,,,,104462,77236,62184,15052,27226,561,26665,104462,15250,0,225,15,114,1831,14525,425,623,0,7530,83,75,11825,752,37,313,211,57,55,1688,2934,0,212,567,289,0,505,0,31403,27226,104462,77236,62184,15052,27226
ACSSF,2010e1,al,000,0022,0000019,,,,,,,,,,,,,,,,,,,,,,,,,,,,,,,,,,,,,,,,,,,,,,,,,,,,,,,,,,,,,,,,,,,,,,,,,,,,,,,,,,,,,,,,,,,,,,,,,,,,,,,,,,,,,,101888,89764,72675,17089,12124,1520,10604,101888,15870,163,292,66,44,938,7022,717,1694,71,7813,129,122,11519,1866,0,191,419,15,152,1658,1476,0,209,256,94,0,166,232,50427,12124,101888,89764,72675,17089,12124
ACSSF,2010e1,al,000,0022,0000020,,,,,,,,,,,,,,,,,,,,,,,,,,,,,,,,,,,,,,,,,,,,,,,,,,,,,,,,,,,,,,,,,,,,,,,,,,,,,,,,,,,,,,,,,,,,,,,,,,,,,,,,,,,,,,658555,551400,467629,83771,107155,7396,99759,658555,49560,1961,2364,524,451,4530,58497,4742,11371,693,40560,1564,680,50451,12332,175,1235,3602,0,1453,12533,16048,348,6492,1816,770,655,3663,1162,337087,107155,658555,551400,467629,83771,107155
ACSSF,2010e1,al,000,0022,0000021,,,,,,,,,,,,,,,,,,,,,,,,,,,,,,,,,,,,,,,,,,,,,,,,,,,,,,,,,,,,,,,,,,,,,,,,,,,,,,,,,,,,,,,,,,,,,,,,,,,,,,,,,,,,,,92679,74008,64109,9899,18671,900,17771,,,,,,,,,,,,,,,,,,,,,,,,,,,,,,,,,92679,74008,64109,9899,18671
ACSSF,2010e1,al,000,0022,0000022,,,,,,,,,,,,,,,,,,,,,,,,,,,,,,,,,,,,,,,,,,,,,,,,,,,,,,,,,,,,,,,,,,,,,,,,,,,,,,,,,,,,,,,,,,,,,,,,,,,,,,,,,,,,,,140780,116426,88877,27549,24354,1348,23006,140780,12271,189,732,65,13,998,20604,1402,3213,306,11745,577,84,16883,1809,38,724,2140,84,560,2096,5229,14,1704,475,56,97,647,14,57820,24354,140780,116426,88877,27549,24354
ACSSF,2010e1,al,000,0022,0000023,,,,,,,,,,,,,,,,,,,,,,,,,,,,,,,,,,,,,,,,,,,,,,,,,,,,,,,,,,,,,,,,,,,,,,,,,,,,,,,,,,,,,,,,,,,,,,,,,,,,,,,,,,,,,,83193,68937,54663,14274,14256,1238,13018,83193,19341,264,74,0,0,1118,6938,1294,1452,287,6181,270,0,9427,1906,0,181,1142,514,0,618,1411,60,175,834,58,44,335,0,27956,14256,83193,68937,54663,14274,14256
ACSSF,2010e1,al,000,0022,0000024,,,,,,,,,,,,,,,,,,,,,,,,,,,,,,,,,,,,,,,,,,,,,,,,,,,,,,,,,,,,,,,,,,,,,,,,,,,,,,,,,,,,,,,,,,,,,,,,,,,,,,,,,,,,,,335988,280421,214270,66151,55567,4024,51543,335988,41623,631,1741,561,691,3455,35775,6200,9377,526,32182,1130,659,28652,8590,295,1454,4171,782,738,6477,8382,335,4837,2031,141,368,1037,1935,134296,55567,335988,280421,214270,66151,55567
ACSSF,2010e1,al,000,0022,0000025,,,,,,,,,,,,,,,,,,,,,,,,,,,,,,,,,,,,,,,,,,,,,,,,,,,,,,,,,,,,,,,,,,,,,,,,,,,,,,,,,,,,,,,,,,,,,,,,,,,,,,,,,,,,,,93235,65504,48572,16932,27731,874,26857,,,,,,,,,,,,,,,,,,,,,,,,,,,,,,,,,93235,65504,48572,16932,27731
ACSSF,2010e1,al,000,0022,0000026,,,,,,,,,,,,,,,,,,,,,,,,,,,,,,,,,,,,,,,,,,,,,,,,,,,,,,,,,,,,,,,,,,,,,,,,,,,,,,,,,,,,,,,,,,,,,,,,,,,,,,,,,,,,,,413277,354071,283113,70958,59206,2533,56673,413277,42471,331,1186,304,175,3785,33643,3371,18189,916,32955,1841,297,40638,6646,134,2151,3521,121,581,7779,7747,59,2021,1791,103,56,1366,1187,201743,59206,413277,354071,283113,70958,59206
ACSSF,2010e1,al,000,0022,0000027,,,,,,,,,,,,,,,,,,,,,,,,,,,,,,,,,,,,,,,,,,,,,,,,,,,,,,,,,,,,,,,,,,,,,,,,,,,,,,,,,,,,,,,,,,,,,,,,,,,,,,,,,,,,,,229844,204991,185899,19092,24853,2001,22852,229844,27196,1677,657,0,0,1053,11566,1295,2499,52,7457,116,525,8164,1848,60,479,643,98,587,2788,3303,430,2155,515,65,166,905,880,142223,24853,229844,204991,185899,19092,24853
ACSSF,2010e1,al,000,0022,0000028,,,,,,,,,,,,,,,,,,,,,,,,,,,,,,,,,,,,,,,,,,,,,,,,,,,,,,,,,,,,,,,,,,,,,,,,,,,,,,,,,,,,,,,,,,,,,,,,,,,,,,,,,,,,,,119626,98587,77201,21386,21039,1200,19839,119626,17831,175,472,0,283,1997,12881,890,1372,568,9554,0,189,16562,2079,0,216,253,113,487,1595,2232,0,316,617,741,62,386,181,46224,21039,119626,98587,77201,21386,21039
ACSSF,2010e1,al,000,0022,0000029,,,,,,,,,,,,,,,,,,,,,,,,,,,,,,,,,,,,,,,,,,,,,,,,,,,,,,,,,,,,,,,,,,,,,,,,,,,,,,,,,,,,,,,,,,,,,,,,,,,,,,,,,,,,,,83761,69814,58450,11364,13947,1224,12723,,,,,,,,,,,,,,,,,,,,,,,,,,,,,,,,,83761,69814,58450,11364,13947
ACSSF,2010e1,al,000,0022,0000030,,,,,,,,,,,,,,,,,,,,,,,,,,,,,,,,,,,,,,,,,,,,,,,,,,,,,,,,,,,,,,,,,,,,,,,,,,,,,,,,,,,,,,,,,,,,,,,,,,,,,,,,,,,,,,195828,171128,124017,47111,24700,1873,22827,195828,22583,1317,646,114,136,2340,32431,2800,5699,386,22937,633,342,28417,7755,190,1396,3405,436,359,4316,6506,29,1313,1379,599,121,1470,540,65456,24700,195828,171128,124017,47111,24700
ACSSF,2010e1,al,000,0022,0000031,,,,,,,,,,,,,,,,,,,,,,,,,,,,,,,,,,,,,,,,,,,,,,,,,,,,,,,,,,,,,,,,,,,,,,,,,,,,,,,,,,,,,,,,,,,,,,,,,,,,,,,,,,,,,,82110,65187,57506,7681,16923,650,16273,,,,,,,,,,,,,,,,,,,,,,,,,,,,,,,,,82110,65187,57506,7681,16923
ACSSF,2010e1,al,000,0022,0000032,,,,,,,,,,,,,,,,,,,,,,,,,,,,,,,,,,,,,,,,,,,,,,,,,,,,,,,,,,,,,,,,,,,,,,,,,,,,,,,,,,,,,,,,,,,,,,,,,,,,,,,,,,,,,,195036,144470,120370,24100,50566,1622,48944,195036,21692,356,244,0,82,1103,15584,1403,4159,152,11828,748,56,17798,1935,171,0,952,106,510,2406,2594,0,1165,272,141,0,879,271,79722,50566,195036,144470,120370,24100,50566
ACSSF,2010e1,al,000,0022,0000033,,,,,,,,,,,,,,,,,,,,,,,,,,,,,,,,,,,,,,,,,,,,,,,,,,,,,,,,,,,,,,,,,,,,,,,,,,,,,,,,,,,,,,,,,,,,,,,,,,,,,,,,,,,,,,66947,46052,37260,8792,20895,1077,19818,,,,,,,,,,,,,,,,,,,,,,,,,,,,,,,,,66947,46052,37260,8792,20895
ACSSF,2010e1,al,000,0022,0000034,,,,,,,,,,,,,,,,,,,,,,,,,,,,,,,,,,,,,,,,,,,,,,,,,,,,,,,,,,,,,,,,,,,,,,,,,,,,,,,,,,,,,,,,,,,,,,,,,,,,,,,,,,,,,,211670,184028,170476,13552,27642,1298,26344,211670,7435,735,576,289,0,858,6282,1202,1889,163,5243,363,125,4884,1487,0,340,263,0,0,1873,3217,289,3558,361,0,0,697,222,152853,27642,211670,184028,170476,13552,27642
ACSSF,2010e1,al,000,0022,0000035,,,,,,,,,,,,,,,,,,,,,,,,,,,,,,,,,,,,,,,,,,,,,,,,,,,,,,,,,,,,,,,,,,,,,,,,,,,,,,,,,,,,,,,,,,,,,,,,,,,,,,,,,,,,,,66121,58545,45787,12758,7576,847,6729,66121,5289,163,292,66,13,476,4703,337,1435,16,6018,129,122,7392,1170,0,191,341,15,152,1097,1104,0,179,201,77,0,128,232,37187,7576,66121,58545,45787,12758,7576
ACSSF,2010e1,al,000,0022,0000036,,,,,,,,,,,,,,,,,,,,,,,,,,,,,,,,,,,,,,,,,,,,,,,,,,,,,,,,,,,,,,,,,,,,,,,,,,,,,,,,,,,,,,,,,,,,,,,,,,,,,,,,,,,,,,80376,72810,55415,17395,7566,1134,6432,80376,6097,546,513,173,123,946,10795,1045,1990,0,6917,0,134,9938,4858,56,151,1788,0,193,2067,2609,59,730,1130,81,549,686,864,33161,7566,80376,72810,55415,17395,7566
ACSSF,2010e1,al,000,0022,0000037,,,,,,,,,,,,,,,,,,,,,,,,,,,,,,,,,,,,,,,,,,,,,,,,,,,,,,,,,,,,,,,,,,,,,,,,,,,,,,,,,,,,,,,,,,,,,,,,,,,,,,,,,,,,,,181126,152482,119237,33245,28644,1393,27251,181126,18609,631,971,201,256,2035,18540,2928,4654,217,15769,742,333,14774,4898,295,442,1846,320,394,4165,4700,197,3132,875,45,0,481,1743,77569,28644,181126,152482,119237,33245,28644
ACSSF,2010e1,al,000,0022,0000038,,,,,,,,,,,,,,,,,,,,,,,,,,,,,,,,,,,,,,,,,,,,,,,,,,,,,,,,,,,,,,,,,,,,,,,,,,,,,,,,,,,,,,,,,,,,,,,,,,,,,,,,,,,,,,195249,173361,144967,28394,21888,1126,20762,195249,13338,203,707,246,124,1385,15831,1695,8336,547,12976,1093,182,15021,2904,68,1470,763,121,93,3253,3894,59,1224,506,103,56,737,378,110989,21888,195249,173361,144967,28394,21888
ACSSF,2010e1,al,000,0022,0000039,,,,,,,,,,,,,,,,,,,,,,,,,,,,,,,,,,,,,,,,,,,,,,,,,,,,,,,,,,,,,,,,,,,,,,,,,,,,,,,,,,,,,,,,,,,,,,,,,,,,,,,,,,,,,,206655,185745,168213,17532,20910,1412,19498,206655,21323,1677,564,0,0,1053,10602,1090,2269,52,7010,116,276,7220,1800,60,479,643,98,587,2359,3007,181,2063,473,65,107,839,880,131988,20910,206655,185745,168213,17532,20910
ACSSF,2010e1,al,000,0022,0000040,,,,,,,,,,,,,,,,,,,,,,,,,,,,,,,,,,,,,,,,,,,,,,,,,,,,,,,,,,,,,,,,,,,,,,,,,,,,,,,,,,,,,,,,,,,,,,,,,,,,,,,,,,,,,,90637,72198,61212,10986,18439,547,17892,,,,,,,,,,,,,,,,,,,,,,,,,,,,,,,,,90637,72198,61212,10986,18439
ACSSF,2010e1,al,000,0022,0000041,,,,,,,,,,,,,,,,,,,,,,,,,,,,,,,,,,,,,,,,,,,,,,,,,,,,,,,,,,,,,,,,,,,,,,,,,,,,,,,,,,,,,,,,,,,,,,,,,,,,,,,,,,,,,,211670,184028,170476,13552,27642,1298,26344,211670,7435,735,576,289,0,858,6282,1202,1889,163,5243,363,125,4884,1487,0,340,263,0,0,1873,3217,289,3558,361,0,0,697,222,152853,27642,211670,184028,170476,13552,27642
ACSSF,2010e1,al,000,0022,0000042,,,,,,,,,,,,,,,,,,,,,,,,,,,,,,,,,,,,,,,,,,,,,,,,,,,,,,,,,,,,,,,,,,,,,,,,,,,,,,,,,,,,,,,,,,,,,,,,,,,,,,,,,,,,,,80376,72810,55415,17395,7566,1134,6432,80376,6097,546,513,173,123,946,10795,1045,1990,0,6917,0,134,9938,4858,56,151,1788,0,193,2067,2609,59,730,1130,81,549,686,864,33161,7566,80376,72810,55415,17395,7566
ACSSF,2010e1,al,000,0022,0000043,,,,,,,,,,,,,,,,,,,,,,,,,,,,,,,,,,,,,,,,,,,,,,,,,,,,,,,,,,,,,,,,,,,,,,,,,,,,,,,,,,,,,,,,,,,,,,,,,,,,,,,,,,,,,,64816,57604,44975,12629,7212,810,6402,64816,5289,163,292,66,13,476,4618,337,1366,16,5352,129,122,7263,1170,0,191,341,15,152,1097,1104,0,179,201,77,0,128,232,37066,7212,64816,57604,44975,12629,7212
ACSSF,2010e1,al,000,0022,0000044,,,,,,,,,,,,,,,,,,,,,,,,,,,,,,,,,,,,,,,,,,,,,,,,,,,,,,,,,,,,,,,,,,,,,,,,,,,,,,,,,,,,,,,,,,,,,,,,,,,,,,,,,,,,,,181126,152482,119237,33245,28644,1393,27251,181126,18609,631,971,201,256,2035,18540,2928,4654,217,15769,742,333,14774,4898,295,442,1846,320,394,4165,4700,197,3132,875,45,0,481,1743,77569,28644,181126,152482,119237,33245,28644
ACSSF,2010e1,al,000,0022,0000045,,,,,,,,,,,,,,,,,,,,,,,,,,,,,,,,,,,,,,,,,,,,,,,,,,,,,,,,,,,,,,,,,,,,,,,,,,,,,,,,,,,,,,,,,,,,,,,,,,,,,,,,,,,,,,195249,173361,144967,28394,21888,1126,20762,195249,13338,203,707,246,124,1385,15831,1695,8336,547,12976,1093,182,15021,2904,68,1470,763,121,93,3253,3894,59,1224,506,103,56,737,378,110989,21888,195249,173361,144967,28394,21888
ACSSF,2010e1,al,000,0022,0000046,,,,,,,,,,,,,,,,,,,,,,,,,,,,,,,,,,,,,,,,,,,,,,,,,,,,,,,,,,,,,,,,,,,,,,,,,,,,,,,,,,,,,,,,,,,,,,,,,,,,,,,,,,,,,,206655,185745,168213,17532,20910,1412,19498,206655,21323,1677,564,0,0,1053,10602,1090,2269,52,7010,116,276,7220,1800,60,479,643,98,587,2359,3007,181,2063,473,65,107,839,880,131988,20910,206655,185745,168213,17532,20910
ACSSF,2010e1,al,000,0022,0000047,,,,,,,,,,,,,,,,,,,,,,,,,,,,,,,,,,,,,,,,,,,,,,,,,,,,,,,,,,,,,,,,,,,,,,,,,,,,,,,,,,,,,,,,,,,,,,,,,,,,,,,,,,,,,,90637,72198,61212,10986,18439,547,17892,,,,,,,,,,,,,,,,,,,,,,,,,,,,,,,,,90637,72198,61212,10986,18439
ACSSF,2010e1,al,000,0022,0000048,,,,,,,,,,,,,,,,,,,,,,,,,,,,,,,,,,,,,,,,,,,,,,,,,,,,,,,,,,,,,,,,,,,,,,,,,,,,,,,,,,,,,,,,,,,,,,,,,,,,,,,,,,,,,,689835,583659,462974,120685,106176,6312,99864,689835,85105,554,2645,1288,662,8198,64362,6445,26693,1258,56965,2401,613,69323,13777,192,3691,5606,363,835,12832,14465,372,2834,3482,713,136,2279,1314,304599,106176,689835,583659,462974,120685,106176
ACSSF,2010e1,al,000,0022,0000049,,,,,,,,,,,,,,,,,,,,,,,,,,,,,,,,,,,,,,,,,,,,,,,,,,,,,,,,,,,,,,,,,,,,,,,,,,,,,,,,,,,,,,,,,,,,,,,,,,,,,,,,,,,,,,666779,553175,457974,95201,113604,10969,102635,666779,103654,661,1555,616,477,5796,45171,5382,6901,1863,39471,1118,612,53545,9017,67,969,3797,700,1077,9961,12836,218,9608,1329,611,490,1958,1255,309289,113604,666779,553175,457974,95201,113604
ACSSF,2010e1,al,000,0022,0000050,,,,,,,,,,,,,,,,,,,,,,,,,,,,,,,,,,,,,,,,,,,,,,,,,,,,,,,,,,,,,,,,,,,,,,,,,,,,,,,,,,,,,,,,,,,,,,,,,,,,,,,,,,,,,,690081,557040,461997,95043,133041,6524,126517,690081,95615,2245,2509,65,62,4832,57445,5239,10031,1153,38044,847,1502,61182,11285,98,2287,5119,388,1513,7764,13006,263,6055,1979,167,545,1555,1486,307160,133041,690081,557040,461997,95043,133041
ACSSF,2010e1,al,000,0022,0000051,,,,,,,,,,,,,,,,,,,,,,,,,,,,,,,,,,,,,,,,,,,,,,,,,,,,,,,,,,,,,,,,,,,,,,,,,,,,,,,,,,,,,,,,,,,,,,,,,,,,,,,,,,,,,,659152,478247,365037,113210,180905,6555,174350,659152,98754,59,2253,437,423,13366,60266,2854,8924,1028,56862,394,241,93728,7948,286,2282,2764,194,1100,11314,12427,0,991,1679,1025,215,2187,228,201849,180905,659152,478247,365037,113210,180905
ACSSF,2010e1,al,000,0022,0000052,,,,,,,,,,,,,,,,,,,,,,,,,,,,,,,,,,,,,,,,,,,,,,,,,,,,,,,,,,,,,,,,,,,,,,,,,,,,,,,,,,,,,,,,,,,,,,,,,,,,,,,,,,,,,,719906,591545,469492,122053,128361,8107,120254,719906,134554,1470,2134,676,892,6290,67238,9697,14905,1011,55723,1790,848,70550,14665,376,2039,5941,1354,1372,11053,14713,483,5636,4035,814,412,2318,2250,265966,128361,719906,591545,469492,122053,128361
ACSSF,2010e1,al,000,0022,0000053,,,,,,,,,,,,,,,,,,,,,,,,,,,,,,,,,,,,,,,,,,,,,,,,,,,,,,,,,,,,,,,,,,,,,,,,,,,,,,,,,,,,,,,,,,,,,,,,,,,,,,,,,,,,,,747579,600428,459749,140679,147151,9796,137355,747579,103834,3177,3035,349,701,8379,97159,8691,18712,1519,70078,2236,888,92132,20766,605,2288,7156,808,2289,15789,24721,88,3180,3432,1439,925,5114,1133,232258,147151,747579,600428,459749,140679,147151
ACSSF,2010e1,al,000,0022,0000054,,,,,,,,,,,,,,,,,,,,,,,,,,,,,,,,,,,,,,,,,,,,,,,,,,,,,,,,,,,,,,,,,,,,,,,,,,,,,,,,,,,,,,,,,,,,,,,,,,,,,,,,,,,,,,611966,500881,455392,45489,111085,25740,85345,611966,39182,891,820,289,160,2824,27320,1436,5638,206,21836,815,232,26542,4535,164,457,1620,106,657,6640,5616,289,7577,292,141,0,1671,943,381023,111085,611966,500881,455392,45489,111085
ACSSF,2010e1,al,000,0022,0000055,,,,,,,,,,,,,,,,,,,,,,,,,,,,,,,,,,,,,,,,,,,,,,,,,,,,,,,,,,,,,,,,,,,,,,,,,,,,,,,,,,,,,,,,,,,,,,,,,,,,,,,,,,,,,,147112,117950,102222,15728,29162,1445,27717,,,,,,,,,,,,,,,,,,,,,,,,,,,,,,,,,147112,117950,102222,15728,29162
ACSSF,2010e1,al,000,0022,0000056,,,,,,,,,,,,,,,,,,,,,,,,,,,,,,,,,,,,,,,,,,,,,,,,,,,,,,,,,,,,,,,,,,,,,,,,,,,,,,,,,,,,,,,,,,,,,,,,,,,,,,,,,,,,,,175602,147518,115474,32044,28084,1393,26691,175602,17719,631,971,201,256,1845,18022,2928,4506,217,14999,560,333,14184,4668,217,406,1775,320,311,4165,4700,197,3095,875,45,0,218,1628,75750,28084,175602,147518,115474,32044,28084
ACSSF,2010e1,al,000,0022,0000057,,,,,,,,,,,,,,,,,,,,,,,,,,,,,,,,,,,,,,,,,,,,,,,,,,,,,,,,,,,,,,,,,,,,,,,,,,,,,,,,,,,,,,,,,,,,,,,,,,,,,,,,,,,,,,243579,201840,153459,48381,41739,3869,37870,243579,43245,264,844,360,435,2728,24691,4566,6323,596,23364,840,326,23895,5828,78,1229,3538,976,427,2930,5093,198,1917,1990,154,412,1154,307,86502,41739,243579,201840,153459,48381,41739
ACSSF,2010e1,al,000,0022,0000058,,,,,,,,,,,,,,,,,,,,,,,,,,,,,,,,,,,,,,,,,,,,,,,,,,,,,,,,,,,,,,,,,,,,,,,,,,,,,,,,,,,,,,,,,,,,,,,,,,,,,,,,,,,,,,124279,93431,70301,23130,30848,1500,29348,124279,21166,15,496,0,44,1242,8419,705,1879,0,9262,96,0,20737,1274,81,391,579,0,164,2600,1786,0,182,545,188,0,357,0,42748,30848,124279,93431,70301,23130,30848
ACSSF,2010e1,al,000,0022,0000059,,,,,,,,,,,,,,,,,,,,,,,,,,,,,,,,,,,,,,,,,,,,,,,,,,,,,,,,,,,,,,,,,,,,,,,,,,,,,,,,,,,,,,,,,,,,,,,,,,,,,,,,,,,,,,196365,145078,102381,42697,51287,1843,49444,196365,24062,0,187,370,0,1367,19916,708,5463,155,23935,0,117,33123,1753,249,1171,1141,63,163,4901,4239,0,273,586,66,85,684,0,61125,51287,196365,145078,102381,42697,51287
ACSSF,2010e1,al,000,0022,0000060,,,,,,,,,,,,,,,,,,,,,,,,,,,,,,,,,,,,,,,,,,,,,,,,,,,,,,,,,,,,,,,,,,,,,,,,,,,,,,,,,,,,,,,,,,,,,,,,,,,,,,,,,,,,,,153968,124047,97158,26889,29921,1631,28290,153968,23681,175,492,0,283,2345,14597,890,1566,568,11322,0,189,18856,2232,0,216,253,113,563,2039,3189,0,316,838,753,62,483,315,61825,29921,153968,124047,97158,26889,29921
ACSSF,2010e1,al,000,0022,0000061,,,,,,,,,,,,,,,,,,,,,,,,,,,,,,,,,,,,,,,,,,,,,,,,,,,,,,,,,,,,,,,,,,,,,,,,,,,,,,,,,,,,,,,,,,,,,,,,,,,,,,,,,,,,,,128453,93260,77442,15818,35193,640,34553,,,,,,,,,,,,,,,,,,,,,,,,,,,,,,,,,128453,93260,77442,15818,35193
ACSSF,2010e1,al,000,0022,0000062,,,,,,,,,,,,,,,,,,,,,,,,,,,,,,,,,,,,,,,,,,,,,,,,,,,,,,,,,,,,,,,,,,,,,,,,,,,,,,,,,,,,,,,,,,,,,,,,,,,,,,,,,,,,,,208046,155750,126908,28842,52296,3004,49292,208046,48883,403,292,52,76,6426,15417,1263,2322,517,14568,164,0,21457,3942,69,197,1061,391,708,2550,3835,0,74,226,70,121,560,228,57542,52296,208046,155750,126908,28842,52296
ACSSF,2010e1,al,000,0022,0000063,,,,,,,,,,,,,,,,,,,,,,,,,,,,,,,,,,,,,,,,,,,,,,,,,,,,,,,,,,,,,,,,,,,,,,,,,,,,,,,,,,,,,,,,,,,,,,,,,,,,,,,,,,,,,,89898,76685,67576,9109,13213,667,12546,89898,3894,661,438,0,0,915,4112,864,818,163,4346,363,125,3747,1467,0,340,147,0,0,1335,2446,0,938,245,0,0,697,222,56336,13213,89898,76685,67576,9109,13213
ACSSF,2010e1,al,000,0022,0000064,,,,,,,,,,,,,,,,,,,,,,,,,,,,,,,,,,,,,,,,,,,,,,,,,,,,,,,,,,,,,,,,,,,,,,,,,,,,,,,,,,,,,,,,,,,,,,,,,,,,,,,,,,,,,,111440,99535,96895,2640,11905,479,11426,,,,,,,,,,,,,,,,,,,,,,,,,,,,,,,,,111440,99535,96895,2640,11905
ACSSF,2010e1,al,000,0022,0000065,,,,,,,,,,,,,,,,,,,,,,,,,,,,,,,,,,,,,,,,,,,,,,,,,,,,,,,,,,,,,,,,,,,,,,,,,,,,,,,,,,,,,,,,,,,,,,,,,,,,,,,,,,,,,,168030,142367,105950,36417,25663,1545,24118,168030,13286,1226,1547,95,404,1871,27109,2110,6849,469,15102,1027,354,17826,5807,175,407,1721,0,1201,5789,7877,59,1230,1285,697,336,1926,493,57895,25663,168030,142367,105950,36417,25663
ACSSF,2010e1,al,000,0022,0000066,,,,,,,,,,,,,,,,,,,,,,,,,,,,,,,,,,,,,,,,,,,,,,,,,,,,,,,,,,,,,,,,,,,,,,,,,,,,,,,,,,,,,,,,,,,,,,,,,,,,,,,,,,,,,,182142,143143,118232,24911,38999,3129,35870,182142,18135,0,188,317,47,1291,16795,1226,2697,61,15058,174,52,21766,3271,0,465,1003,0,42,2694,4614,289,1536,212,73,49,756,47,73831,38999,182142,143143,118232,24911,38999
ACSSF,2010e1,al,000,0022,0000067,,,,,,,,,,,,,,,,,,,,,,,,,,,,,,,,,,,,,,,,,,,,,,,,,,,,,,,,,,,,,,,,,,,,,,,,,,,,,,,,,,,,,,,,,,,,,,,,,,,,,,,,,,,,,,107045,89670,78976,10694,17375,1576,15799,,,,,,,,,,,,,,,,,,,,,,,,,,,,,,,,,107045,89670,78976,10694,17375
ACSSF,2010e1,al,000,0022,0000068,,,,,,,,,,,,,,,,,,,,,,,,,,,,,,,,,,,,,,,,,,,,,,,,,,,,,,,,,,,,,,,,,,,,,,,,,,,,,,,,,,,,,,,,,,,,,,,,,,,,,,,,,,,,,,104462,77236,62184,15052,27226,561,26665,104462,15250,0,225,15,114,1831,14525,425,623,0,7530,83,75,11825,752,37,313,211,57,55,1688,2934,0,212,567,289,0,505,0,31403,27226,104462,77236,62184,15052,27226
ACSSF,2010e1,al,000,0022,0000069,,,,,,,,,,,,,,,,,,,,,,,,,,,,,,,,,,,,,,,,,,,,,,,,,,,,,,,,,,,,,,,,,,,,,,,,,,,,,,,,,,,,,,,,,,,,,,,,,,,,,,,,,,,,,,159924,121603,100843,20760,38321,1727,36594,159924,31596,472,638,0,49,850,13047,651,2303,114,8685,58,329,19137,1879,0,270,1679,75,73,1522,2423,0,586,263,0,0,136,142,54045,38321,159924,121603,100843,20760,38321
ACSSF,2010e1,al,000,0022,0000070,,,,,,,,,,,,,,,,,,,,,,,,,,,,,,,,,,,,,,,,,,,,,,,,,,,,,,,,,,,,,,,,,,,,,,,,,,,,,,,,,,,,,,,,,,,,,,,,,,,,,,,,,,,,,,118510,84510,66687,17823,34000,1142,32858,118510,16311,37,823,0,0,2377,9602,1039,1745,337,7757,135,678,10741,4785,0,293,496,0,23,1297,1633,0,715,754,47,320,63,109,38934,34000,118510,84510,66687,17823,34000
ACSSF,2010e1,al,000,0022,0000071,,,,,,,,,,,,,,,,,,,,,,,,,,,,,,,,,,,,,,,,,,,,,,,,,,,,,,,,,,,,,,,,,,,,,,,,,,,,,,,,,,,,,,,,,,,,,,,,,,,,,,,,,,,,,,195828,171128,124017,47111,24700,1873,22827,195828,22583,1317,646,114,136,2340,32431,2800,5699,386,22937,633,342,28417,7755,190,1396,3405,436,359,4316,6506,29,1313,1379,599,121,1470,540,65456,24700,195828,171128,124017,47111,24700
ACSSF,2010e1,al,000,0022,0000072,,,,,,,,,,,,,,,,,,,,,,,,,,,,,,,,,,,,,,,,,,,,,,,,,,,,,,,,,,,,,,,,,,,,,,,,,,,,,,,,,,,,,,,,,,,,,,,,,,,,,,,,,,,,,,195036,144470,120370,24100,50566,1622,48944,195036,21692,356,244,0,82,1103,15584,1403,4159,152,11828,748,56,17798,1935,171,0,952,106,510,2406,2594,0,1165,272,141,0,879,271,79722,50566,195036,144470,120370,24100,50566
ACSSF,2010e1,al,000,0022,0000073,,,,,,,,,,,,,,,,,,,,,,,,,,,,,,,,,,,,,,,,,,,,,,,,,,,,,,,,,,,,,,,,,,,,,,,,,,,,,,,,,,,,,,,,,,,,,,,,,,,,,,,,,,,,,,123829,83835,73876,9959,39994,23331,16663,,,,,,,,,,,,,,,,,,,,,,,,,,,,,,,,,123829,83835,73876,9959,39994
ACSSF,2010e1,al,000,0022,0000074,,,,,,,,,,,,,,,,,,,,,,,,,,,,,,,,,,,,,,,,,,,,,,,,,,,,,,,,,,,,,,,,,,,,,,,,,,,,,,,,,,,,,,,,,,,,,,,,,,,,,,,,,,,,,,130889,100338,87038,13300,30551,1002,29549,,,,,,,,,,,,,,,,,,,,,,,,,,,,,,,,,130889,100338,87038,13300,30551
ACSSF,2010e1,al,000,0022,0000075,,,,,,,,,,,,,,,,,,,,,,,,,,,,,,,,,,,,,,,,,,,,,,,,,,,,,,,,,,,,,,,,,,,,,,,,,,,,,,,,,,,,,,,,,,,,,,,,,,,,,,,,,,,,,,140780,116426,88877,27549,24354,1348,23006,140780,12271,189,732,65,13,998,20604,1402,3213,306,11745,577,84,16883,1809,38,724,2140,84,560,2096,5229,14,1704,475,56,97,647,14,57820,24354,140780,116426,88877,27549,24354
ACSSF,2010e1,al,000,0022,0000076,,,,,,,,,,,,,,,,,,,,,,,,,,,,,,,,,,,,,,,,,,,,,,,,,,,,,,,,,,,,,,,,,,,,,,,,,,,,,,,,,,,,,,,,,,,,,,,,,,,,,,,,,,,,,,197788,164832,140585,24247,32956,997,31959,197788,18576,115,199,0,49,764,9458,2331,1758,308,8793,561,0,10476,2622,0,629,667,147,316,2673,3516,21,8379,248,178,15,344,1169,108593,32956,197788,164832,140585,24247,32956
ACSSF,2010e1,al,000,0022,0000077,,,,,,,,,,,,,,,,,,,,,,,,,,,,,,,,,,,,,,,,,,,,,,,,,,,,,,,,,,,,,,,,,,,,,,,,,,,,,,,,,,,,,,,,,,,,,,,,,,,,,,,,,,,,,,205486,184690,167158,17532,20796,1412,19384,205486,21270,1677,564,0,0,1053,10526,1090,2269,52,7010,116,276,7158,1800,60,479,643,98,587,2359,3007,181,2063,473,65,107,839,880,131124,20796,205486,184690,167158,17532,20796
ACSSF,2010e1,al,000,0022,0000078,,,,,,,,,,,,,,,,,,,,,,,,,,,,,,,,,,,,,,,,,,,,,,,,,,,,,,,,,,,,,,,,,,,,,,,,,,,,,,,,,,,,,,,,,,,,,,,,,,,,,,,,,,,,,,158539,131748,102929,28819,26791,2247,24544,158539,22244,0,568,0,254,1267,11607,1675,2265,831,10669,343,291,17278,2710,0,190,880,15,164,2825,4505,249,185,342,235,326,751,41,72368,26791,158539,131748,102929,28819,26791
ACSSF,2010e1,al,000,0022,0000079,,,,,,,,,,,,,,,,,,,,,,,,,,,,,,,,,,,,,,,,,,,,,,,,,,,,,,,,,,,,,,,,,,,,,,,,,,,,,,,,,,,,,,,,,,,,,,,,,,,,,,,,,,,,,,154542,131618,118185,13433,22924,5661,17263,,,,,,,,,,,,,,,,,,,,,,,,,,,,,,,,,154542,131618,118185,13433,22924
ACSSF,2010e1,al,000,0022,0000080,,,,,,,,,,,,,,,,,,,,,,,,,,,,,,,,,,,,,,,,,,,,,,,,,,,,,,,,,,,,,,,,,,,,,,,,,,,,,,,,,,,,,,,,,,,,,,,,,,,,,,,,,,,,,,189020,167811,139574,28237,21209,1126,20083,189020,12958,203,707,246,124,1385,15781,1695,8288,547,12729,1093,182,14816,2904,68,1470,763,121,93,3253,3894,59,1180,506,103,56,737,378,106365,21209,189020,167811,139574,28237,21209
ACSSF,2010e1,al,000,0022,0000081,,,,,,,,,,,,,,,,,,,,,,,,,,,,,,,,,,,,,,,,,,,,,,,,,,,,,,,,,,,,,,,,,,,,,,,,,,,,,,,,,,,,,,,,,,,,,,,,,,,,,,,,,,,,,,224257,186260,143539,42721,37997,1407,36590,224257,29513,128,479,58,51,2400,17862,1676,9901,369,20226,748,115,25822,3742,66,681,2758,0,488,4526,3853,0,841,1285,0,0,629,809,95378,37997,224257,186260,143539,42721,37997
ACSSF,2010e1,al,000,0022,0000082,,,,,,,,,,,,,,,,,,,,,,,,,,,,,,,,,,,,,,,,,,,,,,,,,,,,,,,,,,,,,,,,,,,,,,,,,,,,,,,,,,,,,,,,,,,,,,,,,,,,,,,,,,,,,,183195,146476,105220,41256,36719,3628,33091,183195,31580,223,1158,984,487,3623,24903,2790,7805,342,19339,332,316,21350,6961,58,1517,1964,242,0,3843,5851,313,687,1620,610,80,469,33,47109,36719,183195,146476,105220,41256,36719
ACSSF,2010e1,al,000,0022,0000083,,,,,,,,,,,,,,,,,,,,,,,,,,,,,,,,,,,,,,,,,,,,,,,,,,,,,,,,,,,,,,,,,,,,,,,,,,,,,,,,,,,,,,,,,,,,,,,,,,,,,,,,,,,,,,115008,91806,77712,14094,23202,414,22788,115008,37842,0,46,155,0,1272,7195,457,764,270,6018,46,251,8105,1017,0,295,474,256,113,1688,2528,0,256,238,0,114,418,154,33378,23202,115008,91806,77712,14094,23202
ACSSF,2010e1,al,000,0022,0000084,,,,,,,,,,,,,,,,,,,,,,,,,,,,,,,,,,,,,,,,,,,,,,,,,,,,,,,,,,,,,,,,,,,,,,,,,,,,,,,,,,,,,,,,,,,,,,,,,,,,,,,,,,,,,,152246,129914,100847,29067,22332,1784,20548,152246,21480,416,494,237,174,1789,11993,963,2162,710,13137,129,205,17210,2966,67,345,1604,331,262,2359,1872,0,1008,487,133,56,267,232,70686,22332,152246,129914,100847,29067,22332
ACSSF,2010e1,al,000,0022,0000085,,,,,,,,,,,,,,,,,,,,,,,,,,,,,,,,,,,,,,,,,,,,,,,,,,,,,,,,,,,,,,,,,,,,,,,,,,,,,,,,,,,,,,,,,,,,,,,,,,,,,,,,,,,,,,78757,71335,53940,17395,7422,1134,6288,78757,5939,546,513,173,123,946,10795,1045,1990,0,6917,0,134,9774,4858,56,151,1788,0,193,2016,2566,59,730,1130,81,549,686,864,32102,7422,78757,71335,53940,17395,7422
ACSSF,2010e1,al,000,0022,0000086,,,,,,,,,,,,,,,,,,,,,,,,,,,,,,,,,,,,,,,,,,,,,,,,,,,,,,,,,,,,,,,,,,,,,,,,,,,,,,,,,,,,,,,,,,,,,,,,,,,,,,,,,,,,,,183195,146476,105220,41256,36719,3628,33091,183195,31580,223,1158,984,487,3623,24903,2790,7805,342,19339,332,316,21350,6961,58,1517,1964,242,0,3843,5851,313,687,1620,610,80,469,33,47109,36719,183195,146476,105220,41256,36719
ACSSF,2010e1,al,000,0022,0000087,,,,,,,,,,,,,,,,,,,,,,,,,,,,,,,,,,,,,,,,,,,,,,,,,,,,,,,,,,,,,,,,,,,,,,,,,,,,,,,,,,,,,,,,,,,,,,,,,,,,,,,,,,,,,,211670,184028,170476,13552,27642,1298,26344,211670,7435,735,576,289,0,858,6282,1202,1889,163,5243,363,125,4884,1487,0,340,263,0,0,1873,3217,289,3558,361,0,0,697,222,152853,27642,211670,184028,170476,13552,27642
ACSSF,2010e1,al,000,0022,0000088,,,,,,,,,,,,,,,,,,,,,,,,,,,,,,,,,,,,,,,,,,,,,,,,,,,,,,,,,,,,,,,,,,,,,,,,,,,,,,,,,,,,,,,,,,,,,,,,,,,,,,,,,,,,,,62112,48153,30153,18000,13959,695,13264,,,,,,,,,,,,,,,,,,,,,,,,,,,,,,,,,62112,48153,30153,18000,13959
ACSSF,2010e1,al,000,0022,0000089,,,,,,,,,,,,,,,,,,,,,,,,,,,,,,,,,,,,,,,,,,,,,,,,,,,,,,,,,,,,,,,,,,,,,,,,,,,,,,,,,,,,,,,,,,,,,,,,,,,,,,,,,,,,,,66121,58545,45787,12758,7576,847,6729,66121,5289,163,292,66,13,476,4703,337,1435,16,6018,129,122,7392,1170,0,191,341,15,152,1097,1104,0,179,201,77,0,128,232,37187,7576,66121,58545,45787,12758,7576
ACSSF,2010e1,al,000,0022,0000090,,,,,,,,,,,,,,,,,,,,,,,,,,,,,,,,,,,,,,,,,,,,,,,,,,,,,,,,,,,,,,,,,,,,,,,,,,,,,,,,,,,,,,,,,,,,,,,,,,,,,,,,,,,,,,73471,63442,46279,17163,10029,794,9235,,,,,,,,,,,,,,,,,,,,,,,,,,,,,,,,,73471,63442,46279,17163,10029
ACSSF,2010e1,al,000,0022,0000091,,,,,,,,,,,,,,,,,,,,,,,,,,,,,,,,,,,,,,,,,,,,,,,,,,,,,,,,,,,,,,,,,,,,,,,,,,,,,,,,,,,,,,,,,,,,,,,,,,,,,,,,,,,,,,172690,145403,113329,32074,27287,1393,25894,172690,18834,631,907,201,203,1977,17754,2928,4698,263,14483,560,333,14473,4501,295,528,1797,359,409,4165,4358,197,2823,822,45,0,555,1628,72679,27287,172690,145403,113329,32074,27287
ACSSF,2010e1,al,000,0022,0000092,,,,,,,,,,,,,,,,,,,,,,,,,,,,,,,,,,,,,,,,,,,,,,,,,,,,,,,,,,,,,,,,,,,,,,,,,,,,,,,,,,,,,,,,,,,,,,,,,,,,,,,,,,,,,,230514,183152,150853,32299,47362,3804,43558,230514,26689,148,243,78,0,1647,24865,1398,3253,61,19834,174,201,25557,4509,0,488,1420,0,216,5371,6226,0,660,218,262,49,1194,0,88895,47362,230514,183152,150853,32299,47362
ACSSF,2010e1,al,000,0022,0000093,,,,,,,,,,,,,,,,,,,,,,,,,,,,,,,,,,,,,,,,,,,,,,,,,,,,,,,,,,,,,,,,,,,,,,,,,,,,,,,,,,,,,,,,,,,,,,,,,,,,,,,,,,,,,,123666,100297,75933,24364,23369,1857,21512,123666,18279,0,559,265,53,565,11471,1717,3320,109,11591,397,194,10232,2881,0,855,1599,423,63,1479,2937,72,1972,681,96,72,188,159,49043,23369,123666,100297,75933,24364,23369
ACSSF,2010e1,al,000,0022,0000094,,,,,,,,,,,,,,,,,,,,,,,,,,,,,,,,,,,,,,,,,,,,,,,,,,,,,,,,,,,,,,,,,,,,,,,,,,,,,,,,,,,,,,,,,,,,,,,,,,,,,,,,,,,,,,399787,342443,274496,67947,57344,2313,55031,399787,40688,331,1186,304,175,3785,32056,3371,17999,845,31667,1841,297,37549,6646,134,2151,3440,121,481,7371,7679,59,2021,1269,103,56,1366,1187,196898,57344,399787,342443,274496,67947,57344
ACSSF,2010e1,al,000,0022,0000095,,,,,,,,,,,,,,,,,,,,,,,,,,,,,,,,,,,,,,,,,,,,,,,,,,,,,,,,,,,,,,,,,,,,,,,,,,,,,,,,,,,,,,,,,,,,,,,,,,,,,,,,,,,,,,227605,202969,184325,18644,24636,1926,22710,227605,26770,1627,657,0,0,1053,11408,1295,2448,52,7258,116,525,8075,1791,60,459,629,98,587,2772,3268,430,2065,495,65,166,905,880,141052,24636,227605,202969,184325,18644,24636
ACSSF,2010e1,al,000,0022,0000096,,,,,,,,,,,,,,,,,,,,,,,,,,,,,,,,,,,,,,,,,,,,,,,,,,,,,,,,,,,,,,,,,,,,,,,,,,,,,,,,,,,,,,,,,,,,,,,,,,,,,,,,,,,,,,173156,149397,107989,41408,23759,1739,22020,173156,19346,1092,646,47,70,2233,28699,2563,5375,386,20369,633,276,23603,5954,190,1330,2323,436,359,3560,5656,29,1313,1073,518,121,1470,169,59087,23759,173156,149397,107989,41408,23759
ACSSF,2010e1,al,000,0022,0000097,,,,,,,,,,,,,,,,,,,,,,,,,,,,,,,,,,,,,,,,,,,,,,,,,,,,,,,,,,,,,,,,,,,,,,,,,,,,,,,,,,,,,,,,,,,,,,,,,,,,,,,,,,,,,,91209,73588,63040,10548,17621,547,17074,,,,,,,,,,,,,,,,,,,,,,,,,,,,,,,,,91209,73588,63040,10548,17621
ACSSF,2010e1,al,000,0022,0000098,,,,,,,,,,,,,,,,,,,,,,,,,,,,,,,,,,,,,,,,,,,,,,,,,,,,,,,,,,,,,,,,,,,,,,,,,,,,,,,,,,,,,,,,,,,,,,,,,,,,,,,,,,,,,,103827,70882,57330,13552,32945,1075,31870,103827,16791,176,0,0,82,815,8842,637,2612,49,6178,207,56,11543,1145,39,0,562,15,367,922,788,0,604,213,141,0,401,53,29812,32945,103827,70882,57330,13552,32945
