ACSSF,2010e1,al,000,0048,0000001,1815152,1227884,568629,298124,223340,91174,29427,17190,587268,511708,61369,8680,4563,676,112,160,1815152,69553,1745599,1815152,1227884,568629,298124,223340,137791,587268,511708,61369,8680,4563,948
ACSSF,2010e1,al,000,0048,0000002,969165,605796,272988,155868,110407,44688,12937,8908,363369,311267,41236,6260,3877,503,112,114,,,,969165,605796,272988,155868,110407,66533,363369,311267,41236,6260,3877,729
ACSSF,2010e1,al,000,0048,0000003,845987,622088,295641,142256,112933,46486,16490,8282,223899,200441,20133,2420,686,173,0,46,,,,845987,622088,295641,142256,112933,71258,223899,200441,20133,2420,686,219
ACSSF,2010e1,al,000,0048,0000004,1630940,1100714,508799,269223,198967,81301,26772,15652,530226,458254,58172,8443,4409,676,112,160,,,,1630940,1100714,508799,269223,198967,123725,530226,458254,58172,8443,4409,948
ACSSF,2010e1,al,000,0048,0000005,1301124,871876,399148,215902,159661,64260,21393,11512,429248,368495,48830,7016,4038,643,112,114,,,,1301124,871876,399148,215902,159661,97165,429248,368495,48830,7016,4038,869
ACSSF,2010e1,al,000,0048,0000006,509963,303906,142486,74780,52041,22067,7744,4788,206057,173838,25503,3870,2375,359,112,0,,,,509963,303906,142486,74780,52041,34599,206057,173838,25503,3870,2375,471
ACSSF,2010e1,al,000,0048,0000007,791161,567970,256662,141122,107620,42193,13649,6724,223191,194657,23327,3146,1663,284,0,114,,,,791161,567970,256662,141122,107620,62566,223191,194657,23327,3146,1663,398
ACSSF,2010e1,al,000,0048,0000008,329816,228838,109651,53321,39306,17041,5379,4140,100978,89759,9342,1427,371,33,0,46,,,,329816,228838,109651,53321,39306,26560,100978,89759,9342,1427,371,79
ACSSF,2010e1,al,000,0048,0000009,109702,71339,34251,16726,12499,5781,1148,934,38363,34282,3354,536,191,0,0,0,,,,109702,71339,34251,16726,12499,7863,38363,34282,3354,536,191,0
ACSSF,2010e1,al,000,0048,0000010,220114,157499,75400,36595,26807,11260,4231,3206,62615,55477,5988,891,180,33,0,46,,,,220114,157499,75400,36595,26807,18697,62615,55477,5988,891,180,79
ACSSF,2010e1,al,000,0048,0000011,184212,127170,59830,28901,24373,9873,2655,1538,57042,53454,3197,237,154,0,0,0,,,,184212,127170,59830,28901,24373,14066,57042,53454,3197,237,154,0
ACSSF,2010e1,al,000,0048,0000012,514028,356008,169481,82222,63679,26914,8034,5678,158020,143213,12539,1664,525,33,0,46,,,,514028,356008,169481,82222,63679,40626,158020,143213,12539,1664,525,79
ACSSF,2010e1,al,000,0048,0000013,68096,48021,23874,11302,7715,3756,907,467,20075,18159,1580,200,136,0,0,0,,,,68096,48021,23874,11302,7715,5130,20075,18159,1580,200,136,0
ACSSF,2010e1,al,000,0048,0000014,45862,30555,15010,6916,5251,1959,747,672,15307,13046,1772,274,142,73,0,0,,,,45862,30555,15010,6916,5251,3378,15307,13046,1772,274,142,73
ACSSF,2010e1,al,000,0048,0000015,29666,21119,10256,4475,3541,2071,206,570,8547,7699,627,177,44,0,0,0,,,,29666,21119,10256,4475,3541,2847,8547,7699,627,177,44,0
ACSSF,2010e1,al,000,0048,0000016,25738,19977,9221,4268,3023,1645,925,895,5761,4923,820,18,0,0,0,0,,,,25738,19977,9221,4268,3023,3465,5761,4923,820,18,0,0
ACSSF,2010e1,al,000,0048,0000017,28860,21881,9746,4699,4728,1888,486,334,6979,6107,872,0,0,0,0,0,,,,28860,21881,9746,4699,4728,2708,6979,6107,872,0,0,0
ACSSF,2010e1,al,000,0048,0000018,39731,27285,12834,7814,4003,1503,590,541,12446,11735,412,72,170,57,0,0,,,,39731,27285,12834,7814,4003,2634,12446,11735,412,72,170,57
ACSSF,2010e1,al,000,0048,0000019,40206,27423,12741,6305,5234,2325,700,118,12783,11353,1017,255,139,19,0,0,,,,40206,27423,12741,6305,5234,3143,12783,11353,1017,255,139,19
ACSSF,2010e1,al,000,0048,0000020,257219,165087,76788,43158,27661,11365,3565,2550,92132,77488,13212,1050,382,0,0,0,,,,257219,165087,76788,43158,27661,17480,92132,77488,13212,1050,382,0
ACSSF,2010e1,al,000,0048,0000021,38644,25056,13462,4963,4414,1908,309,0,13588,11981,1453,154,0,0,0,0,,,,38644,25056,13462,4963,4414,2217,13588,11981,1453,154,0,0
ACSSF,2010e1,al,000,0048,0000022,55073,33135,15095,7170,6592,2809,1287,182,21938,15465,4299,1298,632,244,0,0,,,,55073,33135,15095,7170,6592,4278,21938,15465,4299,1298,632,244
ACSSF,2010e1,al,000,0048,0000023,31395,22791,11612,5123,3598,1413,660,385,8604,7647,786,171,0,0,0,0,,,,31395,22791,11612,5123,3598,2458,8604,7647,786,171,0,0
ACSSF,2010e1,al,000,0048,0000024,129367,83470,38536,21479,15627,5688,1511,629,45897,40920,3957,543,431,46,0,0,,,,129367,83470,38536,21479,15627,7828,45897,40920,3957,543,431,46
ACSSF,2010e1,al,000,0048,0000025,35024,24164,10859,6135,3947,2182,668,373,10860,9695,923,242,0,0,0,0,,,,35024,24164,10859,6135,3947,3223,10860,9695,923,242,0,0
ACSSF,2010e1,al,000,0048,0000026,153676,99359,42953,24543,18917,8565,2322,2059,54317,46102,6482,1183,387,49,0,114,,,,153676,99359,42953,24543,18917,12946,54317,46102,6482,1183,387,163
ACSSF,2010e1,al,000,0048,0000027,88176,57265,23383,15985,10097,4379,2497,924,30911,26889,3154,272,596,0,0,0,,,,88176,57265,23383,15985,10097,7800,30911,26889,3154,272,596,0
ACSSF,2010e1,al,000,0048,0000028,45606,32254,15604,7280,5575,2602,484,709,13352,12080,1117,155,0,0,0,0,,,,45606,32254,15604,7280,5575,3795,13352,12080,1117,155,0,0
ACSSF,2010e1,al,000,0048,0000029,32583,23865,10390,5889,4670,2032,671,213,8718,7792,635,291,0,0,0,0,,,,32583,23865,10390,5889,4670,2916,8718,7792,635,291,0,0
ACSSF,2010e1,al,000,0048,0000030,72588,51384,21155,12777,11337,4305,1334,476,21204,17288,2884,617,415,0,0,0,,,,72588,51384,21155,12777,11337,6115,21204,17288,2884,617,415,0
ACSSF,2010e1,al,000,0048,0000031,30119,21931,9768,4695,4890,2120,297,161,8188,7471,527,190,0,0,0,0,,,,30119,21931,9768,4695,4890,2578,8188,7471,527,190,0,0
ACSSF,2010e1,al,000,0048,0000032,66583,43525,20626,9487,9395,1794,1741,482,23058,18973,2902,528,543,0,112,0,,,,66583,43525,20626,9487,9395,4017,23058,18973,2902,528,543,112
ACSSF,2010e1,al,000,0048,0000033,,,,,,,,,,,,,,,,,,,,23830,17419,9186,3321,3238,1674,6411,5865,467,0,79,0
ACSSF,2010e1,al,000,0048,0000034,87228,48750,24990,13067,5902,2741,1009,1041,38478,31585,6104,470,319,0,0,0,,,,87228,48750,24990,13067,5902,4791,38478,31585,6104,470,319,0
ACSSF,2010e1,al,000,0048,0000035,25840,17507,8202,3998,3373,1247,569,118,8333,7544,502,205,63,19,0,0,,,,25840,17507,8202,3998,3373,1934,8333,7544,502,205,63,19
ACSSF,2010e1,al,000,0048,0000036,30280,21027,8681,5268,4411,2262,200,205,9253,7559,1694,0,0,0,0,0,,,,30280,21027,8681,5268,4411,2667,9253,7559,1694,0,0,0
ACSSF,2010e1,al,000,0048,0000037,74841,42901,22606,9557,7252,2563,784,139,31940,28669,2406,491,328,46,0,0,,,,74841,42901,22606,9557,7252,3486,31940,28669,2406,491,328,46
ACSSF,2010e1,al,000,0048,0000038,75328,43628,20658,10694,6481,3566,980,1249,31700,26997,4051,574,78,0,0,0,,,,75328,43628,20658,10694,6481,5795,31700,26997,4051,574,78,0
ACSSF,2010e1,al,000,0048,0000039,80035,50998,20675,13965,9043,4271,2162,882,29037,25122,3047,272,596,0,0,0,,,,80035,50998,20675,13965,9043,7315,29037,25122,3047,272,596,0
ACSSF,2010e1,al,000,0048,0000040,31827,17665,8197,3806,4174,473,769,246,14162,11346,2025,292,387,0,112,0,,,,31827,17665,8197,3806,4174,1488,14162,11346,2025,292,387,112
ACSSF,2010e1,al,000,0048,0000041,87228,48750,24990,13067,5902,2741,1009,1041,38478,31585,6104,470,319,0,0,0,,,,87228,48750,24990,13067,5902,4791,38478,31585,6104,470,319,0
ACSSF,2010e1,al,000,0048,0000042,30280,21027,8681,5268,4411,2262,200,205,9253,7559,1694,0,0,0,0,0,,,,30280,21027,8681,5268,4411,2667,9253,7559,1694,0,0,0
ACSSF,2010e1,al,000,0048,0000043,25292,17044,7948,3945,3217,1247,569,118,8248,7459,502,205,63,19,0,0,,,,25292,17044,7948,3945,3217,1934,8248,7459,502,205,63,19
ACSSF,2010e1,al,000,0048,0000044,74841,42901,22606,9557,7252,2563,784,139,31940,28669,2406,491,328,46,0,0,,,,74841,42901,22606,9557,7252,3486,31940,28669,2406,491,328,46
ACSSF,2010e1,al,000,0048,0000045,75328,43628,20658,10694,6481,3566,980,1249,31700,26997,4051,574,78,0,0,0,,,,75328,43628,20658,10694,6481,5795,31700,26997,4051,574,78,0
ACSSF,2010e1,al,000,0048,0000046,80035,50998,20675,13965,9043,4271,2162,882,29037,25122,3047,272,596,0,0,0,,,,80035,50998,20675,13965,9043,7315,29037,25122,3047,272,596,0
ACSSF,2010e1,al,000,0048,0000047,31827,17665,8197,3806,4174,473,769,246,14162,11346,2025,292,387,0,112,0,,,,31827,17665,8197,3806,4174,1488,14162,11346,2025,292,387,112
ACSSF,2010e1,al,000,0048,0000048,254440,169798,76092,42241,31523,13578,3661,2703,84642,73980,8544,1383,572,49,0,114,,,,254440,169798,76092,42241,31523,19942,84642,73980,8544,1383,572,163
ACSSF,2010e1,al,000,0048,0000049,255551,174077,79440,41537,32955,14138,4541,1466,81474,71723,8000,1174,479,52,0,46,,,,255551,174077,79440,41537,32955,20145,81474,71723,8000,1174,479,98
ACSSF,2010e1,al,000,0048,0000050,263653,175525,81405,40961,32717,12392,4948,3102,88128,74377,10166,1890,1378,317,0,0,,,,263653,175525,81405,40961,32717,20442,88128,74377,10166,1890,1378,317
ACSSF,2010e1,al,000,0048,0000051,249062,179221,85438,41732,30179,14287,4006,3579,69841,63697,5022,702,363,57,0,0,,,,249062,179221,85438,41732,30179,21872,69841,63697,5022,702,363,57
ACSSF,2010e1,al,000,0048,0000052,280180,189051,91434,46046,32666,13407,3828,1670,91129,80843,8609,1045,431,201,0,0,,,,280180,189051,91434,46046,32666,18905,91129,80843,8609,1045,431,201
ACSSF,2010e1,al,000,0048,0000053,283719,197497,89047,48167,39290,14712,4354,1927,86222,74315,10056,1373,478,0,0,0,,,,283719,197497,89047,48167,39290,20993,86222,74315,10056,1373,478,0
ACSSF,2010e1,al,000,0048,0000054,228547,142715,65773,37440,24010,8660,4089,2743,85832,72773,10972,1113,862,0,112,0,,,,228547,142715,65773,37440,24010,15492,85832,72773,10972,1113,862,112
ACSSF,2010e1,al,000,0048,0000055,60910,41517,21271,9257,7127,2885,771,206,19393,16912,2172,154,0,155,0,0,,,,60910,41517,21271,9257,7127,3862,19393,16912,2172,154,0,155
ACSSF,2010e1,al,000,0048,0000056,72454,41063,21480,9222,7059,2506,657,139,31391,28120,2406,491,328,46,0,0,,,,72454,41063,21480,9222,7059,3302,31391,28120,2406,491,328,46
ACSSF,2010e1,al,000,0048,0000057,88308,65198,28668,17380,12166,4595,1514,875,23110,20447,2337,223,103,0,0,0,,,,88308,65198,28668,17380,12166,6984,23110,20447,2337,223,103,0
ACSSF,2010e1,al,000,0048,0000058,47386,35676,17178,8070,5195,2823,1412,998,11710,10111,1559,40,0,0,0,0,,,,47386,35676,17178,8070,5195,5233,11710,10111,1559,40,0,0
ACSSF,2010e1,al,000,0048,0000059,73455,51565,24096,12329,8599,4575,917,1049,21890,19563,1864,419,44,0,0,0,,,,73455,51565,24096,12329,8599,6541,21890,19563,1864,419,44,0
ACSSF,2010e1,al,000,0048,0000060,57902,40851,19575,10013,6797,3091,666,709,17051,15592,1304,155,0,0,0,0,,,,57902,40851,19575,10013,6797,4466,17051,15592,1304,155,0,0
ACSSF,2010e1,al,000,0048,0000061,51038,36517,17266,7472,7634,3034,686,425,14521,13397,980,144,0,0,0,0,,,,51038,36517,17266,7472,7634,4145,14521,13397,980,144,0,0
ACSSF,2010e1,al,000,0048,0000062,77386,57587,26122,13766,10619,5325,1115,640,19799,17794,1516,340,149,0,0,0,,,,77386,57587,26122,13766,10619,7080,19799,17794,1516,340,149,0
ACSSF,2010e1,al,000,0048,0000063,37854,18258,9180,4800,2211,1284,529,254,19596,15651,3413,325,207,0,0,0,,,,37854,18258,9180,4800,2211,2067,19596,15651,3413,325,207,0
ACSSF,2010e1,al,000,0048,0000064,42759,26648,12090,7879,3568,1503,507,1101,16111,14268,1843,0,0,0,0,0,,,,42759,26648,12090,7879,3568,3111,16111,14268,1843,0,0,0
ACSSF,2010e1,al,000,0048,0000065,65614,41236,18253,10002,8533,3396,528,524,24378,20213,3342,648,175,0,0,0,,,,65614,41236,18253,10002,8533,4448,24378,20213,3342,648,175,0
ACSSF,2010e1,al,000,0048,0000066,70029,50288,24706,11791,8520,3576,1212,483,19741,16488,3253,0,0,0,0,0,,,,70029,50288,24706,11791,8520,5271,19741,16488,3253,0,0,0
ACSSF,2010e1,al,000,0048,0000067,40963,28657,12559,8686,4829,1606,789,188,12306,10868,1361,77,0,0,0,0,,,,40963,28657,12559,8686,4829,2583,12306,10868,1361,77,0,0
ACSSF,2010e1,al,000,0048,0000068,39731,27285,12834,7814,4003,1503,590,541,12446,11735,412,72,170,57,0,0,,,,39731,27285,12834,7814,4003,2634,12446,11735,412,72,170,57
ACSSF,2010e1,al,000,0048,0000069,60880,43278,19517,9878,9126,3389,684,684,17602,16321,986,190,105,0,0,0,,,,60880,43278,19517,9878,9126,4757,17602,16321,986,190,105,0
ACSSF,2010e1,al,000,0048,0000070,45862,30555,15010,6916,5251,1959,747,672,15307,13046,1772,274,142,73,0,0,,,,45862,30555,15010,6916,5251,3378,15307,13046,1772,274,142,73
ACSSF,2010e1,al,000,0048,0000071,72588,51384,21155,12777,11337,4305,1334,476,21204,17288,2884,617,415,0,0,0,,,,72588,51384,21155,12777,11337,6115,21204,17288,2884,617,415,0
ACSSF,2010e1,al,000,0048,0000072,66583,43525,20626,9487,9395,1794,1741,482,23058,18973,2902,528,543,0,112,0,,,,66583,43525,20626,9487,9395,4017,23058,18973,2902,528,543,112
ACSSF,2010e1,al,000,0048,0000073,47400,30802,14535,8318,4845,1622,845,637,16598,15818,780,0,0,0,0,0,,,,47400,30802,14535,8318,4845,3104,16598,15818,780,0,0,0
ACSSF,2010e1,al,000,0048,0000074,48898,34696,17306,8287,5859,1919,669,656,14202,12754,1448,0,0,0,0,0,,,,48898,34696,17306,8287,5859,3244,14202,12754,1448,0,0,0
ACSSF,2010e1,al,000,0048,0000075,55073,33135,15095,7170,6592,2809,1287,182,21938,15465,4299,1298,632,244,0,0,,,,55073,33135,15095,7170,6592,4278,21938,15465,4299,1298,632,244
ACSSF,2010e1,al,000,0048,0000076,73252,47852,21772,11113,9109,3532,1582,744,25400,22387,2409,361,243,0,0,0,,,,73252,47852,21772,11113,9109,5858,25400,22387,2409,361,243,0
ACSSF,2010e1,al,000,0048,0000077,79399,50694,20427,13909,9043,4271,2162,882,28705,25000,2837,272,596,0,0,0,,,,79399,50694,20427,13909,9043,7315,28705,25000,2837,272,596,0
ACSSF,2010e1,al,000,0048,0000078,57621,42954,18574,10238,8874,3553,1243,472,14667,12852,1711,104,0,0,0,0,,,,57621,42954,18574,10238,8874,5268,14667,12852,1711,104,0,0
ACSSF,2010e1,al,000,0048,0000079,54463,36310,16609,9134,7171,2375,781,240,18153,17439,665,0,49,0,0,0,,,,54463,36310,16609,9134,7171,3396,18153,17439,665,0,49,0
ACSSF,2010e1,al,000,0048,0000080,73097,42213,20132,10311,6241,3524,756,1249,30884,26181,4051,574,78,0,0,0,,,,73097,42213,20132,10311,6241,5529,30884,26181,4051,574,78,0
ACSSF,2010e1,al,000,0048,0000081,80579,57146,22821,14232,12676,5041,1566,810,23433,19921,2431,609,309,49,0,114,,,,80579,57146,22821,14232,12676,7417,23433,19921,2431,609,309,163
ACSSF,2010e1,al,000,0048,0000082,68096,48021,23874,11302,7715,3756,907,467,20075,18159,1580,200,136,0,0,0,,,,68096,48021,23874,11302,7715,5130,20075,18159,1580,200,136,0
ACSSF,2010e1,al,000,0048,0000083,45496,32076,16800,6980,5214,2482,412,188,13420,12046,1301,73,0,0,0,0,,,,45496,32076,16800,6980,5214,3082,13420,12046,1301,73,0,0
ACSSF,2010e1,al,000,0048,0000084,60076,40897,19098,9591,8032,3141,818,217,19179,16899,1551,492,139,52,0,46,,,,60076,40897,19098,9591,8032,4176,19179,16899,1551,492,139,98
ACSSF,2010e1,al,000,0048,0000085,29717,20678,8587,5268,4314,2104,200,205,9039,7345,1694,0,0,0,0,0,,,,29717,20678,8587,5268,4314,2509,9039,7345,1694,0,0,0
ACSSF,2010e1,al,000,0048,0000086,68096,48021,23874,11302,7715,3756,907,467,20075,18159,1580,200,136,0,0,0,,,,68096,48021,23874,11302,7715,5130,20075,18159,1580,200,136,0
ACSSF,2010e1,al,000,0048,0000087,87228,48750,24990,13067,5902,2741,1009,1041,38478,31585,6104,470,319,0,0,0,,,,87228,48750,24990,13067,5902,4791,38478,31585,6104,470,319,0
ACSSF,2010e1,al,000,0048,0000088,22652,16506,7888,3552,2968,1443,206,449,6146,5548,377,177,44,0,0,0,,,,22652,16506,7888,3552,2968,2098,6146,5548,377,177,44,0
ACSSF,2010e1,al,000,0048,0000089,25840,17507,8202,3998,3373,1247,569,118,8333,7544,502,205,63,19,0,0,,,,25840,17507,8202,3998,3373,1934,8333,7544,502,205,63,19
ACSSF,2010e1,al,000,0048,0000090,26288,20304,9157,4240,4412,1824,410,261,5984,5112,872,0,0,0,0,0,,,,26288,20304,9157,4240,4412,2495,5984,5112,872,0,0,0
ACSSF,2010e1,al,000,0048,0000091,70148,40562,21071,9156,7263,2329,604,139,29586,26697,2237,278,328,46,0,0,,,,70148,40562,21071,9156,7263,3072,29586,26697,2237,278,328,46
ACSSF,2010e1,al,000,0048,0000092,89472,62841,30234,15946,10596,3900,1477,688,26631,22586,4016,29,0,0,0,0,,,,89472,62841,30234,15946,10596,6065,26631,22586,4016,29,0,0
ACSSF,2010e1,al,000,0048,0000093,44749,32689,13625,9498,5693,2561,822,490,12060,10247,1483,265,65,0,0,0,,,,44749,32689,13625,9498,5693,3873,12060,10247,1483,265,65,0
ACSSF,2010e1,al,000,0048,0000094,149017,96209,41463,24173,18413,7891,2210,2059,52808,44761,6428,1183,387,49,0,0,,,,149017,96209,41463,24173,18413,12160,52808,44761,6428,1183,387,49
ACSSF,2010e1,al,000,0048,0000095,87849,56938,23319,15875,10006,4317,2497,924,30911,26889,3154,272,596,0,0,0,,,,87849,56938,23319,15875,10006,7738,30911,26889,3154,272,596,0
ACSSF,2010e1,al,000,0048,0000096,63820,45078,18337,11539,10045,3413,1268,476,18742,15309,2401,617,415,0,0,0,,,,63820,45078,18337,11539,10045,5157,18742,15309,2401,617,415,0
ACSSF,2010e1,al,000,0048,0000097,30930,17165,7743,3664,4094,473,769,422,13765,10949,2025,292,387,0,112,0,,,,30930,17165,7743,3664,4094,1664,13765,10949,2025,292,387,112
ACSSF,2010e1,al,000,0048,0000098,35653,26360,12883,5823,5301,1321,972,60,9293,8024,877,236,156,0,0,0,,,,35653,26360,12883,5823,5301,2353,9293,8024,877,236,156,0
