ACSSF,2010e1,al,000,0001,0000001,4706841,252732,821493,144084,337863,304859,291632,300946,315787,343979,343866,313084,278068,206580,162940,288928,3987155,191890,695467,106686,227545,219408,230728,247258,274549,304555,312200,289845,261511,198237,156711,270565,454675,44230,88874,16378,68289,52674,35180,35787,24963,26011,19294,13737,10758,4344,2730,11426,165790,10489,23500,15802,26827,19498,18106,11002,10049,8481,6418,5007,2585,2210,1898,3918,99221,6123,13652,5218,15202,13279,7618,6899,6226,4932,5954,4495,3214,1789,1601,3019,38.4,41.4,25.8,26.3,28.4,4706841,2283322,2423519,3987155,1933566,2053589,454675,216259,238416,165790,82798,82992,99221,50699,48522,3272760,2815448,265037,122909,69366,1241221,1021416,164618,34814,20373,27316,24326,2235,458,297,50380,40847,4191,2073,3269,,,,,,49634,37037,7361,3320,1916,64710,47608,11233,2135,3734,3157290,2724515,252344,116494,63937,177742,138322,21967,10090,7363,4706841,4543235,163606,49863,113743,3987155,3855439,131716,40653,91063,454675,437461,17214,3745,13469,165790,157665,8125,1901,6224,99221,92670,6551,3564,2987,4706841,252732,821493,481947,596491,616733,687845,591152,369520,288928,3987155,191890,695467,334231,450136,521807,616755,551356,354948,270565,454675,44230,88874,84667,87854,60750,45305,24495,7074,11426,165790,10489,23500,42629,37604,21051,14899,7592,4108,3918,99221,6123,13652,20420,20897,13125,10886,7709,3390,3019
ACSSF,2010e1,al,000,0001,0000002,,,,,,,,,,,,,,,,,,,,,,,,,,,,,,,,,,,,,,,,,,,,,,,,,,,,,,,,,,,,,,,,,,,,,,,,,,,,,,,,,,,,,,,,,,,,,,,,,,,,,,,,,,,,,,,,,,,,,,,,,,,,,,,,,,,,,,,,,,,,,,,,,,,,,,,,,,,,,,,,,,,,,,,,,,,,,,,,,,,,,,,,,,,,,,,,,,,,,,,,,,,,,,,,,,,,,,,,,,,,
ACSSF,2010e1,al,000,0001,0000003,,,,,,,,,,,,,,,,,,,,,,,,,,,,,,,,,,,,,,,,,,,,,,,,,,,,,,,,,,,,,,,,,,,,,,,,,,,,,,,,,,,,,,,,,,,,,,,,,,,,,,,,,,,,,,,,,,,,,,,,,,,,,,,,,,,,,,,,,,,,,,,,,,,,,,,,,,,,,,,,,,,,,,,,,,,,,,,,,,,,,,,,,,,,,,,,,,,,,,,,,,,,,,,,,,,,,,,,,,,,
ACSSF,2010e1,al,000,0001,0000004,,,,,,,,,,,,,,,,,,,,,,,,,,,,,,,,,,,,,,,,,,,,,,,,,,,,,,,,,,,,,,,,,,,,,,,,,,,,,,,,,,,,,,,,,,,,,,,,,,,,,,,,,,,,,,,,,,,,,,,,,,,,,,,,,,,,,,,,,,,,,,,,,,,,,,,,,,,,,,,,,,,,,,,,,,,,,,,,,,,,,,,,,,,,,,,,,,,,,,,,,,,,,,,,,,,,,,,,,,,,
ACSSF,2010e1,al,000,0001,0000005,,,,,,,,,,,,,,,,,,,,,,,,,,,,,,,,,,,,,,,,,,,,,,,,,,,,,,,,,,,,,,,,,,,,,,,,,,,,,,,,,,,,,,,,,,,,,,,,,,,,,,,,,,,,,,,,,,,,,,,,,,,,,,,,,,,,,,,,,,,,,,,,,,,,,,,,,,,,,,,,,,,,,,,,,,,,,,,,,,,,,,,,,,,,,,,,,,,,,,,,,,,,,,,,,,,,,,,,,,,,
ACSSF,2010e1,al,000,0001,0000006,,,,,,,,,,,,,,,,,,,,,,,,,,,,,,,,,,,,,,,,,,,,,,,,,,,,,,,,,,,,,,,,,,,,,,,,,,,,,,,,,,,,,,,,,,,,,,,,,,,,,,,,,,,,,,,,,,,,,,,,,,,,,,,,,,,,,,,,,,,,,,,,,,,,,,,,,,,,,,,,,,,,,,,,,,,,,,,,,,,,,,,,,,,,,,,,,,,,,,,,,,,,,,,,,,,,,,,,,,,,
ACSSF,2010e1,al,000,0001,0000007,,,,,,,,,,,,,,,,,,,,,,,,,,,,,,,,,,,,,,,,,,,,,,,,,,,,,,,,,,,,,,,,,,,,,,,,,,,,,,,,,,,,,,,,,,,,,,,,,,,,,,,,,,,,,,,,,,,,,,,,,,,,,,,,,,,,,,,,,,,,,,,,,,,,,,,,,,,,,,,,,,,,,,,,,,,,,,,,,,,,,,,,,,,,,,,,,,,,,,,,,,,,,,,,,,,,,,,,,,,,
ACSSF,2010e1,al,000,0001,0000008,,,,,,,,,,,,,,,,,,,,,,,,,,,,,,,,,,,,,,,,,,,,,,,,,,,,,,,,,,,,,,,,,,,,,,,,,,,,,,,,,,,,,,,,,,,,,,,,,,,,,,,,,,,,,,,,,,,,,,,,,,,,,,,,,,,,,,,,,,,,,,,,,,,,,,,,,,,,,,,,,,,,,,,,,,,,,,,,,,,,,,,,,,,,,,,,,,,,,,,,,,,,,,,,,,,,,,,,,,,,
ACSSF,2010e1,al,000,0001,0000009,,,,,,,,,,,,,,,,,,,,,,,,,,,,,,,,,,,,,,,,,,,,,,,,,,,,,,,,,,,,,,,,,,,,,,,,,,,,,,,,,,,,,,,,,,,,,,,,,,,,,,,,,,,,,,,,,,,,,,,,,,,,,,,,,,,,,,,,,,,,,,,,,,,,,,,,,,,,,,,,,,,,,,,,,,,,,,,,,,,,,,,,,,,,,,,,,,,,,,,,,,,,,,,,,,,,,,,,,,,,
ACSSF,2010e1,al,000,0001,0000010,,,,,,,,,,,,,,,,,,,,,,,,,,,,,,,,,,,,,,,,,,,,,,,,,,,,,,,,,,,,,,,,,,,,,,,,,,,,,,,,,,,,,,,,,,,,,,,,,,,,,,,,,,,,,,,,,,,,,,,,,,,,,,,,,,,,,,,,,,,,,,,,,,,,,,,,,,,,,,,,,,,,,,,,,,,,,,,,,,,,,,,,,,,,,,,,,,,,,,,,,,,,,,,,,,,,,,,,,,,,
ACSSF,2010e1,al,000,0001,0000011,,,,,,,,,,,,,,,,,,,,,,,,,,,,,,,,,,,,,,,,,,,,,,,,,,,,,,,,,,,,,,,,,,,,,,,,,,,,,,,,,,,,,,,,,,,,,,,,,,,,,,,,,,,,,,,,,,,,,,,,,,,,,,,,,,,,,,,,,,,,,,,,,,,,,,,,,,,,,,,,,,,,,,,,,,,,,,,,,,,,,,,,,,,,,,,,,,,,,,,,,,,,,,,,,,,,,,,,,,,,
ACSSF,2010e1,al,000,0001,0000012,,,,,,,,,,,,,,,,,,,,,,,,,,,,,,,,,,,,,,,,,,,,,,,,,,,,,,,,,,,,,,,,,,,,,,,,,,,,,,,,,,,,,,,,,,,,,,,,,,,,,,,,,,,,,,,,,,,,,,,,,,,,,,,,,,,,,,,,,,,,,,,,,,,,,,,,,,,,,,,,,,,,,,,,,,,,,,,,,,,,,,,,,,,,,,,,,,,,,,,,,,,,,,,,,,,,,,,,,,,,
ACSSF,2010e1,al,000,0001,0000013,173031,6766,29038,4973,7922,9715,9978,9568,12841,13803,13351,12250,12676,9653,8541,11956,144624,4982,23097,4204,5728,7091,7677,7327,10151,11786,12028,11205,11856,8765,7944,10783,18345,1661,4371,129,1134,2181,1075,1459,1821,1665,677,292,446,463,133,838,3814,0,428,640,415,93,703,158,383,122,288,252,71,34,0,227,6248,123,1142,0,645,350,523,624,486,230,358,501,303,391,464,108,42.8,46.0,29.1,31.3,37.3,173031,84307,88724,144624,71790,72834,18345,7912,10433,3814,1624,2190,6248,2981,3267,148495,124950,15252,2675,5618,17976,14636,1998,1139,203,,,,,,,,,,,,,,,,,,,,,,,,,,141718,121158,13195,2675,4690,8219,5016,2106,0,1097,173031,166018,7013,1669,5344,144624,139165,5459,1050,4409,18345,17376,969,153,816,3814,3728,86,86,0,6248,5749,499,380,119,173031,6766,29038,12895,19693,22409,27154,24926,18194,11956,144624,4982,23097,9932,14768,17478,23814,23061,16709,10783,18345,1661,4371,1263,3256,3280,2342,738,596,838,3814,0,428,1055,796,541,410,323,34,227,6248,123,1142,645,873,1110,588,804,855,108
ACSSF,2010e1,al,000,0001,0000014,118185,6162,20664,3296,8609,7415,6687,7530,8224,8392,7995,8334,6850,5224,4741,8062,97684,4961,17201,2411,5179,4441,5153,6241,6919,7360,7600,7515,6430,4817,4351,7105,12097,880,1751,448,2377,1951,874,870,615,656,224,346,388,47,69,601,5348,117,1420,158,591,547,338,308,461,307,53,244,0,206,289,309,3056,204,292,279,462,476,322,111,229,69,118,229,32,154,32,47,39.3,42.5,26.7,28.7,29.3,118185,56716,61469,97684,46462,51222,12097,6097,6000,5348,2330,3018,3056,1827,1229,89687,74251,8740,4300,2396,24139,20015,2849,1048,227,,,,,,,,,,,,,,,,,,,,,,,,,,88733,73396,8641,4300,2396,,,,,,,,,,,,,,,,,,,,,,,,,,,,,,,118185,6162,20664,11905,14102,15754,16387,15184,9965,8062,97684,4961,17201,7590,9594,13160,14960,13945,9168,7105,12097,880,1751,2825,2825,1485,880,734,116,601,5348,117,1420,749,885,769,360,244,495,309,3056,204,292,741,798,340,187,261,186,47
ACSSF,2010e1,al,000,0001,0000015,81152,3595,14602,2436,4806,4741,5084,5116,4977,6683,6042,6078,4367,4859,2384,5382,67338,2712,11825,1437,3745,3469,4046,4131,4414,4901,5634,5055,3677,4775,2257,5260,9722,824,1978,613,939,904,658,744,265,958,84,803,619,84,127,122,3060,33,799,386,122,282,367,237,112,508,73,70,71,0,0,0,1032,26,0,0,0,86,13,4,186,316,251,150,0,0,0,0,40.1,42.6,26.8,27.9,46.9,81152,39320,41832,67338,32685,34653,9722,4793,4929,3060,1375,1685,1032,467,565,78092,65147,8992,2979,974,,,,,,,,,,,,,,,,,,,,,,,,,,,,,,,76053,63569,8614,2979,891,,,,,,,,,,,,,,,,,,,,,,,,,,,,,,,81152,3595,14602,7242,9825,10093,12725,10445,7243,5382,67338,2712,11825,5182,7515,8545,10535,8732,7032,5260,9722,824,1978,1552,1562,1009,1042,1422,211,122,3060,33,799,508,649,349,581,141,0,0,1032,26,0,0,99,190,567,150,0,0
ACSSF,2010e1,al,000,0001,0000016,,,,,,,,,,,,,,,,,,,,,,,,,,,,,,,,,,,,,,,,,,,,,,,,,,,,,,,,,,,,,,,,,,,,,,,,,,,,,,,,,35.6,38.5,23.7,22.7,13.8,73605,36425,37180,61534,31247,30287,6338,2843,3495,4223,1475,2748,1510,860,650,67223,55254,6236,4223,1510,,,,,,,,,,,,,,,,,,,,,,,,,,,,,,,59408,49074,6134,2690,1510,,,,,,,,,,,,,,,,,,,,,,,,,,,,,,,,,,,,,,,,,,,,,,,,,,,,,,,,,,,,,,,,,,,,,,,,,,,,,,,,
ACSSF,2010e1,al,000,0001,0000017,,,,,,,,,,,,,,,,,,,,,,,,,,,,,,,,,,,,,,,,,,,,,,,,,,,,,,,,,,,,,,,,,,,,,,,,,,,,,,,,,38.7,40.9,24.7,31.5,30.2,76439,37981,38458,66505,32233,34272,4260,2128,2132,3914,2737,1177,1760,883,877,58755,52828,2518,2393,1016,14581,11484,1041,1374,682,,,,,,,,,,,,,,,,,,,,,,,,,,57900,52799,1692,2393,1016,,,,,,,,,,,,,,,,,,,,,,,,,,,,,,,76439,4133,13260,6735,10125,11266,11707,9958,5496,3759,66505,3808,12000,4361,7778,9596,10900,9153,5227,3682,4260,325,674,1237,638,531,424,235,189,7,3914,0,101,1075,1177,737,347,373,34,70,1760,0,485,62,532,402,36,197,46,0
ACSSF,2010e1,al,000,0001,0000018,100568,4173,17506,3543,5516,5961,5573,5686,7260,7568,7400,7447,6550,5179,3748,7458,85702,3165,14574,2048,4531,4671,4519,4249,6475,6610,6394,6792,6318,4847,3667,6842,11795,961,2360,770,784,1230,796,1360,721,672,806,244,232,253,42,564,2879,47,572,725,118,0,209,77,64,286,200,411,0,79,39,52,192,0,0,0,83,60,49,0,0,0,0,0,0,0,0,0,41.5,44.1,27.5,23.5,25.2,100568,48566,52002,85702,41693,44009,11795,5900,5895,2879,973,1906,192,0,192,83210,71068,9499,2500,143,15643,13281,2037,325,0,,,,,,,,,,,,,,,,,,,,,,,,,,79539,67783,9426,2187,143,,,,,,,,,,,,,,,,,,,,,,,,,,,,,,,100568,4173,17506,9059,11534,12946,14968,13997,8927,7458,85702,3165,14574,6579,9190,10724,13004,13110,8514,6842,11795,961,2360,1554,2026,2081,1478,476,295,564,2879,47,572,843,209,141,486,411,118,52,192,0,0,83,109,0,0,0,0,0
ACSSF,2010e1,al,000,0001,0000019,102100,5729,18552,2656,6787,6814,6479,6608,6569,6870,7020,7703,5157,4651,3710,6795,84176,3869,14921,1758,3695,4696,5196,5505,5508,6316,6591,7384,4946,4216,3592,5983,9379,957,2008,551,1187,1143,764,748,388,450,345,110,125,95,118,390,5686,567,1090,166,996,544,519,355,452,104,68,209,72,190,0,354,2859,336,533,181,909,431,0,0,221,0,16,0,14,150,0,68,37.8,42.3,24.9,26.1,21.8,102100,49049,53051,84176,40553,43623,9379,4213,5166,5686,2879,2807,2859,1404,1455,71845,60229,5356,4427,1833,24390,19874,3641,647,228,,,,,,,,,,,,,,,,,,,,,,,,,,70146,59256,5182,3875,1833,,,,,,102100,99006,3094,1108,1986,84176,82089,2087,931,1156,9379,9155,224,127,97,5686,5095,591,44,547,2859,2667,192,6,186,102100,5729,18552,9443,13293,13177,13890,12860,8361,6795,84176,3869,14921,5453,9892,11013,12907,12330,7808,5983,9379,957,2008,1738,1907,1136,795,235,213,390,5686,567,1090,1162,1063,807,172,281,190,354,2859,336,533,1090,431,221,16,14,150,68
ACSSF,2010e1,al,000,0001,0000020,650746,37182,109731,19241,46612,48193,46508,38905,41995,47408,48723,42192,37682,23388,21001,41985,537840,26771,91409,12640,29328,32784,36232,31353,36759,40580,43968,37994,35350,22652,20508,39512,80162,7751,14064,3271,12756,11168,5744,5453,3902,4780,3644,3559,1617,422,207,1824,22326,2160,2669,2756,3061,3009,3484,744,1035,1707,799,256,173,59,147,267,10418,500,1589,574,1467,1232,1048,1355,299,341,312,383,542,255,139,382,37.4,41.3,26.1,25.5,29.3,650746,306281,344465,537840,252394,285446,80162,38197,41965,22326,11225,11101,10418,4465,5953,349876,298592,29772,15863,5649,274034,219411,46420,4413,3790,,,,,,,,,,,,,,,,12499,8113,2561,1613,212,5089,3869,777,224,219,336653,288197,27557,15519,5380,26955,19474,4973,2027,481,650746,623333,27413,8264,19149,537840,515785,22055,7031,15024,80162,76580,3582,896,2686,22326,21155,1171,258,913,10418,9813,605,79,526,650746,37182,109731,65853,94701,80900,96131,79874,44389,41985,537840,26771,91409,41968,69016,68112,84548,73344,43160,39512,80162,7751,14064,16027,16912,9355,8424,5176,629,1824,22326,2160,2669,5817,6493,1779,2506,429,206,267,10418,500,1589,2041,2280,1654,653,925,394,382
ACSSF,2010e1,al,000,0001,0000021,,,,,,,,,,,,,,,,,,,,,,,,,,,,,,,,,,,,,,,,,,,,,,,,,,,,,,,,,,,,,,,,,,,,,,,,,,,,,,,,,39.9,43.4,23.3,22.9,27.6,90141,43801,46340,77946,37152,40794,6956,3666,3290,3256,2003,1253,1983,980,1003,78085,67842,6145,2758,1340,8776,7343,676,498,259,,,,,,,,,,,,,,,,,,,,,,,,,,76575,66332,6145,2758,1340,,,,,,90141,88458,1683,665,1018,77946,76516,1430,665,765,6956,6703,253,0,253,3256,3256,0,0,0,1983,1983,0,0,0,90141,4264,14794,11490,8759,11457,12418,11906,8116,6937,77946,3706,11987,7706,7499,9418,11877,11345,7856,6552,6956,144,1920,1814,598,1280,246,366,203,385,3256,82,709,1553,478,356,66,0,12,0,1983,332,178,417,184,403,229,195,45,0
ACSSF,2010e1,al,000,0001,0000022,131556,6940,22193,4256,21190,10628,7616,8459,8974,8478,7559,7097,5628,4178,3362,4998,103658,4950,20281,2581,9114,6038,6414,7496,8219,7504,7078,6818,5430,3993,2929,4813,17252,1360,632,566,9011,2299,975,418,455,664,256,96,116,185,77,142,4313,60,696,651,1502,493,97,80,97,165,123,55,82,0,169,43,6333,570,584,458,1563,1798,130,465,203,145,102,128,0,0,187,0,30.5,36.6,23.1,23.2,24.9,131556,65834,65722,103658,51565,52093,17252,8529,8723,4313,2093,2220,6333,3647,2686,95472,75724,11240,3616,4892,30547,24339,5052,634,522,,,,,,3364,2211,682,0,471,,,,,,,,,,,,,,,,92174,73289,10527,3616,4742,4231,2887,900,39,405,131556,124867,6689,1890,4799,103658,98814,4844,1570,3274,17252,15961,1291,127,1164,4313,4274,39,39,0,6333,5818,515,154,361,131556,6940,22193,25446,18244,17433,16037,12725,7540,4998,103658,4950,20281,11695,12452,15715,14582,12248,6922,4813,17252,1360,632,9577,3274,873,920,212,262,142,4313,60,696,2153,590,177,288,137,169,43,6333,570,584,2021,1928,668,247,128,187,0
ACSSF,2010e1,al,000,0001,0000023,,,,,,,,,,,,,,,,,,,,,,,,,,,,,,,,,,,,,,,,,,,,,,,,,,,,,,,,,,,,,,,,,,,,,,,,,,,,,,,,,38.9,40.6,27.7,21.0,24.2,79248,40642,38606,70368,36456,33912,4581,2089,2492,2270,1235,1035,2029,862,1167,65036,58058,3402,1547,2029,10477,9816,490,171,0,,,,,,,,,,,,,,,,,,,,,,,,,,62628,56116,3266,1293,1953,3724,2692,702,254,76,,,,,,,,,,,,,,,,,,,,,,,,,,79248,4317,14338,6639,10245,11676,12009,9914,5866,4244,70368,3801,12827,4292,9080,10347,10962,9461,5814,3784,4581,322,818,736,937,788,741,133,0,106,2270,50,541,659,77,424,188,206,0,125,2029,144,152,952,151,117,118,114,52,229
ACSSF,2010e1,al,000,0001,0000024,335958,17883,59476,10992,23337,23685,21671,21848,22973,29085,26127,19851,18278,12352,10837,17563,288613,14212,51036,7831,17316,18608,17073,17898,20447,26253,23541,18519,17340,11520,10208,16811,28730,2491,5973,706,3545,3368,2927,2495,1436,1361,1501,593,766,333,629,606,9970,722,1236,2166,1611,795,736,661,1009,439,385,17,63,130,0,0,8645,458,1231,289,865,914,935,794,81,1032,700,722,109,369,0,146,37.4,40.1,26.7,23.2,32.7,335958,164580,171378,288613,141673,146940,28730,13509,15221,9970,5039,4931,8645,4359,4286,233629,206096,15570,7224,4739,80640,66035,9521,1992,3092,,,,,,8481,7319,438,373,351,,,,,,,,,,,7367,4729,1794,381,463,222149,196044,15281,6783,4041,15266,12988,1107,441,730,335958,315414,20544,8650,11894,288613,271520,17093,7437,9656,28730,27428,1302,370,932,9970,9745,225,135,90,8645,6721,1924,708,1216,335958,17883,59476,34329,45356,44821,55212,38129,23189,17563,288613,14212,51036,25147,35681,38345,49794,35859,21728,16811,28730,2491,5973,4251,6295,3931,2862,1359,962,606,9970,722,1236,3777,1531,1670,824,80,130,0,8645,458,1231,1154,1849,875,1732,831,369,146
ACSSF,2010e1,al,000,0001,0000025,,,,,,,,,,,,,,,,,,,,,,,,,,,,,,,,,,,,,,,,,,,,,,,,,,,,,,,,,,,,,,,,,,,,,,,,,,,,,,,,,39.2,42.1,26.1,31.7,39.8,89720,44338,45382,76318,38042,38276,10151,4660,5491,2792,1298,1494,459,338,121,83863,71512,9395,2497,459,,,,,,,,,,,,,,,,,,,,,,,,,,,,,,,77797,65994,8847,2497,459,,,,,,,,,,,,,,,,,,,,,,,,,,,,,,,,,,,,,,,,,,,,,,,,,,,,,,,,,,,,,,,,,,,,,,,,,,,,,,,,
ACSSF,2010e1,al,000,0001,0000026,413814,23731,76446,11836,29295,27823,25936,26154,27022,30387,30759,28029,22651,16536,13626,23583,349488,17981,63664,9819,21701,21152,20484,21093,21773,26329,27164,25943,20944,16167,13324,21950,44396,4139,9758,854,5251,4863,3998,3091,3330,2830,2370,1277,1333,268,215,819,8727,1099,1520,661,734,1161,1002,1304,248,421,162,191,54,0,0,170,11203,512,1504,502,1609,647,452,666,1671,807,1063,618,320,101,87,644,37.4,39.7,27.1,26.7,38.6,413814,198177,215637,349488,167254,182234,44396,21771,22625,8727,3422,5305,11203,5730,5473,251550,215446,22523,6514,7067,143964,119865,19701,1661,2737,,,,,,,,,,,,,,,,,,,,,4532,3338,797,207,190,244677,210421,21295,6185,6776,10180,7364,1660,329,827,413814,400955,12859,5260,7599,349488,339979,9509,3210,6299,44396,42178,2218,1009,1209,8727,8428,299,208,91,11203,10370,833,833,0,413814,23731,76446,41131,53759,53176,61146,50680,30162,23583,349488,17981,63664,31520,41636,42866,53493,46887,29491,21950,44396,4139,9758,6105,8861,6421,5200,2610,483,819,8727,1099,1520,1395,2163,1552,583,245,0,170,11203,512,1504,2111,1099,2337,1870,938,188,644
ACSSF,2010e1,al,000,0001,0000027,225320,13322,39849,6379,18350,17986,14129,13123,15638,15864,16040,14669,11834,9080,5585,13472,174715,9262,29059,4501,11039,11470,10693,10063,11555,12425,14410,12886,10679,8683,5585,12405,35124,2993,8487,949,5395,4305,2381,1842,3022,2257,985,1093,654,350,0,411,8807,539,1218,807,1171,1049,778,859,628,599,96,630,50,0,0,383,6674,528,1085,122,745,1162,277,359,433,583,549,60,451,47,0,273,35.9,40.5,24.6,27.7,28.6,225320,105289,120031,174715,81874,92841,35124,15928,19196,8807,4087,4720,6674,3400,3274,92604,76488,6533,5857,3726,121439,90058,25921,2853,2607,,,,,,,,,,,,,,,,,,,,,,,,,,88741,73239,6332,5857,3313,8092,5456,1933,97,606,225320,215778,9542,3132,6410,174715,166990,7725,2912,4813,35124,33743,1381,33,1348,8807,8710,97,0,97,6674,6335,339,187,152,225320,13322,39849,24729,32115,28761,31904,26503,14665,13472,174715,9262,29059,15540,22163,21618,26835,23565,14268,12405,35124,2993,8487,6344,6686,4864,3242,1747,350,411,8807,539,1218,1978,1827,1487,695,680,0,383,6674,528,1085,867,1439,792,1132,511,47,273
ACSSF,2010e1,al,000,0001,0000028,121219,6058,21852,4087,7102,7809,7643,9488,8006,8075,8920,7231,8184,4546,4692,7526,104845,4489,18952,3063,5054,6018,6512,7727,7102,7856,8277,6383,7929,4030,4692,6761,8462,906,1822,463,921,716,538,1161,396,121,314,501,63,132,0,408,6133,259,903,561,941,712,458,600,508,98,139,347,139,297,0,171,1779,404,175,0,186,363,135,0,0,0,190,0,53,87,0,186,38.3,40.5,25.4,27.7,27.6,121219,59682,61537,104845,51871,52974,8462,3612,4850,6133,3227,2906,1779,972,807,101964,88909,6550,4726,1779,13874,11294,1377,1203,0,,,,,,,,,,,,,,,,,,,,,,,,,,92975,82034,6370,3785,786,,,,,,,,,,,,,,,,,,,,,,,,,,,,,,,121219,6058,21852,11189,15452,17494,16995,15415,9238,7526,104845,4489,18952,8117,12530,14829,16133,14312,8722,6761,8462,906,1822,1384,1254,1557,435,564,132,408,6133,259,903,1502,1170,1108,237,486,297,171,1779,404,175,186,498,0,190,53,87,186
ACSSF,2010e1,al,000,0001,0000029,,,,,,,,,,,,,,,,,,,,,,,,,,,,,,,,,,,,,,,,,,,,,,,,,,,,,,,,,,,,,,,,,,,,,,,,,,,,,,,,,38.4,40.0,27.6,28.2,27.2,83803,40541,43262,72843,34789,38054,6028,3031,2997,4466,2397,2069,466,324,142,73565,63853,5889,3357,466,,,,,,,,,,,,,,,,,,,,,,,,,,,,,,,71870,62650,5585,3169,466,,,,,,83803,81265,2538,870,1668,72843,71128,1715,617,1098,6028,5801,227,0,227,4466,3870,596,253,343,466,466,0,0,0,83803,4757,14185,6589,12176,12081,12809,10560,6497,4149,72843,3950,11938,5253,9468,10404,11579,9990,6324,3937,6028,431,1828,233,1464,946,639,331,115,41,4466,376,419,1030,1034,731,567,148,58,103,466,0,0,73,210,0,24,91,0,68
ACSSF,2010e1,al,000,0001,0000030,192093,11382,35770,4991,9702,11800,14121,15396,15513,14329,13915,15295,8819,7135,5329,8596,168951,9710,32866,3570,7955,7965,10523,14061,14046,12971,12695,14052,8458,6974,5132,7973,11237,889,1655,663,750,1707,1645,597,756,1028,555,533,110,82,0,267,7457,274,753,559,940,1603,1262,309,374,199,121,348,156,46,157,356,4448,509,496,199,57,525,691,429,337,131,544,362,95,33,40,0,37.5,39.2,29.8,27.9,33.6,192093,93834,98259,168951,82689,86262,11237,5601,5636,7457,2956,4501,4448,2588,1860,160082,141735,8073,6306,3968,20191,17206,1923,958,104,,,,,,,,,,,,,,,,,,,,,,,,,,155147,137341,8073,6280,3453,,,,,,192093,181446,10647,2897,7750,168951,160083,8868,2659,6209,11237,10196,1041,21,1020,7457,7084,373,0,373,4448,4083,365,217,148,192093,11382,35770,14693,25921,30909,28244,24114,12464,8596,168951,9710,32866,11525,18488,28107,25666,22510,12106,7973,11237,889,1655,1413,3352,1353,1583,643,82,267,7457,274,753,1499,2865,683,320,504,203,356,4448,509,496,256,1216,766,675,457,73,0
ACSSF,2010e1,al,000,0001,0000031,78704,3911,13481,2678,4723,3790,4701,5068,6484,5208,6551,5459,5638,3615,2679,4718,68000,3222,12286,1759,3422,2917,3888,4356,5049,4694,5646,5265,5074,3404,2679,4339,5184,342,740,299,805,57,307,580,713,187,365,194,92,211,0,292,4246,347,260,620,461,607,472,0,722,264,392,0,62,0,0,39,1274,0,195,0,35,209,34,132,0,63,148,0,410,0,0,48,40.9,42.4,36.3,25.8,46.5,78704,38504,40200,68000,33209,34791,5184,2152,3032,4246,2464,1782,1274,679,595,53756,46917,2276,3615,948,23896,20203,2789,631,273,,,,,,,,,,,,,,,,,,,,,,,,,,52776,45971,2276,3615,914,,,,,,,,,,,,,,,,,,,,,,,,,,,,,,,78704,3911,13481,7401,8491,11552,11759,11097,6294,4718,68000,3222,12286,5181,6805,9405,10340,10339,6083,4339,5184,342,740,1104,364,1293,552,286,211,292,4246,347,260,1081,1079,722,656,62,0,39,1274,0,195,35,243,132,211,410,0,48
ACSSF,2010e1,al,000,0001,0000032,188410,10421,29078,8357,27579,14339,12258,10689,10821,11353,12228,10463,10244,6305,5103,9172,157480,7853,24873,6959,16466,10960,10123,8565,9672,10433,11431,10106,9859,6262,5032,8886,23103,2211,3732,960,8169,2146,1276,1808,758,661,510,315,195,43,71,248,4808,290,323,207,1293,783,786,234,155,259,208,42,190,0,0,38,3019,67,150,231,1651,450,73,82,236,0,79,0,0,0,0,0,31.6,35.8,22.1,27.1,23.7,188410,90689,97721,157480,76374,81106,23103,10966,12137,4808,2354,2454,3019,995,2024,125240,105522,14487,3581,1650,57462,47100,8164,1186,1012,,,,,,,,,,,,,,,,,,,,,,,,,,121449,102649,13630,3581,1589,5343,4252,974,0,117,188410,182804,5606,1678,3928,157480,152490,4990,1372,3618,23103,22487,616,306,310,4808,4808,0,0,0,3019,3019,0,0,0,188410,10421,29078,35936,26597,21510,23581,20707,11408,9172,157480,7853,24873,23425,21083,18237,21864,19965,11294,8886,23103,2211,3732,9129,3422,2566,1171,510,114,248,4808,290,323,1500,1569,389,467,232,0,38,3019,67,150,1882,523,318,79,0,0,0
ACSSF,2010e1,al,000,0001,0000033,66345,3179,11451,1453,3653,3981,3197,3707,4771,5301,5100,3586,5414,3423,3435,4694,57946,2310,9703,1270,2800,3208,2717,3381,4451,4217,4716,3105,5189,3289,3114,4476,5580,736,1171,183,373,456,217,168,186,736,263,481,225,120,47,218,1853,68,155,0,366,246,223,133,134,205,35,0,0,14,274,0,966,65,422,0,114,71,40,25,0,143,86,0,0,0,0,0,42.9,44.3,27.9,31.7,11.0,66345,31956,34389,57946,27765,30181,5580,2890,2690,1853,980,873,966,321,645,60268,53110,4762,1781,615,,,,,,,,,,,,,,,,,,,,,,,,,,,,,,,59887,52729,4762,1781,615,,,,,,,,,,,,,,,,,,,,,,,,,,,,,,,66345,3179,11451,5106,7178,8478,10401,9000,6858,4694,57946,2310,9703,4070,5925,7832,8933,8294,6403,4476,5580,736,1171,556,673,354,999,706,167,218,1853,68,155,366,469,267,240,0,288,0,966,65,422,114,111,25,229,0,0,0
ACSSF,2010e1,al,000,0001,0000034,210545,12356,31024,5138,17283,18591,15411,13283,14123,15046,16559,12509,11393,7306,6627,13896,158337,6721,22175,3060,10005,11035,11079,9365,11586,11440,13848,10835,10552,7002,6484,13150,41780,4904,7875,1408,5925,5622,3585,2652,2055,2899,1998,1387,630,304,48,488,5449,653,146,431,602,1281,420,290,332,563,468,0,92,0,95,76,4979,78,828,239,751,653,327,976,150,144,245,287,119,0,0,182,37.1,42.6,25.5,28.9,29.4,210545,96741,113804,158337,72022,86315,41780,19250,22530,5449,3056,2393,4979,2413,2566,46454,33241,8213,2578,2422,157429,120875,31592,2602,2360,,,,,,,,,,,,,,,,,,,,,,,,,,41358,30476,6402,2396,2084,8128,4447,3091,252,338,210545,203881,6664,2244,4420,158337,154066,4271,1523,2748,41780,39472,2308,636,1672,5449,5364,85,85,0,4979,4979,0,0,0,210545,12356,31024,22421,34002,27406,31605,23902,13933,13896,158337,6721,22175,13065,22114,20951,25288,21387,13486,13150,41780,4904,7875,7333,9207,4707,4897,2017,352,488,5449,653,146,1033,1701,622,1031,92,95,76,4979,78,828,990,980,1126,389,406,0,182
ACSSF,2010e1,al,000,0001,0000035,64899,3933,11536,2122,4914,4750,3453,3814,4300,4398,4738,4407,3163,2654,2213,4504,52099,2509,9180,1394,2620,2942,2500,3116,3607,4035,4354,4225,3059,2542,2111,3905,7181,915,1408,442,1031,833,614,575,204,259,300,110,69,74,102,245,3804,509,438,166,784,544,339,123,268,104,68,72,35,0,0,354,1815,0,510,120,479,431,0,0,221,0,16,0,0,38,0,0,36.8,42.5,24.1,25.8,23.0,64899,30043,34856,52099,24343,27756,7181,2930,4251,3804,1918,1886,1815,852,963,41524,34045,3318,2545,1616,19878,15469,3563,647,199,,,,,,,,,,,,,,,,,,,,,,,,,,40306,33521,3176,1993,1616,,,,,,64899,62595,2304,1018,1286,52099,50511,1588,864,724,7181,7056,125,110,15,3804,3213,591,44,547,1815,1815,0,0,0,64899,3933,11536,7036,8203,8114,9136,7570,4867,4504,52099,2509,9180,4014,5442,6723,8389,7284,4653,3905,7181,915,1408,1473,1447,779,559,179,176,245,3804,509,438,950,883,391,172,107,0,354,1815,0,510,599,431,221,16,0,38,0
ACSSF,2010e1,al,000,0001,0000036,,,,,,,,,,,,,,,,,,,,,,,,,,,,,,,,,,,,,,,,,,,,,,,,,,,,,,,,,,,,,,,,,,,,,,,,,,,,,,,,,35.0,39.7,26.3,25.4,28.2,77398,37557,39841,65315,31871,33444,6975,3345,3630,3834,1881,1953,1274,460,814,56604,49553,3542,2638,871,10358,8278,1798,282,0,,,,,,,,,,,,,,,,,,,,,,,,,,54359,47463,3542,2563,791,,,,,,77398,67748,9650,2966,6684,65315,57156,8159,2639,5520,6975,6153,822,183,639,3834,3376,458,0,458,1274,1063,211,144,67,77398,6485,15254,4733,12238,9404,11258,8399,4903,4724,65315,4472,13628,2920,8129,8463,10382,8047,4865,4409,6975,1299,869,983,2574,515,424,0,38,273,3834,714,412,595,1353,260,236,222,0,42,1274,0,345,235,182,166,216,130,0,0
ACSSF,2010e1,al,000,0001,0000037,177327,8248,28492,6357,13746,13115,12130,11405,12436,12696,14308,9528,9993,6963,6003,11907,149321,6098,23201,4687,10202,10137,9654,9178,10216,11613,12632,8882,9391,6370,5794,11266,18220,1610,3743,563,2413,2195,1680,1349,1262,755,934,435,483,94,209,495,6184,540,1300,830,706,613,531,413,877,59,122,0,63,130,0,0,3602,0,248,277,425,170,265,465,81,269,620,211,56,369,0,146,37.8,40.6,25.8,23.0,38.8,177327,85755,91572,149321,72595,76726,18220,8307,9913,6184,3180,3004,3602,1673,1929,112614,97583,9044,3885,2102,52020,42489,6626,1573,1332,,,,,,,,,,,,,,,,,,,,,,,,,,104456,90323,8971,3758,1404,10079,8735,487,127,730,177327,162815,14512,6011,8501,149321,137229,12092,5002,7090,18220,17369,851,300,551,6184,6036,148,73,75,3602,2181,1421,636,785,177327,8248,28492,20103,25245,23841,27004,19521,12966,11907,149321,6098,23201,14889,19791,19394,24245,18273,12164,11266,18220,1610,3743,2976,3875,2611,1689,918,303,495,6184,540,1300,1536,1144,1290,181,63,130,0,3602,0,248,702,435,546,889,267,369,146
ACSSF,2010e1,al,000,0001,0000038,201829,12394,33860,6634,17865,15199,12117,11208,11580,15633,15492,13418,8829,8205,6221,13174,164566,8659,27591,5469,13162,11701,9286,8664,8683,12548,13000,11946,8158,7870,6127,11702,24614,2668,4889,438,2899,2426,1958,1475,1826,2046,1458,980,531,268,94,658,5026,555,706,522,493,641,687,531,0,421,162,138,0,0,0,170,7623,512,674,205,1311,431,186,538,1071,618,872,354,140,67,0,644,36.4,38.7,27.7,26.9,39.8,201829,94624,107205,164566,77301,87265,24614,11243,13371,5026,1964,3062,7623,4116,3507,92847,77065,7965,3238,4579,102026,82401,15788,1561,2276,,,,,,,,,,,,,,,,,,,,,,,,,,89624,75399,6737,2909,4579,4975,3024,1622,329,0,201829,195092,6737,2784,3953,164566,160606,3960,1207,2753,24614,22871,1743,634,1109,5026,4727,299,208,91,7623,6888,735,735,0,201829,12394,33860,24499,27316,22788,31125,22247,14426,13174,164566,8659,27591,18631,20987,17347,25548,20104,13997,11702,24614,2668,4889,3337,4384,3301,3504,1511,362,658,5026,555,706,1015,1328,531,583,138,0,170,7623,512,674,1516,617,1609,1490,494,67,644
ACSSF,2010e1,al,000,0001,0000039,204282,12467,36867,5698,17318,16796,12579,12042,14004,14398,14464,12756,10403,7446,5323,11721,155879,8407,26787,4035,10193,10363,9636,9047,10061,11106,12876,11094,9248,7049,5323,10654,33831,2993,7842,949,5256,4305,2145,1842,2941,2110,985,1048,654,350,0,411,7957,539,1153,592,1124,966,521,794,628,599,54,554,50,0,0,383,6615,528,1085,122,745,1162,277,359,374,583,549,60,451,47,0,273,35.1,39.7,24.8,27.7,28.5,204282,95914,108368,155879,73595,82284,33831,15323,18508,7957,3655,4302,6615,3341,3274,80421,65190,6327,5178,3726,112819,82696,24834,2682,2607,,,,,,,,,,,,,,,,,,,,,,,,,,76647,62030,6126,5178,3313,7824,5188,1933,97,606,204282,194839,9443,3087,6356,155879,148253,7626,2867,4759,33831,32450,1381,33,1348,7957,7860,97,0,97,6615,6276,339,187,152,204282,12467,36867,23016,29375,26046,28862,23159,12769,11721,155879,8407,26787,14228,19999,19108,23982,20342,12372,10654,33831,2993,7842,6205,6450,4783,3095,1702,350,411,7957,539,1153,1716,1487,1422,653,604,0,383,6615,528,1085,867,1439,733,1132,511,47,273
ACSSF,2010e1,al,000,0001,0000040,87334,4734,12614,2851,17385,6603,5570,4009,4431,4961,5228,4936,4160,2371,2535,4946,67017,2764,10534,2316,8779,4282,3838,3196,3756,4540,4580,4707,3975,2371,2535,4844,15315,1707,1940,436,6215,1662,975,795,361,342,440,229,111,0,0,102,2727,254,54,82,849,365,684,0,78,79,208,0,74,0,0,0,2275,9,86,17,1542,294,73,18,236,0,0,0,0,0,0,0,29.5,36.8,22.1,27.5,24.0,87334,41478,45856,67017,32312,34705,15315,7211,8104,2727,1231,1496,2275,724,1551,46125,34104,9096,1726,1199,38481,30623,6179,960,719,,,,,,,,,,,,,,,,,,,,,,,,,,43489,32117,8508,1726,1138,,,,,,,,,,,,,,,,,,,,,,,,,,,,,,,87334,4734,12614,20236,12173,8440,10189,9096,4906,4946,67017,2764,10534,11095,8120,6952,9120,8682,4906,4844,15315,1707,1940,6651,2637,1156,782,340,0,102,2727,254,54,931,1049,78,287,74,0,0,2275,9,86,1559,367,254,0,0,0,0
ACSSF,2010e1,al,000,0001,0000041,210545,12356,31024,5138,17283,18591,15411,13283,14123,15046,16559,12509,11393,7306,6627,13896,158337,6721,22175,3060,10005,11035,11079,9365,11586,11440,13848,10835,10552,7002,6484,13150,41780,4904,7875,1408,5925,5622,3585,2652,2055,2899,1998,1387,630,304,48,488,5449,653,146,431,602,1281,420,290,332,563,468,0,92,0,95,76,4979,78,828,239,751,653,327,976,150,144,245,287,119,0,0,182,37.1,42.6,25.5,28.9,29.4,210545,96741,113804,158337,72022,86315,41780,19250,22530,5449,3056,2393,4979,2413,2566,46454,33241,8213,2578,2422,157429,120875,31592,2602,2360,,,,,,,,,,,,,,,,,,,,,,,,,,41358,30476,6402,2396,2084,8128,4447,3091,252,338,210545,203881,6664,2244,4420,158337,154066,4271,1523,2748,41780,39472,2308,636,1672,5449,5364,85,85,0,4979,4979,0,0,0,210545,12356,31024,22421,34002,27406,31605,23902,13933,13896,158337,6721,22175,13065,22114,20951,25288,21387,13486,13150,41780,4904,7875,7333,9207,4707,4897,2017,352,488,5449,653,146,1033,1701,622,1031,92,95,76,4979,78,828,990,980,1126,389,406,0,182
ACSSF,2010e1,al,000,0001,0000042,,,,,,,,,,,,,,,,,,,,,,,,,,,,,,,,,,,,,,,,,,,,,,,,,,,,,,,,,,,,,,,,,,,,,,,,,,,,,,,,,35.0,39.7,26.3,25.4,28.2,77398,37557,39841,65315,31871,33444,6975,3345,3630,3834,1881,1953,1274,460,814,56604,49553,3542,2638,871,10358,8278,1798,282,0,,,,,,,,,,,,,,,,,,,,,,,,,,54359,47463,3542,2563,791,,,,,,77398,67748,9650,2966,6684,65315,57156,8159,2639,5520,6975,6153,822,183,639,3834,3376,458,0,458,1274,1063,211,144,67,77398,6485,15254,4733,12238,9404,11258,8399,4903,4724,65315,4472,13628,2920,8129,8463,10382,8047,4865,4409,6975,1299,869,983,2574,515,424,0,38,273,3834,714,412,595,1353,260,236,222,0,42,1274,0,345,235,182,166,216,130,0,0
ACSSF,2010e1,al,000,0001,0000043,63679,3933,10945,2046,4914,4750,3453,3814,4157,4308,4539,4354,3163,2654,2145,4504,50879,2509,8589,1318,2620,2942,2500,3116,3464,3945,4155,4172,3059,2542,2043,3905,7181,915,1408,442,1031,833,614,575,204,259,300,110,69,74,102,245,3804,509,438,166,784,544,339,123,268,104,68,72,35,0,0,354,1815,0,510,120,479,431,0,0,221,0,16,0,0,38,0,0,36.9,42.7,24.1,25.8,23.0,63679,29468,34211,50879,23768,27111,7181,2930,4251,3804,1918,1886,1815,852,963,40304,32825,3318,2545,1616,19878,15469,3563,647,199,,,,,,,,,,,,,,,,,,,,,,,,,,39086,32301,3176,1993,1616,,,,,,63679,61375,2304,1018,1286,50879,49291,1588,864,724,7181,7056,125,110,15,3804,3213,591,44,547,1815,1815,0,0,0,63679,3933,10945,6960,8203,7971,8847,7517,4799,4504,50879,2509,8589,3938,5442,6580,8100,7231,4585,3905,7181,915,1408,1473,1447,779,559,179,176,245,3804,509,438,950,883,391,172,107,0,354,1815,0,510,599,431,221,16,0,38,0
ACSSF,2010e1,al,000,0001,0000044,177327,8248,28492,6357,13746,13115,12130,11405,12436,12696,14308,9528,9993,6963,6003,11907,149321,6098,23201,4687,10202,10137,9654,9178,10216,11613,12632,8882,9391,6370,5794,11266,18220,1610,3743,563,2413,2195,1680,1349,1262,755,934,435,483,94,209,495,6184,540,1300,830,706,613,531,413,877,59,122,0,63,130,0,0,3602,0,248,277,425,170,265,465,81,269,620,211,56,369,0,146,37.8,40.6,25.8,23.0,38.8,177327,85755,91572,149321,72595,76726,18220,8307,9913,6184,3180,3004,3602,1673,1929,112614,97583,9044,3885,2102,52020,42489,6626,1573,1332,,,,,,,,,,,,,,,,,,,,,,,,,,104456,90323,8971,3758,1404,10079,8735,487,127,730,177327,162815,14512,6011,8501,149321,137229,12092,5002,7090,18220,17369,851,300,551,6184,6036,148,73,75,3602,2181,1421,636,785,177327,8248,28492,20103,25245,23841,27004,19521,12966,11907,149321,6098,23201,14889,19791,19394,24245,18273,12164,11266,18220,1610,3743,2976,3875,2611,1689,918,303,495,6184,540,1300,1536,1144,1290,181,63,130,0,3602,0,248,702,435,546,889,267,369,146
ACSSF,2010e1,al,000,0001,0000045,201829,12394,33860,6634,17865,15199,12117,11208,11580,15633,15492,13418,8829,8205,6221,13174,164566,8659,27591,5469,13162,11701,9286,8664,8683,12548,13000,11946,8158,7870,6127,11702,24614,2668,4889,438,2899,2426,1958,1475,1826,2046,1458,980,531,268,94,658,5026,555,706,522,493,641,687,531,0,421,162,138,0,0,0,170,7623,512,674,205,1311,431,186,538,1071,618,872,354,140,67,0,644,36.4,38.7,27.7,26.9,39.8,201829,94624,107205,164566,77301,87265,24614,11243,13371,5026,1964,3062,7623,4116,3507,92847,77065,7965,3238,4579,102026,82401,15788,1561,2276,,,,,,,,,,,,,,,,,,,,,,,,,,89624,75399,6737,2909,4579,4975,3024,1622,329,0,201829,195092,6737,2784,3953,164566,160606,3960,1207,2753,24614,22871,1743,634,1109,5026,4727,299,208,91,7623,6888,735,735,0,201829,12394,33860,24499,27316,22788,31125,22247,14426,13174,164566,8659,27591,18631,20987,17347,25548,20104,13997,11702,24614,2668,4889,3337,4384,3301,3504,1511,362,658,5026,555,706,1015,1328,531,583,138,0,170,7623,512,674,1516,617,1609,1490,494,67,644
ACSSF,2010e1,al,000,0001,0000046,204282,12467,36867,5698,17318,16796,12579,12042,14004,14398,14464,12756,10403,7446,5323,11721,155879,8407,26787,4035,10193,10363,9636,9047,10061,11106,12876,11094,9248,7049,5323,10654,33831,2993,7842,949,5256,4305,2145,1842,2941,2110,985,1048,654,350,0,411,7957,539,1153,592,1124,966,521,794,628,599,54,554,50,0,0,383,6615,528,1085,122,745,1162,277,359,374,583,549,60,451,47,0,273,35.1,39.7,24.8,27.7,28.5,204282,95914,108368,155879,73595,82284,33831,15323,18508,7957,3655,4302,6615,3341,3274,80421,65190,6327,5178,3726,112819,82696,24834,2682,2607,,,,,,,,,,,,,,,,,,,,,,,,,,76647,62030,6126,5178,3313,7824,5188,1933,97,606,204282,194839,9443,3087,6356,155879,148253,7626,2867,4759,33831,32450,1381,33,1348,7957,7860,97,0,97,6615,6276,339,187,152,204282,12467,36867,23016,29375,26046,28862,23159,12769,11721,155879,8407,26787,14228,19999,19108,23982,20342,12372,10654,33831,2993,7842,6205,6450,4783,3095,1702,350,411,7957,539,1153,1716,1487,1422,653,604,0,383,6615,528,1085,867,1439,733,1132,511,47,273
ACSSF,2010e1,al,000,0001,0000047,87334,4734,12614,2851,17385,6603,5570,4009,4431,4961,5228,4936,4160,2371,2535,4946,67017,2764,10534,2316,8779,4282,3838,3196,3756,4540,4580,4707,3975,2371,2535,4844,15315,1707,1940,436,6215,1662,975,795,361,342,440,229,111,0,0,102,2727,254,54,82,849,365,684,0,78,79,208,0,74,0,0,0,2275,9,86,17,1542,294,73,18,236,0,0,0,0,0,0,0,29.5,36.8,22.1,27.5,24.0,87334,41478,45856,67017,32312,34705,15315,7211,8104,2727,1231,1496,2275,724,1551,46125,34104,9096,1726,1199,38481,30623,6179,960,719,,,,,,,,,,,,,,,,,,,,,,,,,,43489,32117,8508,1726,1138,,,,,,,,,,,,,,,,,,,,,,,,,,,,,,,87334,4734,12614,20236,12173,8440,10189,9096,4906,4946,67017,2764,10534,11095,8120,6952,9120,8682,4906,4844,15315,1707,1940,6651,2637,1156,782,340,0,102,2727,254,54,931,1049,78,287,74,0,0,2275,9,86,1559,367,254,0,0,0,0
ACSSF,2010e1,al,000,0001,0000048,,,,,,,,,,,,,,,,,,,,,,,,,,,,,,,,,,,,,,,,,,,,,,,,,,,,,,,,,,,,,,,,,,,,,,,,,,,,,,,,,,,,,,,,,,,,,,,,,,,,,,,,,,,,,,,,,,,,,,,,,,,,,,,,,,,,,,,,,,,,,,,,,,,,,,,,,,,,,,,,,,,,,,,,,,,,,,,,,,,,,,,,,,,,,,,,,,,,,,,,,,,,,,,,,,,,,,,,,,,,
ACSSF,2010e1,al,000,0001,0000049,,,,,,,,,,,,,,,,,,,,,,,,,,,,,,,,,,,,,,,,,,,,,,,,,,,,,,,,,,,,,,,,,,,,,,,,,,,,,,,,,,,,,,,,,,,,,,,,,,,,,,,,,,,,,,,,,,,,,,,,,,,,,,,,,,,,,,,,,,,,,,,,,,,,,,,,,,,,,,,,,,,,,,,,,,,,,,,,,,,,,,,,,,,,,,,,,,,,,,,,,,,,,,,,,,,,,,,,,,,,
ACSSF,2010e1,al,000,0001,0000050,,,,,,,,,,,,,,,,,,,,,,,,,,,,,,,,,,,,,,,,,,,,,,,,,,,,,,,,,,,,,,,,,,,,,,,,,,,,,,,,,,,,,,,,,,,,,,,,,,,,,,,,,,,,,,,,,,,,,,,,,,,,,,,,,,,,,,,,,,,,,,,,,,,,,,,,,,,,,,,,,,,,,,,,,,,,,,,,,,,,,,,,,,,,,,,,,,,,,,,,,,,,,,,,,,,,,,,,,,,,
ACSSF,2010e1,al,000,0001,0000051,,,,,,,,,,,,,,,,,,,,,,,,,,,,,,,,,,,,,,,,,,,,,,,,,,,,,,,,,,,,,,,,,,,,,,,,,,,,,,,,,,,,,,,,,,,,,,,,,,,,,,,,,,,,,,,,,,,,,,,,,,,,,,,,,,,,,,,,,,,,,,,,,,,,,,,,,,,,,,,,,,,,,,,,,,,,,,,,,,,,,,,,,,,,,,,,,,,,,,,,,,,,,,,,,,,,,,,,,,,,
ACSSF,2010e1,al,000,0001,0000052,,,,,,,,,,,,,,,,,,,,,,,,,,,,,,,,,,,,,,,,,,,,,,,,,,,,,,,,,,,,,,,,,,,,,,,,,,,,,,,,,,,,,,,,,,,,,,,,,,,,,,,,,,,,,,,,,,,,,,,,,,,,,,,,,,,,,,,,,,,,,,,,,,,,,,,,,,,,,,,,,,,,,,,,,,,,,,,,,,,,,,,,,,,,,,,,,,,,,,,,,,,,,,,,,,,,,,,,,,,,
ACSSF,2010e1,al,000,0001,0000053,,,,,,,,,,,,,,,,,,,,,,,,,,,,,,,,,,,,,,,,,,,,,,,,,,,,,,,,,,,,,,,,,,,,,,,,,,,,,,,,,,,,,,,,,,,,,,,,,,,,,,,,,,,,,,,,,,,,,,,,,,,,,,,,,,,,,,,,,,,,,,,,,,,,,,,,,,,,,,,,,,,,,,,,,,,,,,,,,,,,,,,,,,,,,,,,,,,,,,,,,,,,,,,,,,,,,,,,,,,,
ACSSF,2010e1,al,000,0001,0000054,,,,,,,,,,,,,,,,,,,,,,,,,,,,,,,,,,,,,,,,,,,,,,,,,,,,,,,,,,,,,,,,,,,,,,,,,,,,,,,,,,,,,,,,,,,,,,,,,,,,,,,,,,,,,,,,,,,,,,,,,,,,,,,,,,,,,,,,,,,,,,,,,,,,,,,,,,,,,,,,,,,,,,,,,,,,,,,,,,,,,,,,,,,,,,,,,,,,,,,,,,,,,,,,,,,,,,,,,,,,
ACSSF,2010e1,al,000,0001,0000055,,,,,,,,,,,,,,,,,,,,,,,,,,,,,,,,,,,,,,,,,,,,,,,,,,,,,,,,,,,,,,,,,,,,,,,,,,,,,,,,,,,,,,,,,,,,,,,,,,,,,,,,,,,,,,,,,,,,,,,,,,,,,,,,,,,,,,,,,,,,,,,,,,,,,,,,,,,,,,,,,,,,,,,,,,,,,,,,,,,,,,,,,,,,,,,,,,,,,,,,,,,,,,,,,,,,,,,,,,,,
ACSSF,2010e1,al,000,0001,0000056,,,,,,,,,,,,,,,,,,,,,,,,,,,,,,,,,,,,,,,,,,,,,,,,,,,,,,,,,,,,,,,,,,,,,,,,,,,,,,,,,,,,,,,,,,,,,,,,,,,,,,,,,,,,,,,,,,,,,,,,,,,,,,,,,,,,,,,,,,,,,,,,,,,,,,,,,,,,,,,,,,,,,,,,,,,,,,,,,,,,,,,,,,,,,,,,,,,,,,,,,,,,,,,,,,,,,,,,,,,,
ACSSF,2010e1,al,000,0001,0000057,,,,,,,,,,,,,,,,,,,,,,,,,,,,,,,,,,,,,,,,,,,,,,,,,,,,,,,,,,,,,,,,,,,,,,,,,,,,,,,,,,,,,,,,,,,,,,,,,,,,,,,,,,,,,,,,,,,,,,,,,,,,,,,,,,,,,,,,,,,,,,,,,,,,,,,,,,,,,,,,,,,,,,,,,,,,,,,,,,,,,,,,,,,,,,,,,,,,,,,,,,,,,,,,,,,,,,,,,,,,
ACSSF,2010e1,al,000,0001,0000058,,,,,,,,,,,,,,,,,,,,,,,,,,,,,,,,,,,,,,,,,,,,,,,,,,,,,,,,,,,,,,,,,,,,,,,,,,,,,,,,,,,,,,,,,,,,,,,,,,,,,,,,,,,,,,,,,,,,,,,,,,,,,,,,,,,,,,,,,,,,,,,,,,,,,,,,,,,,,,,,,,,,,,,,,,,,,,,,,,,,,,,,,,,,,,,,,,,,,,,,,,,,,,,,,,,,,,,,,,,,
ACSSF,2010e1,al,000,0001,0000059,,,,,,,,,,,,,,,,,,,,,,,,,,,,,,,,,,,,,,,,,,,,,,,,,,,,,,,,,,,,,,,,,,,,,,,,,,,,,,,,,,,,,,,,,,,,,,,,,,,,,,,,,,,,,,,,,,,,,,,,,,,,,,,,,,,,,,,,,,,,,,,,,,,,,,,,,,,,,,,,,,,,,,,,,,,,,,,,,,,,,,,,,,,,,,,,,,,,,,,,,,,,,,,,,,,,,,,,,,,,
ACSSF,2010e1,al,000,0001,0000060,,,,,,,,,,,,,,,,,,,,,,,,,,,,,,,,,,,,,,,,,,,,,,,,,,,,,,,,,,,,,,,,,,,,,,,,,,,,,,,,,,,,,,,,,,,,,,,,,,,,,,,,,,,,,,,,,,,,,,,,,,,,,,,,,,,,,,,,,,,,,,,,,,,,,,,,,,,,,,,,,,,,,,,,,,,,,,,,,,,,,,,,,,,,,,,,,,,,,,,,,,,,,,,,,,,,,,,,,,,,
ACSSF,2010e1,al,000,0001,0000061,,,,,,,,,,,,,,,,,,,,,,,,,,,,,,,,,,,,,,,,,,,,,,,,,,,,,,,,,,,,,,,,,,,,,,,,,,,,,,,,,,,,,,,,,,,,,,,,,,,,,,,,,,,,,,,,,,,,,,,,,,,,,,,,,,,,,,,,,,,,,,,,,,,,,,,,,,,,,,,,,,,,,,,,,,,,,,,,,,,,,,,,,,,,,,,,,,,,,,,,,,,,,,,,,,,,,,,,,,,,
ACSSF,2010e1,al,000,0001,0000062,,,,,,,,,,,,,,,,,,,,,,,,,,,,,,,,,,,,,,,,,,,,,,,,,,,,,,,,,,,,,,,,,,,,,,,,,,,,,,,,,,,,,,,,,,,,,,,,,,,,,,,,,,,,,,,,,,,,,,,,,,,,,,,,,,,,,,,,,,,,,,,,,,,,,,,,,,,,,,,,,,,,,,,,,,,,,,,,,,,,,,,,,,,,,,,,,,,,,,,,,,,,,,,,,,,,,,,,,,,,
ACSSF,2010e1,al,000,0001,0000063,,,,,,,,,,,,,,,,,,,,,,,,,,,,,,,,,,,,,,,,,,,,,,,,,,,,,,,,,,,,,,,,,,,,,,,,,,,,,,,,,,,,,,,,,,,,,,,,,,,,,,,,,,,,,,,,,,,,,,,,,,,,,,,,,,,,,,,,,,,,,,,,,,,,,,,,,,,,,,,,,,,,,,,,,,,,,,,,,,,,,,,,,,,,,,,,,,,,,,,,,,,,,,,,,,,,,,,,,,,,
ACSSF,2010e1,al,000,0001,0000064,,,,,,,,,,,,,,,,,,,,,,,,,,,,,,,,,,,,,,,,,,,,,,,,,,,,,,,,,,,,,,,,,,,,,,,,,,,,,,,,,,,,,,,,,,,,,,,,,,,,,,,,,,,,,,,,,,,,,,,,,,,,,,,,,,,,,,,,,,,,,,,,,,,,,,,,,,,,,,,,,,,,,,,,,,,,,,,,,,,,,,,,,,,,,,,,,,,,,,,,,,,,,,,,,,,,,,,,,,,,
ACSSF,2010e1,al,000,0001,0000065,,,,,,,,,,,,,,,,,,,,,,,,,,,,,,,,,,,,,,,,,,,,,,,,,,,,,,,,,,,,,,,,,,,,,,,,,,,,,,,,,,,,,,,,,,,,,,,,,,,,,,,,,,,,,,,,,,,,,,,,,,,,,,,,,,,,,,,,,,,,,,,,,,,,,,,,,,,,,,,,,,,,,,,,,,,,,,,,,,,,,,,,,,,,,,,,,,,,,,,,,,,,,,,,,,,,,,,,,,,,
ACSSF,2010e1,al,000,0001,0000066,,,,,,,,,,,,,,,,,,,,,,,,,,,,,,,,,,,,,,,,,,,,,,,,,,,,,,,,,,,,,,,,,,,,,,,,,,,,,,,,,,,,,,,,,,,,,,,,,,,,,,,,,,,,,,,,,,,,,,,,,,,,,,,,,,,,,,,,,,,,,,,,,,,,,,,,,,,,,,,,,,,,,,,,,,,,,,,,,,,,,,,,,,,,,,,,,,,,,,,,,,,,,,,,,,,,,,,,,,,,
ACSSF,2010e1,al,000,0001,0000067,,,,,,,,,,,,,,,,,,,,,,,,,,,,,,,,,,,,,,,,,,,,,,,,,,,,,,,,,,,,,,,,,,,,,,,,,,,,,,,,,,,,,,,,,,,,,,,,,,,,,,,,,,,,,,,,,,,,,,,,,,,,,,,,,,,,,,,,,,,,,,,,,,,,,,,,,,,,,,,,,,,,,,,,,,,,,,,,,,,,,,,,,,,,,,,,,,,,,,,,,,,,,,,,,,,,,,,,,,,,
ACSSF,2010e1,al,000,0001,0000068,,,,,,,,,,,,,,,,,,,,,,,,,,,,,,,,,,,,,,,,,,,,,,,,,,,,,,,,,,,,,,,,,,,,,,,,,,,,,,,,,,,,,,,,,,,,,,,,,,,,,,,,,,,,,,,,,,,,,,,,,,,,,,,,,,,,,,,,,,,,,,,,,,,,,,,,,,,,,,,,,,,,,,,,,,,,,,,,,,,,,,,,,,,,,,,,,,,,,,,,,,,,,,,,,,,,,,,,,,,,
ACSSF,2010e1,al,000,0001,0000069,,,,,,,,,,,,,,,,,,,,,,,,,,,,,,,,,,,,,,,,,,,,,,,,,,,,,,,,,,,,,,,,,,,,,,,,,,,,,,,,,,,,,,,,,,,,,,,,,,,,,,,,,,,,,,,,,,,,,,,,,,,,,,,,,,,,,,,,,,,,,,,,,,,,,,,,,,,,,,,,,,,,,,,,,,,,,,,,,,,,,,,,,,,,,,,,,,,,,,,,,,,,,,,,,,,,,,,,,,,,
ACSSF,2010e1,al,000,0001,0000070,,,,,,,,,,,,,,,,,,,,,,,,,,,,,,,,,,,,,,,,,,,,,,,,,,,,,,,,,,,,,,,,,,,,,,,,,,,,,,,,,,,,,,,,,,,,,,,,,,,,,,,,,,,,,,,,,,,,,,,,,,,,,,,,,,,,,,,,,,,,,,,,,,,,,,,,,,,,,,,,,,,,,,,,,,,,,,,,,,,,,,,,,,,,,,,,,,,,,,,,,,,,,,,,,,,,,,,,,,,,
ACSSF,2010e1,al,000,0001,0000071,,,,,,,,,,,,,,,,,,,,,,,,,,,,,,,,,,,,,,,,,,,,,,,,,,,,,,,,,,,,,,,,,,,,,,,,,,,,,,,,,,,,,,,,,,,,,,,,,,,,,,,,,,,,,,,,,,,,,,,,,,,,,,,,,,,,,,,,,,,,,,,,,,,,,,,,,,,,,,,,,,,,,,,,,,,,,,,,,,,,,,,,,,,,,,,,,,,,,,,,,,,,,,,,,,,,,,,,,,,,
ACSSF,2010e1,al,000,0001,0000072,,,,,,,,,,,,,,,,,,,,,,,,,,,,,,,,,,,,,,,,,,,,,,,,,,,,,,,,,,,,,,,,,,,,,,,,,,,,,,,,,,,,,,,,,,,,,,,,,,,,,,,,,,,,,,,,,,,,,,,,,,,,,,,,,,,,,,,,,,,,,,,,,,,,,,,,,,,,,,,,,,,,,,,,,,,,,,,,,,,,,,,,,,,,,,,,,,,,,,,,,,,,,,,,,,,,,,,,,,,,
ACSSF,2010e1,al,000,0001,0000073,,,,,,,,,,,,,,,,,,,,,,,,,,,,,,,,,,,,,,,,,,,,,,,,,,,,,,,,,,,,,,,,,,,,,,,,,,,,,,,,,,,,,,,,,,,,,,,,,,,,,,,,,,,,,,,,,,,,,,,,,,,,,,,,,,,,,,,,,,,,,,,,,,,,,,,,,,,,,,,,,,,,,,,,,,,,,,,,,,,,,,,,,,,,,,,,,,,,,,,,,,,,,,,,,,,,,,,,,,,,
ACSSF,2010e1,al,000,0001,0000074,,,,,,,,,,,,,,,,,,,,,,,,,,,,,,,,,,,,,,,,,,,,,,,,,,,,,,,,,,,,,,,,,,,,,,,,,,,,,,,,,,,,,,,,,,,,,,,,,,,,,,,,,,,,,,,,,,,,,,,,,,,,,,,,,,,,,,,,,,,,,,,,,,,,,,,,,,,,,,,,,,,,,,,,,,,,,,,,,,,,,,,,,,,,,,,,,,,,,,,,,,,,,,,,,,,,,,,,,,,,
ACSSF,2010e1,al,000,0001,0000075,,,,,,,,,,,,,,,,,,,,,,,,,,,,,,,,,,,,,,,,,,,,,,,,,,,,,,,,,,,,,,,,,,,,,,,,,,,,,,,,,,,,,,,,,,,,,,,,,,,,,,,,,,,,,,,,,,,,,,,,,,,,,,,,,,,,,,,,,,,,,,,,,,,,,,,,,,,,,,,,,,,,,,,,,,,,,,,,,,,,,,,,,,,,,,,,,,,,,,,,,,,,,,,,,,,,,,,,,,,,
ACSSF,2010e1,al,000,0001,0000076,,,,,,,,,,,,,,,,,,,,,,,,,,,,,,,,,,,,,,,,,,,,,,,,,,,,,,,,,,,,,,,,,,,,,,,,,,,,,,,,,,,,,,,,,,,,,,,,,,,,,,,,,,,,,,,,,,,,,,,,,,,,,,,,,,,,,,,,,,,,,,,,,,,,,,,,,,,,,,,,,,,,,,,,,,,,,,,,,,,,,,,,,,,,,,,,,,,,,,,,,,,,,,,,,,,,,,,,,,,,
ACSSF,2010e1,al,000,0001,0000077,,,,,,,,,,,,,,,,,,,,,,,,,,,,,,,,,,,,,,,,,,,,,,,,,,,,,,,,,,,,,,,,,,,,,,,,,,,,,,,,,,,,,,,,,,,,,,,,,,,,,,,,,,,,,,,,,,,,,,,,,,,,,,,,,,,,,,,,,,,,,,,,,,,,,,,,,,,,,,,,,,,,,,,,,,,,,,,,,,,,,,,,,,,,,,,,,,,,,,,,,,,,,,,,,,,,,,,,,,,,
ACSSF,2010e1,al,000,0001,0000078,,,,,,,,,,,,,,,,,,,,,,,,,,,,,,,,,,,,,,,,,,,,,,,,,,,,,,,,,,,,,,,,,,,,,,,,,,,,,,,,,,,,,,,,,,,,,,,,,,,,,,,,,,,,,,,,,,,,,,,,,,,,,,,,,,,,,,,,,,,,,,,,,,,,,,,,,,,,,,,,,,,,,,,,,,,,,,,,,,,,,,,,,,,,,,,,,,,,,,,,,,,,,,,,,,,,,,,,,,,,
ACSSF,2010e1,al,000,0001,0000079,,,,,,,,,,,,,,,,,,,,,,,,,,,,,,,,,,,,,,,,,,,,,,,,,,,,,,,,,,,,,,,,,,,,,,,,,,,,,,,,,,,,,,,,,,,,,,,,,,,,,,,,,,,,,,,,,,,,,,,,,,,,,,,,,,,,,,,,,,,,,,,,,,,,,,,,,,,,,,,,,,,,,,,,,,,,,,,,,,,,,,,,,,,,,,,,,,,,,,,,,,,,,,,,,,,,,,,,,,,,
ACSSF,2010e1,al,000,0001,0000080,,,,,,,,,,,,,,,,,,,,,,,,,,,,,,,,,,,,,,,,,,,,,,,,,,,,,,,,,,,,,,,,,,,,,,,,,,,,,,,,,,,,,,,,,,,,,,,,,,,,,,,,,,,,,,,,,,,,,,,,,,,,,,,,,,,,,,,,,,,,,,,,,,,,,,,,,,,,,,,,,,,,,,,,,,,,,,,,,,,,,,,,,,,,,,,,,,,,,,,,,,,,,,,,,,,,,,,,,,,,
ACSSF,2010e1,al,000,0001,0000081,,,,,,,,,,,,,,,,,,,,,,,,,,,,,,,,,,,,,,,,,,,,,,,,,,,,,,,,,,,,,,,,,,,,,,,,,,,,,,,,,,,,,,,,,,,,,,,,,,,,,,,,,,,,,,,,,,,,,,,,,,,,,,,,,,,,,,,,,,,,,,,,,,,,,,,,,,,,,,,,,,,,,,,,,,,,,,,,,,,,,,,,,,,,,,,,,,,,,,,,,,,,,,,,,,,,,,,,,,,,
ACSSF,2010e1,al,000,0001,0000082,,,,,,,,,,,,,,,,,,,,,,,,,,,,,,,,,,,,,,,,,,,,,,,,,,,,,,,,,,,,,,,,,,,,,,,,,,,,,,,,,,,,,,,,,,,,,,,,,,,,,,,,,,,,,,,,,,,,,,,,,,,,,,,,,,,,,,,,,,,,,,,,,,,,,,,,,,,,,,,,,,,,,,,,,,,,,,,,,,,,,,,,,,,,,,,,,,,,,,,,,,,,,,,,,,,,,,,,,,,,
ACSSF,2010e1,al,000,0001,0000083,,,,,,,,,,,,,,,,,,,,,,,,,,,,,,,,,,,,,,,,,,,,,,,,,,,,,,,,,,,,,,,,,,,,,,,,,,,,,,,,,,,,,,,,,,,,,,,,,,,,,,,,,,,,,,,,,,,,,,,,,,,,,,,,,,,,,,,,,,,,,,,,,,,,,,,,,,,,,,,,,,,,,,,,,,,,,,,,,,,,,,,,,,,,,,,,,,,,,,,,,,,,,,,,,,,,,,,,,,,,
ACSSF,2010e1,al,000,0001,0000084,,,,,,,,,,,,,,,,,,,,,,,,,,,,,,,,,,,,,,,,,,,,,,,,,,,,,,,,,,,,,,,,,,,,,,,,,,,,,,,,,,,,,,,,,,,,,,,,,,,,,,,,,,,,,,,,,,,,,,,,,,,,,,,,,,,,,,,,,,,,,,,,,,,,,,,,,,,,,,,,,,,,,,,,,,,,,,,,,,,,,,,,,,,,,,,,,,,,,,,,,,,,,,,,,,,,,,,,,,,,
ACSSF,2010e1,al,000,0001,0000085,,,,,,,,,,,,,,,,,,,,,,,,,,,,,,,,,,,,,,,,,,,,,,,,,,,,,,,,,,,,,,,,,,,,,,,,,,,,,,,,,,,,,,,,,,,,,,,,,,,,,,,,,,,,,,,,,,,,,,,,,,,,,,,,,,,,,,,,,,,,,,,,,,,,,,,,,,,,,,,,,,,,,,,,,,,,,,,,,,,,,,,,,,,,,,,,,,,,,,,,,,,,,,,,,,,,,,,,,,,,
ACSSF,2010e1,al,000,0001,0000086,,,,,,,,,,,,,,,,,,,,,,,,,,,,,,,,,,,,,,,,,,,,,,,,,,,,,,,,,,,,,,,,,,,,,,,,,,,,,,,,,,,,,,,,,,,,,,,,,,,,,,,,,,,,,,,,,,,,,,,,,,,,,,,,,,,,,,,,,,,,,,,,,,,,,,,,,,,,,,,,,,,,,,,,,,,,,,,,,,,,,,,,,,,,,,,,,,,,,,,,,,,,,,,,,,,,,,,,,,,,
ACSSF,2010e1,al,000,0001,0000087,,,,,,,,,,,,,,,,,,,,,,,,,,,,,,,,,,,,,,,,,,,,,,,,,,,,,,,,,,,,,,,,,,,,,,,,,,,,,,,,,,,,,,,,,,,,,,,,,,,,,,,,,,,,,,,,,,,,,,,,,,,,,,,,,,,,,,,,,,,,,,,,,,,,,,,,,,,,,,,,,,,,,,,,,,,,,,,,,,,,,,,,,,,,,,,,,,,,,,,,,,,,,,,,,,,,,,,,,,,,
ACSSF,2010e1,al,000,0001,0000088,,,,,,,,,,,,,,,,,,,,,,,,,,,,,,,,,,,,,,,,,,,,,,,,,,,,,,,,,,,,,,,,,,,,,,,,,,,,,,,,,,,,,,,,,,,,,,,,,,,,,,,,,,,,,,,,,,,,,,,,,,,,,,,,,,,,,,,,,,,,,,,,,,,,,,,,,,,,,,,,,,,,,,,,,,,,,,,,,,,,,,,,,,,,,,,,,,,,,,,,,,,,,,,,,,,,,,,,,,,,
ACSSF,2010e1,al,000,0001,0000089,,,,,,,,,,,,,,,,,,,,,,,,,,,,,,,,,,,,,,,,,,,,,,,,,,,,,,,,,,,,,,,,,,,,,,,,,,,,,,,,,,,,,,,,,,,,,,,,,,,,,,,,,,,,,,,,,,,,,,,,,,,,,,,,,,,,,,,,,,,,,,,,,,,,,,,,,,,,,,,,,,,,,,,,,,,,,,,,,,,,,,,,,,,,,,,,,,,,,,,,,,,,,,,,,,,,,,,,,,,,
ACSSF,2010e1,al,000,0001,0000090,,,,,,,,,,,,,,,,,,,,,,,,,,,,,,,,,,,,,,,,,,,,,,,,,,,,,,,,,,,,,,,,,,,,,,,,,,,,,,,,,,,,,,,,,,,,,,,,,,,,,,,,,,,,,,,,,,,,,,,,,,,,,,,,,,,,,,,,,,,,,,,,,,,,,,,,,,,,,,,,,,,,,,,,,,,,,,,,,,,,,,,,,,,,,,,,,,,,,,,,,,,,,,,,,,,,,,,,,,,,
ACSSF,2010e1,al,000,0001,0000091,,,,,,,,,,,,,,,,,,,,,,,,,,,,,,,,,,,,,,,,,,,,,,,,,,,,,,,,,,,,,,,,,,,,,,,,,,,,,,,,,,,,,,,,,,,,,,,,,,,,,,,,,,,,,,,,,,,,,,,,,,,,,,,,,,,,,,,,,,,,,,,,,,,,,,,,,,,,,,,,,,,,,,,,,,,,,,,,,,,,,,,,,,,,,,,,,,,,,,,,,,,,,,,,,,,,,,,,,,,,
ACSSF,2010e1,al,000,0001,0000092,,,,,,,,,,,,,,,,,,,,,,,,,,,,,,,,,,,,,,,,,,,,,,,,,,,,,,,,,,,,,,,,,,,,,,,,,,,,,,,,,,,,,,,,,,,,,,,,,,,,,,,,,,,,,,,,,,,,,,,,,,,,,,,,,,,,,,,,,,,,,,,,,,,,,,,,,,,,,,,,,,,,,,,,,,,,,,,,,,,,,,,,,,,,,,,,,,,,,,,,,,,,,,,,,,,,,,,,,,,,
ACSSF,2010e1,al,000,0001,0000093,,,,,,,,,,,,,,,,,,,,,,,,,,,,,,,,,,,,,,,,,,,,,,,,,,,,,,,,,,,,,,,,,,,,,,,,,,,,,,,,,,,,,,,,,,,,,,,,,,,,,,,,,,,,,,,,,,,,,,,,,,,,,,,,,,,,,,,,,,,,,,,,,,,,,,,,,,,,,,,,,,,,,,,,,,,,,,,,,,,,,,,,,,,,,,,,,,,,,,,,,,,,,,,,,,,,,,,,,,,,
ACSSF,2010e1,al,000,0001,0000094,,,,,,,,,,,,,,,,,,,,,,,,,,,,,,,,,,,,,,,,,,,,,,,,,,,,,,,,,,,,,,,,,,,,,,,,,,,,,,,,,,,,,,,,,,,,,,,,,,,,,,,,,,,,,,,,,,,,,,,,,,,,,,,,,,,,,,,,,,,,,,,,,,,,,,,,,,,,,,,,,,,,,,,,,,,,,,,,,,,,,,,,,,,,,,,,,,,,,,,,,,,,,,,,,,,,,,,,,,,,
ACSSF,2010e1,al,000,0001,0000095,,,,,,,,,,,,,,,,,,,,,,,,,,,,,,,,,,,,,,,,,,,,,,,,,,,,,,,,,,,,,,,,,,,,,,,,,,,,,,,,,,,,,,,,,,,,,,,,,,,,,,,,,,,,,,,,,,,,,,,,,,,,,,,,,,,,,,,,,,,,,,,,,,,,,,,,,,,,,,,,,,,,,,,,,,,,,,,,,,,,,,,,,,,,,,,,,,,,,,,,,,,,,,,,,,,,,,,,,,,,
ACSSF,2010e1,al,000,0001,0000096,,,,,,,,,,,,,,,,,,,,,,,,,,,,,,,,,,,,,,,,,,,,,,,,,,,,,,,,,,,,,,,,,,,,,,,,,,,,,,,,,,,,,,,,,,,,,,,,,,,,,,,,,,,,,,,,,,,,,,,,,,,,,,,,,,,,,,,,,,,,,,,,,,,,,,,,,,,,,,,,,,,,,,,,,,,,,,,,,,,,,,,,,,,,,,,,,,,,,,,,,,,,,,,,,,,,,,,,,,,,
ACSSF,2010e1,al,000,0001,0000097,,,,,,,,,,,,,,,,,,,,,,,,,,,,,,,,,,,,,,,,,,,,,,,,,,,,,,,,,,,,,,,,,,,,,,,,,,,,,,,,,,,,,,,,,,,,,,,,,,,,,,,,,,,,,,,,,,,,,,,,,,,,,,,,,,,,,,,,,,,,,,,,,,,,,,,,,,,,,,,,,,,,,,,,,,,,,,,,,,,,,,,,,,,,,,,,,,,,,,,,,,,,,,,,,,,,,,,,,,,,
ACSSF,2010e1,al,000,0001,0000098,,,,,,,,,,,,,,,,,,,,,,,,,,,,,,,,,,,,,,,,,,,,,,,,,,,,,,,,,,,,,,,,,,,,,,,,,,,,,,,,,,,,,,,,,,,,,,,,,,,,,,,,,,,,,,,,,,,,,,,,,,,,,,,,,,,,,,,,,,,,,,,,,,,,,,,,,,,,,,,,,,,,,,,,,,,,,,,,,,,,,,,,,,,,,,,,,,,,,,,,,,,,,,,,,,,,,,,,,,,,
