ACSSF,2010e1,al,000,0017,0000001,4785298,160,64,0,660698,7918,89,113,328,4606,206,943,204,950,479,336,0,125,2261,75,670,902,10888,273,1404,2501,69,290,732,0,2508,1478,1820,29598,671,329610,64,34265,873,60297,5710,233013,0,7993,63,2725,192,1403,314306,530,60856,212,1290,145,60,75,58,967,8561,181,22500,1609,1349,5980,2494,63873,70981,546,459,626,408,0,33436,0,587,0,800,0,1746,0,0,0,209,1072,0,194,28548,280,10417,3283,2336,1593,9150,6979,197,228,40,176,152,391,357,3625,312,366,1135,0,428,1837638,920323,4785298,660698,7918,10888,2508,1820,29598,329610,34265,60297,5710,233013,7993,2725,314306,60856,1290,8561,22500,1609,5980,63873,70981,626,33436,10417,3283,1593,9150,6979,1862492,920323
ACSSF,2010e1,al,000,0017,0000002,2507522,160,64,0,271641,5434,89,113,90,3159,206,943,16,522,296,176,0,114,1131,75,340,675,6194,109,985,1671,0,290,434,0,1573,800,963,13763,439,171401,64,20102,508,35121,2895,119198,0,5158,47,1656,0,1002,145010,530,33544,130,1037,145,60,75,58,674,5305,0,11257,295,523,4021,1928,36158,38025,502,385,518,380,0,22840,0,587,0,800,0,653,0,0,0,167,1072,0,194,19087,280,6697,1252,1892,1125,5320,6117,166,228,40,176,152,195,304,3245,133,366,1112,0,227,1117562,399747,2507522,271641,5434,6194,1573,963,13763,171401,20102,35121,2895,119198,5158,1656,145010,33544,1037,5305,11257,295,4021,36158,38025,518,22840,6697,1252,1125,5320,6117,1134155,399747
ACSSF,2010e1,al,000,0017,0000003,,,,,,,,,,,,,,,,,,,,,,,,,,,,,,,,,,,,,,,,,,,,,,,,,,,,,,,,,,,,,,,,,,,,,,,,,,,,,,,,,,,,,,,,,,,,,,,,,,,,,,,,,,,,,,2277776,389057,2484,4694,935,857,15835,158209,14163,25176,2815,113815,2835,1069,169296,27312,253,3256,11243,1314,1959,27715,32956,108,10596,3720,2031,468,3830,862,728337,520576
ACSSF,2010e1,al,000,0017,0000004,4300537,160,64,0,580387,7778,89,113,328,4606,206,943,204,810,479,336,0,125,2161,75,651,902,9645,273,1351,2246,0,290,732,0,2508,1478,1705,26945,671,302074,64,33460,873,57372,5432,217789,0,7600,63,2308,192,1403,282587,530,58104,212,1290,145,60,75,15,967,8238,181,21141,1609,1349,5654,2219,59568,65889,546,459,626,399,0,31063,0,587,0,800,0,1746,0,0,0,209,1072,0,194,26175,280,9853,3283,2162,1593,8235,6823,197,228,40,176,152,391,304,3522,312,366,1135,0,428,1634584,821537,4300537,580387,7778,9645,2508,1705,26945,302074,33460,57372,5432,217789,7600,2308,282587,58104,1290,8238,21141,1609,5654,59568,65889,626,31063,9853,3283,1593,8235,6823,1658441,821537
ACSSF,2010e1,al,000,0017,0000005,3421459,160,64,0,440057,7387,89,113,328,4580,206,943,204,445,479,270,0,82,1933,75,513,476,7773,226,1279,1878,0,290,678,0,1588,1216,1242,22179,641,242015,0,26671,873,45798,4733,166065,0,6707,63,1855,89,1329,215961,489,47771,154,671,145,60,75,15,811,6081,105,17501,1098,893,5074,1432,45790,53730,439,459,393,399,0,21512,0,587,0,800,0,1706,0,0,0,209,1072,0,194,16664,280,7630,2975,1163,1399,7144,6246,197,228,0,136,152,249,304,3167,312,366,1135,0,227,1365915,621497,3421459,440057,7387,7773,1588,1242,22179,242015,26671,45798,4733,166065,6707,1855,215961,47771,671,6081,17501,1098,5074,45790,53730,393,21512,7630,2975,1399,7144,6246,1384916,621497
ACSSF,2010e1,al,000,0017,0000006,,,,,,,,,,,,,,,,,,,,,,,,,,,,,,,,,,,,,,,,,,,,,,,,,,,,,,,,,,,,,,,,,,,,,,,,,,,,,,,,,,,,,,,,,,,,,,,,,,,,,,,,,,,,,,1297427,110818,4178,3592,924,516,5734,80275,9685,16826,1040,54863,3178,774,63605,16498,510,2781,5257,203,1701,17763,19086,304,13366,3469,566,803,2348,4138,676225,176401
ACSSF,2010e1,al,000,0017,0000007,,,,,,,,,,,,,,,,,,,,,,,,,,,,,,,,,,,,,,,,,,,,,,,,,,,,,,,,,,,,,,,,,,,,,,,,,,,,,,,,,,,,,,,,,,,,,,,,,,,,,,,,,,,,,,2124032,329239,3209,4181,664,726,16445,161740,16986,28972,3693,111202,3529,1081,152356,31273,161,3300,12244,895,3373,28027,34644,89,8146,4161,2409,596,4796,2108,708691,445096
ACSSF,2010e1,al,000,0017,0000008,,,,,,,,,,,,,,,,,,,,,,,,,,,,,,,,,,,,,,,,,,,,,,,,,,,,,,,,,,,,,,,,,,,,,,,,,,,,,,,,,,,,,,,,,,,,,,,,,,,,,,,,,,,,,,879078,140330,391,1872,920,463,4766,60059,6789,11574,699,51724,893,453,66626,10333,619,2157,3640,511,580,13778,12159,233,9551,2223,308,194,1091,577,273525,200040
ACSSF,2010e1,al,000,0017,0000009,,,,,,,,,,,,,,,,,,,,,,,,,,,,,,,,,,,,,,,,,,,,,,,,,,,,,,,,,,,,,,,,,,,,,,,,,,,,,,,,,,,,,,,,,,,,,,,,,,,,,,,,,,,,,,288513,43625,343,738,142,76,1434,18450,3030,4537,271,19799,730,326,20216,3987,347,375,1086,77,121,3785,3542,185,4681,723,254,177,325,467,93678,60986
ACSSF,2010e1,al,000,0017,0000010,,,,,,,,,,,,,,,,,,,,,,,,,,,,,,,,,,,,,,,,,,,,,,,,,,,,,,,,,,,,,,,,,,,,,,,,,,,,,,,,,,,,,,,,,,,,,,,,,,,,,,,,,,,,,,590565,96705,48,1134,778,387,3332,41609,3759,7037,428,31925,163,127,46410,6346,272,1782,2554,434,459,9993,8617,48,4870,1500,54,17,766,110,179847,139054
ACSSF,2010e1,al,000,0017,0000011,,,,,,,,,,,,,,,,,,,,,,,,,,,,,,,,,,,,,,,,,,,,,,,,,,,,,,,,,,,,,,,,,,,,,,,,,,,,,,,,,,,,,,,,,,,,,,,,,,,,,,,,,,,,,,484761,80311,140,1243,0,115,2653,27536,805,2925,278,15224,393,417,31719,2752,0,323,1359,0,326,4305,5092,0,2373,564,0,0,915,156,204051,98786
ACSSF,2010e1,al,000,0017,0000012,,,,,,,,,,,,,,,,,,,,,,,,,,,,,,,,,,,,,,,,,,,,,,,,,,,,,,,,,,,,,,,,,,,,,,,,,,,,,,,,,,,,,,,,,,,,,,,,,,,,,,,,,,,,,,1363839,220641,531,3115,920,578,7419,87595,7594,14499,977,66948,1286,870,98345,13085,619,2480,4999,511,906,18083,17251,233,11924,2787,308,194,2006,733,477576,298826
ACSSF,2010e1,al,000,0017,0000013,,,,,,,,,,,,,,,,,,,,,,,,,,,,,,,,,,,,,,,,,,,,,,,,,,,,,,,,,,,,,,,,,,,,,,,,,,,,,,,,,,,,,,,,,,,,,,,,,,,,,,,,,,,,,,183195,31580,33,660,554,279,2373,18901,2547,5303,246,13550,332,59,12166,6007,58,1174,970,173,0,3353,3444,233,687,1330,254,80,192,0,39938,36719
ACSSF,2010e1,al,000,0017,0000014,,,,,,,,,,,,,,,,,,,,,,,,,,,,,,,,,,,,,,,,,,,,,,,,,,,,,,,,,,,,,,,,,,,,,,,,,,,,,,,,,,,,,,,,,,,,,,,,,,,,,,,,,,,,,,118510,16311,37,391,0,0,1699,8193,835,1384,223,5521,69,212,7058,3262,0,238,332,0,0,1189,1151,0,715,185,0,69,14,109,35313,34000
ACSSF,2010e1,al,000,0017,0000015,,,,,,,,,,,,,,,,,,,,,,,,,,,,,,,,,,,,,,,,,,,,,,,,,,,,,,,,,,,,,,,,,,,,,,,,,,,,,,,,,,,,,,,,,,,,,,,,,,,,,,,,,,,,,,,,,,,,,,,,,,,,,,,,,,,,,,,,,,,,,
ACSSF,2010e1,al,000,0017,0000016,,,,,,,,,,,,,,,,,,,,,,,,,,,,,,,,,,,,,,,,,,,,,,,,,,,,,,,,,,,,,,,,,,,,,,,,,,,,,,,,,,,,,,,,,,,,,,,,,,,,,,,,,,,,,,,,,,,,,,,,,,,,,,,,,,,,,,,,,,,,,
ACSSF,2010e1,al,000,0017,0000017,,,,,,,,,,,,,,,,,,,,,,,,,,,,,,,,,,,,,,,,,,,,,,,,,,,,,,,,,,,,,,,,,,,,,,,,,,,,,,,,,,,,,,,,,,,,,,,,,,,,,,,,,,,,,,,,,,,,,,,,,,,,,,,,,,,,,,,,,,,,,
ACSSF,2010e1,al,000,0017,0000018,,,,,,,,,,,,,,,,,,,,,,,,,,,,,,,,,,,,,,,,,,,,,,,,,,,,,,,,,,,,,,,,,,,,,,,,,,,,,,,,,,,,,,,,,,,,,,,,,,,,,,,,,,,,,,,,,,,,,,,,,,,,,,,,,,,,,,,,,,,,,
ACSSF,2010e1,al,000,0017,0000019,,,,,,,,,,,,,,,,,,,,,,,,,,,,,,,,,,,,,,,,,,,,,,,,,,,,,,,,,,,,,,,,,,,,,,,,,,,,,,,,,,,,,,,,,,,,,,,,,,,,,,,,,,,,,,101888,15870,66,266,30,13,243,5615,657,955,51,5145,129,122,7848,1375,0,109,259,15,138,1458,1131,0,134,117,30,0,116,97,47775,12124
ACSSF,2010e1,al,000,0017,0000020,,,,,,,,,,,,,,,,,,,,,,,,,,,,,,,,,,,,,,,,,,,,,,,,,,,,,,,,,,,,,,,,,,,,,,,,,,,,,,,,,,,,,,,,,,,,,,,,,,,,,,,,,,,,,,658555,49560,1863,1717,524,313,2574,47744,4061,7873,495,26175,1436,421,34576,9498,56,721,2579,0,1290,10002,10765,59,6144,1185,612,587,1814,1074,325682,107155
ACSSF,2010e1,al,000,0017,0000021,,,,,,,,,,,,,,,,,,,,,,,,,,,,,,,,,,,,,,,,,,,,,,,,,,,,,,,,,,,,,,,,,,,,,,,,,,,,,,,,,,,,,,,,,,,,,,,,,,,,,,,,,,,,,,,,,,,,,,,,,,,,,,,,,,,,,,,,,,,,,
ACSSF,2010e1,al,000,0017,0000022,,,,,,,,,,,,,,,,,,,,,,,,,,,,,,,,,,,,,,,,,,,,,,,,,,,,,,,,,,,,,,,,,,,,,,,,,,,,,,,,,,,,,,,,,,,,,,,,,,,,,,,,,,,,,,140780,12271,79,592,52,13,363,14058,1350,2540,244,8541,494,0,11541,1463,0,330,1572,84,412,1875,4288,0,1278,354,42,97,374,14,52105,24354
ACSSF,2010e1,al,000,0017,0000023,,,,,,,,,,,,,,,,,,,,,,,,,,,,,,,,,,,,,,,,,,,,,,,,,,,,,,,,,,,,,,,,,,,,,,,,,,,,,,,,,,,,,,,,,,,,,,,,,,,,,,,,,,,,,,,,,,,,,,,,,,,,,,,,,,,,,,,,,,,,,
ACSSF,2010e1,al,000,0017,0000024,,,,,,,,,,,,,,,,,,,,,,,,,,,,,,,,,,,,,,,,,,,,,,,,,,,,,,,,,,,,,,,,,,,,,,,,,,,,,,,,,,,,,,,,,,,,,,,,,,,,,,,,,,,,,,335988,41623,517,1412,561,188,1614,27765,4908,5411,329,21639,749,290,19930,6398,217,890,3165,142,690,5538,4790,64,4795,1521,96,180,591,1827,122581,55567
ACSSF,2010e1,al,000,0017,0000025,,,,,,,,,,,,,,,,,,,,,,,,,,,,,,,,,,,,,,,,,,,,,,,,,,,,,,,,,,,,,,,,,,,,,,,,,,,,,,,,,,,,,,,,,,,,,,,,,,,,,,,,,,,,,,,,,,,,,,,,,,,,,,,,,,,,,,,,,,,,,
ACSSF,2010e1,al,000,0017,0000026,,,,,,,,,,,,,,,,,,,,,,,,,,,,,,,,,,,,,,,,,,,,,,,,,,,,,,,,,,,,,,,,,,,,,,,,,,,,,,,,,,,,,,,,,,,,,,,,,,,,,,,,,,,,,,413277,42471,331,823,304,120,2799,26158,3298,12374,798,21775,1791,116,25361,5031,68,1794,3018,0,157,6933,6055,0,1929,1389,103,56,629,1081,187309,59206
ACSSF,2010e1,al,000,0017,0000027,,,,,,,,,,,,,,,,,,,,,,,,,,,,,,,,,,,,,,,,,,,,,,,,,,,,,,,,,,,,,,,,,,,,,,,,,,,,,,,,,,,,,,,,,,,,,,,,,,,,,,,,,,,,,,229844,27196,1677,472,0,0,547,8882,1251,1720,52,5111,39,394,5468,1743,0,414,416,0,587,2296,2785,181,2155,417,65,97,581,804,139641,24853
ACSSF,2010e1,al,000,0017,0000028,,,,,,,,,,,,,,,,,,,,,,,,,,,,,,,,,,,,,,,,,,,,,,,,,,,,,,,,,,,,,,,,,,,,,,,,,,,,,,,,,,,,,,,,,,,,,,,,,,,,,,,,,,,,,,,,,,,,,,,,,,,,,,,,,,,,,,,,,,,,,
ACSSF,2010e1,al,000,0017,0000029,,,,,,,,,,,,,,,,,,,,,,,,,,,,,,,,,,,,,,,,,,,,,,,,,,,,,,,,,,,,,,,,,,,,,,,,,,,,,,,,,,,,,,,,,,,,,,,,,,,,,,,,,,,,,,,,,,,,,,,,,,,,,,,,,,,,,,,,,,,,,
ACSSF,2010e1,al,000,0017,0000030,,,,,,,,,,,,,,,,,,,,,,,,,,,,,,,,,,,,,,,,,,,,,,,,,,,,,,,,,,,,,,,,,,,,,,,,,,,,,,,,,,,,,,,,,,,,,,,,,,,,,,,,,,,,,,195828,22583,1203,471,47,17,1493,26526,2085,3576,386,14087,574,159,18470,5325,53,451,1721,180,180,3373,4681,29,1313,482,246,41,552,540,60284,24700
ACSSF,2010e1,al,000,0017,0000031,,,,,,,,,,,,,,,,,,,,,,,,,,,,,,,,,,,,,,,,,,,,,,,,,,,,,,,,,,,,,,,,,,,,,,,,,,,,,,,,,,,,,,,,,,,,,,,,,,,,,,,,,,,,,,,,,,,,,,,,,,,,,,,,,,,,,,,,,,,,,
ACSSF,2010e1,al,000,0017,0000032,,,,,,,,,,,,,,,,,,,,,,,,,,,,,,,,,,,,,,,,,,,,,,,,,,,,,,,,,,,,,,,,,,,,,,,,,,,,,,,,,,,,,,,,,,,,,,,,,,,,,,,,,,,,,,195036,21692,356,122,0,0,383,11255,1283,3046,68,8747,541,56,11691,1017,171,0,909,15,445,2392,2069,0,831,234,141,0,617,218,76171,50566
ACSSF,2010e1,al,000,0017,0000033,,,,,,,,,,,,,,,,,,,,,,,,,,,,,,,,,,,,,,,,,,,,,,,,,,,,,,,,,,,,,,,,,,,,,,,,,,,,,,,,,,,,,,,,,,,,,,,,,,,,,,,,,,,,,,,,,,,,,,,,,,,,,,,,,,,,,,,,,,,,,
ACSSF,2010e1,al,000,0017,0000034,,,,,,,,,,,,,,,,,,,,,,,,,,,,,,,,,,,,,,,,,,,,,,,,,,,,,,,,,,,,,,,,,,,,,,,,,,,,,,,,,,,,,,,,,,,,,,,,,,,,,,,,,,,,,,211670,7435,735,411,289,0,658,5324,1096,1136,163,3607,363,0,3127,1097,0,143,217,0,0,1698,1913,0,3464,244,0,0,201,134,150573,27642
ACSSF,2010e1,al,000,0017,0000035,,,,,,,,,,,,,,,,,,,,,,,,,,,,,,,,,,,,,,,,,,,,,,,,,,,,,,,,,,,,,,,,,,,,,,,,,,,,,,,,,,,,,,,,,,,,,,,,,,,,,,,,,,,,,,66121,5289,66,266,30,13,195,3546,337,770,16,3984,129,122,5026,772,0,109,241,15,138,954,868,0,104,97,30,0,116,97,35215,7576
ACSSF,2010e1,al,000,0017,0000036,,,,,,,,,,,,,,,,,,,,,,,,,,,,,,,,,,,,,,,,,,,,,,,,,,,,,,,,,,,,,,,,,,,,,,,,,,,,,,,,,,,,,,,,,,,,,,,,,,,,,,,,,,,,,,,,,,,,,,,,,,,,,,,,,,,,,,,,,,,,,
ACSSF,2010e1,al,000,0017,0000037,,,,,,,,,,,,,,,,,,,,,,,,,,,,,,,,,,,,,,,,,,,,,,,,,,,,,,,,,,,,,,,,,,,,,,,,,,,,,,,,,,,,,,,,,,,,,,,,,,,,,,,,,,,,,,181126,18609,517,704,201,117,1001,14680,2071,2342,217,11174,534,176,10625,3289,217,239,1177,104,346,3524,2924,64,3132,710,0,0,128,1679,71981,28644
ACSSF,2010e1,al,000,0017,0000038,,,,,,,,,,,,,,,,,,,,,,,,,,,,,,,,,,,,,,,,,,,,,,,,,,,,,,,,,,,,,,,,,,,,,,,,,,,,,,,,,,,,,,,,,,,,,,,,,,,,,,,,,,,,,,195249,13338,203,411,246,69,994,13093,1695,5175,429,7981,1043,51,9517,2361,68,1369,471,0,50,2850,3071,0,1132,399,103,56,330,272,106584,21888
ACSSF,2010e1,al,000,0017,0000039,,,,,,,,,,,,,,,,,,,,,,,,,,,,,,,,,,,,,,,,,,,,,,,,,,,,,,,,,,,,,,,,,,,,,,,,,,,,,,,,,,,,,,,,,,,,,,,,,,,,,,,,,,,,,,206655,21323,1677,379,0,0,547,8214,1046,1490,52,4760,39,145,4725,1743,0,414,416,0,587,1934,2534,181,2063,375,65,38,515,804,129679,20910
ACSSF,2010e1,al,000,0017,0000040,,,,,,,,,,,,,,,,,,,,,,,,,,,,,,,,,,,,,,,,,,,,,,,,,,,,,,,,,,,,,,,,,,,,,,,,,,,,,,,,,,,,,,,,,,,,,,,,,,,,,,,,,,,,,,,,,,,,,,,,,,,,,,,,,,,,,,,,,,,,,
ACSSF,2010e1,al,000,0017,0000041,,,,,,,,,,,,,,,,,,,,,,,,,,,,,,,,,,,,,,,,,,,,,,,,,,,,,,,,,,,,,,,,,,,,,,,,,,,,,,,,,,,,,,,,,,,,,,,,,,,,,,,,,,,,,,211670,7435,735,411,289,0,658,5324,1096,1136,163,3607,363,0,3127,1097,0,143,217,0,0,1698,1913,0,3464,244,0,0,201,134,150573,27642
ACSSF,2010e1,al,000,0017,0000042,,,,,,,,,,,,,,,,,,,,,,,,,,,,,,,,,,,,,,,,,,,,,,,,,,,,,,,,,,,,,,,,,,,,,,,,,,,,,,,,,,,,,,,,,,,,,,,,,,,,,,,,,,,,,,,,,,,,,,,,,,,,,,,,,,,,,,,,,,,,,
ACSSF,2010e1,al,000,0017,0000043,,,,,,,,,,,,,,,,,,,,,,,,,,,,,,,,,,,,,,,,,,,,,,,,,,,,,,,,,,,,,,,,,,,,,,,,,,,,,,,,,,,,,,,,,,,,,,,,,,,,,,,,,,,,,,64816,5289,66,266,30,13,195,3461,337,701,16,3318,129,122,5026,772,0,109,241,15,138,954,868,0,104,97,30,0,116,97,35094,7212
ACSSF,2010e1,al,000,0017,0000044,,,,,,,,,,,,,,,,,,,,,,,,,,,,,,,,,,,,,,,,,,,,,,,,,,,,,,,,,,,,,,,,,,,,,,,,,,,,,,,,,,,,,,,,,,,,,,,,,,,,,,,,,,,,,,181126,18609,517,704,201,117,1001,14680,2071,2342,217,11174,534,176,10625,3289,217,239,1177,104,346,3524,2924,64,3132,710,0,0,128,1679,71981,28644
ACSSF,2010e1,al,000,0017,0000045,,,,,,,,,,,,,,,,,,,,,,,,,,,,,,,,,,,,,,,,,,,,,,,,,,,,,,,,,,,,,,,,,,,,,,,,,,,,,,,,,,,,,,,,,,,,,,,,,,,,,,,,,,,,,,195249,13338,203,411,246,69,994,13093,1695,5175,429,7981,1043,51,9517,2361,68,1369,471,0,50,2850,3071,0,1132,399,103,56,330,272,106584,21888
ACSSF,2010e1,al,000,0017,0000046,,,,,,,,,,,,,,,,,,,,,,,,,,,,,,,,,,,,,,,,,,,,,,,,,,,,,,,,,,,,,,,,,,,,,,,,,,,,,,,,,,,,,,,,,,,,,,,,,,,,,,,,,,,,,,206655,21323,1677,379,0,0,547,8214,1046,1490,52,4760,39,145,4725,1743,0,414,416,0,587,1934,2534,181,2063,375,65,38,515,804,129679,20910
ACSSF,2010e1,al,000,0017,0000047,,,,,,,,,,,,,,,,,,,,,,,,,,,,,,,,,,,,,,,,,,,,,,,,,,,,,,,,,,,,,,,,,,,,,,,,,,,,,,,,,,,,,,,,,,,,,,,,,,,,,,,,,,,,,,,,,,,,,,,,,,,,,,,,,,,,,,,,,,,,,
ACSSF,2010e1,al,000,0017,0000048,,,,,,,,,,,,,,,,,,,,,,,,,,,,,,,,,,,,,,,,,,,,,,,,,,,,,,,,,,,,,,,,,,,,,,,,,,,,,,,,,,,,,,,,,,,,,,,,,,,,,,,,,,,,,,689835,85105,364,1700,858,399,5865,50107,6129,17991,1044,38436,2351,175,42780,11122,126,2968,4109,173,411,11459,10135,233,2742,2776,357,136,1189,1134,281285,106176
ACSSF,2010e1,al,000,0017,0000049,,,,,,,,,,,,,,,,,,,,,,,,,,,,,,,,,,,,,,,,,,,,,,,,,,,,,,,,,,,,,,,,,,,,,,,,,,,,,,,,,,,,,,,,,,,,,,,,,,,,,,,,,,,,,,666779,103654,311,1202,134,314,2699,35001,4650,4473,1226,27780,1072,502,36853,6857,67,825,2185,223,657,8667,9525,181,8761,931,341,213,1529,754,291588,113604
ACSSF,2010e1,al,000,0017,0000050,,,,,,,,,,,,,,,,,,,,,,,,,,,,,,,,,,,,,,,,,,,,,,,,,,,,,,,,,,,,,,,,,,,,,,,,,,,,,,,,,,,,,,,,,,,,,,,,,,,,,,,,,,,,,,690081,95615,2135,1937,52,13,2886,43640,4576,7561,669,27483,621,878,43877,7920,0,904,3390,313,1193,6910,9914,0,5567,967,42,225,694,1139,285919,133041
ACSSF,2010e1,al,000,0017,0000051,,,,,,,,,,,,,,,,,,,,,,,,,,,,,,,,,,,,,,,,,,,,,,,,,,,,,,,,,,,,,,,,,,,,,,,,,,,,,,,,,,,,,,,,,,,,,,,,,,,,,,,,,,,,,,659152,98754,59,1462,332,228,8427,47229,2710,5811,656,39660,186,117,62614,5758,286,1303,2296,63,267,9364,10474,0,697,1150,878,62,1133,155,176116,180905
ACSSF,2010e1,al,000,0017,0000052,,,,,,,,,,,,,,,,,,,,,,,,,,,,,,,,,,,,,,,,,,,,,,,,,,,,,,,,,,,,,,,,,,,,,,,,,,,,,,,,,,,,,,,,,,,,,,,,,,,,,,,,,,,,,,719906,134554,1216,1780,561,389,3606,53311,8163,8179,672,38503,1106,375,49666,10858,298,1292,4655,270,1109,9361,9080,124,5594,2627,596,180,1111,1862,240447,128361
ACSSF,2010e1,al,000,0017,0000053,,,,,,,,,,,,,,,,,,,,,,,,,,,,,,,,,,,,,,,,,,,,,,,,,,,,,,,,,,,,,,,,,,,,,,,,,,,,,,,,,,,,,,,,,,,,,,,,,,,,,,,,,,,,,,747579,103834,2942,2053,282,362,4829,78818,6779,12141,1321,45429,1842,580,61642,15395,349,1044,4459,552,1862,13108,17511,88,2959,1764,928,777,2435,1133,213210,147151
ACSSF,2010e1,al,000,0017,0000054,,,,,,,,,,,,,,,,,,,,,,,,,,,,,,,,,,,,,,,,,,,,,,,,,,,,,,,,,,,,,,,,,,,,,,,,,,,,,,,,,,,,,,,,,,,,,,,,,,,,,,,,,,,,,,611966,39182,891,754,289,115,1286,21504,1258,4141,122,15722,815,98,16874,2946,164,225,1406,15,481,5004,4342,0,7116,202,141,0,1059,802,373927,111085
ACSSF,2010e1,al,000,0017,0000055,,,,,,,,,,,,,,,,,,,,,,,,,,,,,,,,,,,,,,,,,,,,,,,,,,,,,,,,,,,,,,,,,,,,,,,,,,,,,,,,,,,,,,,,,,,,,,,,,,,,,,,,,,,,,,,,,,,,,,,,,,,,,,,,,,,,,,,,,,,,,
ACSSF,2010e1,al,000,0017,0000056,,,,,,,,,,,,,,,,,,,,,,,,,,,,,,,,,,,,,,,,,,,,,,,,,,,,,,,,,,,,,,,,,,,,,,,,,,,,,,,,,,,,,,,,,,,,,,,,,,,,,,,,,,,,,,175602,17719,517,704,201,117,811,14246,2071,2342,217,10462,352,176,10337,3108,217,203,1177,104,263,3524,2924,64,3095,710,0,0,61,1564,70232,28084
ACSSF,2010e1,al,000,0017,0000057,,,,,,,,,,,,,,,,,,,,,,,,,,,,,,,,,,,,,,,,,,,,,,,,,,,,,,,,,,,,,,,,,,,,,,,,,,,,,,,,,,,,,,,,,,,,,,,,,,,,,,,,,,,,,,243579,43245,124,782,360,71,1638,18406,4034,3740,311,15147,667,114,16137,4762,0,803,2891,166,427,2632,3044,60,1875,1522,154,180,670,263,77615,41739
ACSSF,2010e1,al,000,0017,0000058,,,,,,,,,,,,,,,,,,,,,,,,,,,,,,,,,,,,,,,,,,,,,,,,,,,,,,,,,,,,,,,,,,,,,,,,,,,,,,,,,,,,,,,,,,,,,,,,,,,,,,,,,,,,,,,,,,,,,,,,,,,,,,,,,,,,,,,,,,,,,
ACSSF,2010e1,al,000,0017,0000059,,,,,,,,,,,,,,,,,,,,,,,,,,,,,,,,,,,,,,,,,,,,,,,,,,,,,,,,,,,,,,,,,,,,,,,,,,,,,,,,,,,,,,,,,,,,,,,,,,,,,,,,,,,,,,,,,,,,,,,,,,,,,,,,,,,,,,,,,,,,,
ACSSF,2010e1,al,000,0017,0000060,,,,,,,,,,,,,,,,,,,,,,,,,,,,,,,,,,,,,,,,,,,,,,,,,,,,,,,,,,,,,,,,,,,,,,,,,,,,,,,,,,,,,,,,,,,,,,,,,,,,,,,,,,,,,,153968,23681,175,492,0,200,1898,13139,890,697,236,8573,0,85,13076,1370,0,126,105,0,110,1553,1899,0,254,176,753,62,336,35,54126,29921
ACSSF,2010e1,al,000,0017,0000061,,,,,,,,,,,,,,,,,,,,,,,,,,,,,,,,,,,,,,,,,,,,,,,,,,,,,,,,,,,,,,,,,,,,,,,,,,,,,,,,,,,,,,,,,,,,,,,,,,,,,,,,,,,,,,,,,,,,,,,,,,,,,,,,,,,,,,,,,,,,,
ACSSF,2010e1,al,000,0017,0000062,,,,,,,,,,,,,,,,,,,,,,,,,,,,,,,,,,,,,,,,,,,,,,,,,,,,,,,,,,,,,,,,,,,,,,,,,,,,,,,,,,,,,,,,,,,,,,,,,,,,,,,,,,,,,,,,,,,,,,,,,,,,,,,,,,,,,,,,,,,,,
ACSSF,2010e1,al,000,0017,0000063,,,,,,,,,,,,,,,,,,,,,,,,,,,,,,,,,,,,,,,,,,,,,,,,,,,,,,,,,,,,,,,,,,,,,,,,,,,,,,,,,,,,,,,,,,,,,,,,,,,,,,,,,,,,,,89898,3894,661,273,0,0,658,3280,816,534,163,3240,363,0,2602,1142,0,143,101,0,0,1160,1533,0,938,193,0,0,201,134,54656,13213
ACSSF,2010e1,al,000,0017,0000064,,,,,,,,,,,,,,,,,,,,,,,,,,,,,,,,,,,,,,,,,,,,,,,,,,,,,,,,,,,,,,,,,,,,,,,,,,,,,,,,,,,,,,,,,,,,,,,,,,,,,,,,,,,,,,,,,,,,,,,,,,,,,,,,,,,,,,,,,,,,,
ACSSF,2010e1,al,000,0017,0000065,,,,,,,,,,,,,,,,,,,,,,,,,,,,,,,,,,,,,,,,,,,,,,,,,,,,,,,,,,,,,,,,,,,,,,,,,,,,,,,,,,,,,,,,,,,,,,,,,,,,,,,,,,,,,,168030,13286,1128,1128,95,266,855,22144,1603,5036,271,9150,899,354,11634,4243,56,322,1278,0,1120,4977,4870,59,1147,794,539,268,949,493,53403,25663
ACSSF,2010e1,al,000,0017,0000066,,,,,,,,,,,,,,,,,,,,,,,,,,,,,,,,,,,,,,,,,,,,,,,,,,,,,,,,,,,,,,,,,,,,,,,,,,,,,,,,,,,,,,,,,,,,,,,,,,,,,,,,,,,,,,182142,18135,0,138,317,47,799,13948,1115,1838,61,10058,174,52,14503,2618,0,233,562,0,42,2288,3567,0,1536,147,73,49,442,47,70354,38999
ACSSF,2010e1,al,000,0017,0000067,,,,,,,,,,,,,,,,,,,,,,,,,,,,,,,,,,,,,,,,,,,,,,,,,,,,,,,,,,,,,,,,,,,,,,,,,,,,,,,,,,,,,,,,,,,,,,,,,,,,,,,,,,,,,,,,,,,,,,,,,,,,,,,,,,,,,,,,,,,,,
ACSSF,2010e1,al,000,0017,0000068,,,,,,,,,,,,,,,,,,,,,,,,,,,,,,,,,,,,,,,,,,,,,,,,,,,,,,,,,,,,,,,,,,,,,,,,,,,,,,,,,,,,,,,,,,,,,,,,,,,,,,,,,,,,,,,,,,,,,,,,,,,,,,,,,,,,,,,,,,,,,
ACSSF,2010e1,al,000,0017,0000069,,,,,,,,,,,,,,,,,,,,,,,,,,,,,,,,,,,,,,,,,,,,,,,,,,,,,,,,,,,,,,,,,,,,,,,,,,,,,,,,,,,,,,,,,,,,,,,,,,,,,,,,,,,,,,,,,,,,,,,,,,,,,,,,,,,,,,,,,,,,,
ACSSF,2010e1,al,000,0017,0000070,,,,,,,,,,,,,,,,,,,,,,,,,,,,,,,,,,,,,,,,,,,,,,,,,,,,,,,,,,,,,,,,,,,,,,,,,,,,,,,,,,,,,,,,,,,,,,,,,,,,,,,,,,,,,,118510,16311,37,391,0,0,1699,8193,835,1384,223,5521,69,212,7058,3262,0,238,332,0,0,1189,1151,0,715,185,0,69,14,109,35313,34000
ACSSF,2010e1,al,000,0017,0000071,,,,,,,,,,,,,,,,,,,,,,,,,,,,,,,,,,,,,,,,,,,,,,,,,,,,,,,,,,,,,,,,,,,,,,,,,,,,,,,,,,,,,,,,,,,,,,,,,,,,,,,,,,,,,,195828,22583,1203,471,47,17,1493,26526,2085,3576,386,14087,574,159,18470,5325,53,451,1721,180,180,3373,4681,29,1313,482,246,41,552,540,60284,24700
ACSSF,2010e1,al,000,0017,0000072,,,,,,,,,,,,,,,,,,,,,,,,,,,,,,,,,,,,,,,,,,,,,,,,,,,,,,,,,,,,,,,,,,,,,,,,,,,,,,,,,,,,,,,,,,,,,,,,,,,,,,,,,,,,,,195036,21692,356,122,0,0,383,11255,1283,3046,68,8747,541,56,11691,1017,171,0,909,15,445,2392,2069,0,831,234,141,0,617,218,76171,50566
ACSSF,2010e1,al,000,0017,0000073,,,,,,,,,,,,,,,,,,,,,,,,,,,,,,,,,,,,,,,,,,,,,,,,,,,,,,,,,,,,,,,,,,,,,,,,,,,,,,,,,,,,,,,,,,,,,,,,,,,,,,,,,,,,,,,,,,,,,,,,,,,,,,,,,,,,,,,,,,,,,
ACSSF,2010e1,al,000,0017,0000074,,,,,,,,,,,,,,,,,,,,,,,,,,,,,,,,,,,,,,,,,,,,,,,,,,,,,,,,,,,,,,,,,,,,,,,,,,,,,,,,,,,,,,,,,,,,,,,,,,,,,,,,,,,,,,,,,,,,,,,,,,,,,,,,,,,,,,,,,,,,,
ACSSF,2010e1,al,000,0017,0000075,,,,,,,,,,,,,,,,,,,,,,,,,,,,,,,,,,,,,,,,,,,,,,,,,,,,,,,,,,,,,,,,,,,,,,,,,,,,,,,,,,,,,,,,,,,,,,,,,,,,,,,,,,,,,,140780,12271,79,592,52,13,363,14058,1350,2540,244,8541,494,0,11541,1463,0,330,1572,84,412,1875,4288,0,1278,354,42,97,374,14,52105,24354
ACSSF,2010e1,al,000,0017,0000076,,,,,,,,,,,,,,,,,,,,,,,,,,,,,,,,,,,,,,,,,,,,,,,,,,,,,,,,,,,,,,,,,,,,,,,,,,,,,,,,,,,,,,,,,,,,,,,,,,,,,,,,,,,,,,197788,18576,115,199,0,49,360,7722,1922,1171,0,6515,561,0,7626,1835,0,0,629,147,86,2352,2423,0,7567,162,162,0,75,686,103892,32956
ACSSF,2010e1,al,000,0017,0000077,,,,,,,,,,,,,,,,,,,,,,,,,,,,,,,,,,,,,,,,,,,,,,,,,,,,,,,,,,,,,,,,,,,,,,,,,,,,,,,,,,,,,,,,,,,,,,,,,,,,,,,,,,,,,,205486,21270,1677,379,0,0,547,8138,1046,1490,52,4760,39,145,4663,1743,0,414,416,0,587,1934,2534,181,2063,375,65,38,515,804,128815,20796
ACSSF,2010e1,al,000,0017,0000078,,,,,,,,,,,,,,,,,,,,,,,,,,,,,,,,,,,,,,,,,,,,,,,,,,,,,,,,,,,,,,,,,,,,,,,,,,,,,,,,,,,,,,,,,,,,,,,,,,,,,,,,,,,,,,158539,22244,0,466,0,122,673,7727,1354,1667,754,7485,343,249,11864,2054,0,190,603,15,164,2485,3587,0,185,314,45,120,661,41,66336,26791
ACSSF,2010e1,al,000,0017,0000079,,,,,,,,,,,,,,,,,,,,,,,,,,,,,,,,,,,,,,,,,,,,,,,,,,,,,,,,,,,,,,,,,,,,,,,,,,,,,,,,,,,,,,,,,,,,,,,,,,,,,,,,,,,,,,,,,,,,,,,,,,,,,,,,,,,,,,,,,,,,,
ACSSF,2010e1,al,000,0017,0000080,,,,,,,,,,,,,,,,,,,,,,,,,,,,,,,,,,,,,,,,,,,,,,,,,,,,,,,,,,,,,,,,,,,,,,,,,,,,,,,,,,,,,,,,,,,,,,,,,,,,,,,,,,,,,,189020,12958,203,411,246,69,994,13043,1695,5127,429,7782,1043,51,9312,2361,68,1369,471,0,50,2850,3071,0,1088,399,103,56,330,272,101960,21209
ACSSF,2010e1,al,000,0017,0000081,,,,,,,,,,,,,,,,,,,,,,,,,,,,,,,,,,,,,,,,,,,,,,,,,,,,,,,,,,,,,,,,,,,,,,,,,,,,,,,,,,,,,,,,,,,,,,,,,,,,,,,,,,,,,,224257,29513,128,412,58,51,1805,13115,1603,7247,369,13993,748,65,16049,2670,0,425,2547,0,107,4083,2984,0,841,990,0,0,299,809,85349,37997
ACSSF,2010e1,al,000,0017,0000082,,,,,,,,,,,,,,,,,,,,,,,,,,,,,,,,,,,,,,,,,,,,,,,,,,,,,,,,,,,,,,,,,,,,,,,,,,,,,,,,,,,,,,,,,,,,,,,,,,,,,,,,,,,,,,183195,31580,33,660,554,279,2373,18901,2547,5303,246,13550,332,59,12166,6007,58,1174,970,173,0,3353,3444,233,687,1330,254,80,192,0,39938,36719
ACSSF,2010e1,al,000,0017,0000083,,,,,,,,,,,,,,,,,,,,,,,,,,,,,,,,,,,,,,,,,,,,,,,,,,,,,,,,,,,,,,,,,,,,,,,,,,,,,,,,,,,,,,,,,,,,,,,,,,,,,,,,,,,,,,115008,37842,0,46,72,0,746,5866,457,517,233,4576,0,251,5764,816,0,233,147,0,62,1520,1869,0,256,172,0,114,263,0,29984,23202
ACSSF,2010e1,al,000,0017,0000084,,,,,,,,,,,,,,,,,,,,,,,,,,,,,,,,,,,,,,,,,,,,,,,,,,,,,,,,,,,,,,,,,,,,,,,,,,,,,,,,,,,,,,,,,,,,,,,,,,,,,,,,,,,,,,152246,21480,66,428,62,143,554,9105,865,1292,187,8791,129,194,11620,1923,67,263,610,208,248,2004,1335,0,933,203,69,0,217,97,66821,22332
ACSSF,2010e1,al,000,0017,0000085,,,,,,,,,,,,,,,,,,,,,,,,,,,,,,,,,,,,,,,,,,,,,,,,,,,,,,,,,,,,,,,,,,,,,,,,,,,,,,,,,,,,,,,,,,,,,,,,,,,,,,,,,,,,,,,,,,,,,,,,,,,,,,,,,,,,,,,,,,,,,
ACSSF,2010e1,al,000,0017,0000086,,,,,,,,,,,,,,,,,,,,,,,,,,,,,,,,,,,,,,,,,,,,,,,,,,,,,,,,,,,,,,,,,,,,,,,,,,,,,,,,,,,,,,,,,,,,,,,,,,,,,,,,,,,,,,183195,31580,33,660,554,279,2373,18901,2547,5303,246,13550,332,59,12166,6007,58,1174,970,173,0,3353,3444,233,687,1330,254,80,192,0,39938,36719
ACSSF,2010e1,al,000,0017,0000087,,,,,,,,,,,,,,,,,,,,,,,,,,,,,,,,,,,,,,,,,,,,,,,,,,,,,,,,,,,,,,,,,,,,,,,,,,,,,,,,,,,,,,,,,,,,,,,,,,,,,,,,,,,,,,211670,7435,735,411,289,0,658,5324,1096,1136,163,3607,363,0,3127,1097,0,143,217,0,0,1698,1913,0,3464,244,0,0,201,134,150573,27642
ACSSF,2010e1,al,000,0017,0000088,,,,,,,,,,,,,,,,,,,,,,,,,,,,,,,,,,,,,,,,,,,,,,,,,,,,,,,,,,,,,,,,,,,,,,,,,,,,,,,,,,,,,,,,,,,,,,,,,,,,,,,,,,,,,,,,,,,,,,,,,,,,,,,,,,,,,,,,,,,,,
ACSSF,2010e1,al,000,0017,0000089,,,,,,,,,,,,,,,,,,,,,,,,,,,,,,,,,,,,,,,,,,,,,,,,,,,,,,,,,,,,,,,,,,,,,,,,,,,,,,,,,,,,,,,,,,,,,,,,,,,,,,,,,,,,,,66121,5289,66,266,30,13,195,3546,337,770,16,3984,129,122,5026,772,0,109,241,15,138,954,868,0,104,97,30,0,116,97,35215,7576
ACSSF,2010e1,al,000,0017,0000090,,,,,,,,,,,,,,,,,,,,,,,,,,,,,,,,,,,,,,,,,,,,,,,,,,,,,,,,,,,,,,,,,,,,,,,,,,,,,,,,,,,,,,,,,,,,,,,,,,,,,,,,,,,,,,,,,,,,,,,,,,,,,,,,,,,,,,,,,,,,,
ACSSF,2010e1,al,000,0017,0000091,,,,,,,,,,,,,,,,,,,,,,,,,,,,,,,,,,,,,,,,,,,,,,,,,,,,,,,,,,,,,,,,,,,,,,,,,,,,,,,,,,,,,,,,,,,,,,,,,,,,,,,,,,,,,,172690,18834,517,704,201,64,943,14178,2071,2438,263,9789,352,176,10608,3170,217,203,1190,104,361,3524,2750,64,2823,710,0,0,251,1564,67334,27287
ACSSF,2010e1,al,000,0017,0000092,,,,,,,,,,,,,,,,,,,,,,,,,,,,,,,,,,,,,,,,,,,,,,,,,,,,,,,,,,,,,,,,,,,,,,,,,,,,,,,,,,,,,,,,,,,,,,,,,,,,,,,,,,,,,,230514,26689,50,136,78,0,1003,20687,1330,2522,61,12700,174,67,17410,3989,0,256,814,0,205,3746,4810,0,645,195,262,49,732,0,84542,47362
ACSSF,2010e1,al,000,0017,0000093,,,,,,,,,,,,,,,,,,,,,,,,,,,,,,,,,,,,,,,,,,,,,,,,,,,,,,,,,,,,,,,,,,,,,,,,,,,,,,,,,,,,,,,,,,,,,,,,,,,,,,,,,,,,,,123666,18279,0,433,265,53,277,8827,1587,1935,66,7534,397,114,6597,2180,0,616,1429,38,63,1326,1503,0,1972,391,96,72,46,115,44086,23369
ACSSF,2010e1,al,000,0017,0000094,,,,,,,,,,,,,,,,,,,,,,,,,,,,,,,,,,,,,,,,,,,,,,,,,,,,,,,,,,,,,,,,,,,,,,,,,,,,,,,,,,,,,,,,,,,,,,,,,,,,,,,,,,,,,,399787,40688,331,823,304,120,2799,24836,3298,12374,727,20780,1791,116,23306,5031,68,1794,2937,0,157,6525,5987,0,1929,867,103,56,629,1081,182986,57344
ACSSF,2010e1,al,000,0017,0000095,,,,,,,,,,,,,,,,,,,,,,,,,,,,,,,,,,,,,,,,,,,,,,,,,,,,,,,,,,,,,,,,,,,,,,,,,,,,,,,,,,,,,,,,,,,,,,,,,,,,,,,,,,,,,,227605,26770,1627,472,0,0,547,8829,1251,1720,52,5026,39,394,5392,1743,0,394,416,0,587,2280,2750,181,2065,417,65,97,581,804,138470,24636
ACSSF,2010e1,al,000,0017,0000096,,,,,,,,,,,,,,,,,,,,,,,,,,,,,,,,,,,,,,,,,,,,,,,,,,,,,,,,,,,,,,,,,,,,,,,,,,,,,,,,,,,,,,,,,,,,,,,,,,,,,,,,,,,,,,173156,19346,978,471,47,17,1449,23568,1926,3444,386,12148,574,159,15598,3859,53,385,856,180,180,2930,3831,29,1313,428,165,41,552,169,54315,23759
ACSSF,2010e1,al,000,0017,0000097,,,,,,,,,,,,,,,,,,,,,,,,,,,,,,,,,,,,,,,,,,,,,,,,,,,,,,,,,,,,,,,,,,,,,,,,,,,,,,,,,,,,,,,,,,,,,,,,,,,,,,,,,,,,,,,,,,,,,,,,,,,,,,,,,,,,,,,,,,,,,
ACSSF,2010e1,al,000,0017,0000098,,,,,,,,,,,,,,,,,,,,,,,,,,,,,,,,,,,,,,,,,,,,,,,,,,,,,,,,,,,,,,,,,,,,,,,,,,,,,,,,,,,,,,,,,,,,,,,,,,,,,,,,,,,,,,,,,,,,,,,,,,,,,,,,,,,,,,,,,,,,,
