ACSSF,2010e1,al,000,0019,0000001,4597335,160,232,73,660698,9104,342,113,328,5206,206,943,322,1165,479,400,63,370,4130,75,924,951,14951,421,1741,3551,69,367,1377,0,3784,2078,3377,49685,932,418961,64,39744,1208,91804,8038,339031,0,9601,63,4936,306,1551,467002,609,81993,212,1788,638,60,136,58,1405,14013,181,32003,3913,1740,8843,3704,75353,97784,599,1206,1713,443,0,35994,0,679,0,800,0,1801,0,90,58,209,1072,206,194,30336,549,16228,4910,2424,2723,17082,8850,563,228,40,176,152,528,486,4457,428,366,1393,33,781,2038127,4597335,660698,9104,14951,3784,3377,49685,418961,39744,91804,8038,339031,9601,4936,467002,81993,1788,14013,32003,3913,8843,75353,97784,1713,35994,16228,4910,2723,17082,8850,2073429
ACSSF,2010e1,al,000,0019,0000002,2486477,160,177,73,271641,5806,89,113,90,3503,206,943,16,550,296,240,63,203,2187,75,459,724,8577,109,1197,1901,0,367,648,0,2391,1325,1816,23753,439,220519,64,24006,768,54608,4148,172279,0,6190,47,3393,75,1083,219510,609,45944,130,1293,534,60,136,58,981,8801,0,16910,1290,591,5334,2877,42505,52005,502,450,1167,380,0,23790,0,679,0,800,0,708,0,90,58,167,1072,0,194,19473,549,9829,2018,1925,1481,10162,7136,166,228,40,176,152,259,433,3879,133,366,1271,33,397,1216161,2486477,271641,5806,8577,2391,1816,23753,220519,24006,54608,4148,172279,6190,3393,219510,45944,1293,8801,16910,1290,5334,42505,52005,1167,23790,9829,2018,1481,10162,7136,1238175
ACSSF,2010e1,al,000,0019,0000003,,,,,,,,,,,,,,,,,,,,,,,,,,,,,,,,,,,,,,,,,,,,,,,,,,,,,,,,,,,,,,,,,,,,,,,,,,,,,,,,,,,,,,,,,,,,,,,,,,,,,,,,,,,,,2110858,389057,3298,6374,1393,1561,25932,198442,15738,37196,3890,166752,3411,1543,247492,36049,495,5212,15093,2623,3509,32848,45779,546,12204,6399,2892,1242,6920,1714,835254
ACSSF,2010e1,al,000,0019,0000004,4157331,160,232,73,580387,8964,342,113,328,5206,206,943,322,1025,479,400,63,370,4015,75,856,951,13063,421,1636,3296,0,367,1377,0,3784,2078,3168,44150,932,385932,64,38767,1208,87872,7760,316566,0,9208,63,4470,306,1551,421494,530,78083,212,1788,638,60,136,15,1405,13644,181,30362,3838,1740,8332,3429,70493,91253,599,539,1713,434,0,33428,0,679,0,800,0,1801,0,90,58,209,1072,206,194,27770,549,15366,4910,2250,2703,15811,8653,563,228,40,176,152,528,392,4354,428,366,1393,33,781,1817926,4157331,580387,8964,13063,3784,3168,44150,385932,38767,87872,7760,316566,9208,4470,421494,78083,1788,13644,30362,3838,8332,70493,91253,1713,33428,15366,4910,2703,15811,8653,1851369
ACSSF,2010e1,al,000,0019,0000005,3328033,160,177,73,440057,8130,89,113,328,4990,206,943,322,660,479,334,63,327,3122,75,702,525,10441,226,1564,2726,0,367,1121,0,2176,1754,2497,35831,902,309754,0,31040,1208,70040,6425,243445,0,8173,63,3749,164,1477,319689,489,63943,154,1169,582,60,136,15,1249,10018,105,23696,2879,1225,7233,2285,54790,74875,492,539,1379,434,0,23004,0,679,0,800,0,1761,0,90,58,209,1072,206,194,17386,549,12279,3927,1251,2373,13641,7889,409,228,0,136,152,386,392,3999,428,366,1393,0,489,1506856,3328033,440057,8130,10441,2176,2497,35831,309754,31040,70040,6425,243445,8173,3749,319689,63943,1169,10018,23696,2879,7233,54790,74875,1379,23004,12279,3927,2373,13641,7889,1533491
ACSSF,2010e1,al,000,0019,0000006,,,,,,,,,,,,,,,,,,,,,,,,,,,,,,,,,,,,,,,,,,,,,,,,,,,,,,,,,,,,,,,,,,,,,,,,,,,,,,,,,,,,,,,,,,,,,,,,,,,,,,,,,,,,,1298580,110818,4456,4862,1159,844,9660,103870,10969,27104,1307,78780,3579,2038,93505,22475,686,4081,7670,844,2183,20455,25913,887,14243,5719,719,1191,5079,5035,728449
ACSSF,2010e1,al,000,0019,0000007,,,,,,,,,,,,,,,,,,,,,,,,,,,,,,,,,,,,,,,,,,,,,,,,,,,,,,,,,,,,,,,,,,,,,,,,,,,,,,,,,,,,,,,,,,,,,,,,,,,,,,,,,,,,,2029453,329239,3674,5579,1017,1653,26171,205884,20071,42936,5118,164665,4594,1711,226184,41468,483,5937,16026,2035,5050,34335,48962,492,8761,6560,3208,1182,8562,2854,805042
ACSSF,2010e1,al,000,0019,0000008,,,,,,,,,,,,,,,,,,,,,,,,,,,,,,,,,,,,,,,,,,,,,,,,,,,,,,,,,,,,,,,,,,,,,,,,,,,,,,,,,,,,,,,,,,,,,,,,,,,,,,,,,,,,,829298,140330,834,2622,1608,671,8319,76178,7727,17832,1335,73121,1035,721,101805,14140,619,3626,6666,959,1099,15703,16378,334,10424,3087,983,330,2170,764,317878
ACSSF,2010e1,al,000,0019,0000009,,,,,,,,,,,,,,,,,,,,,,,,,,,,,,,,,,,,,,,,,,,,,,,,,,,,,,,,,,,,,,,,,,,,,,,,,,,,,,,,,,,,,,,,,,,,,,,,,,,,,,,,,,,,,276050,43625,343,810,411,143,2696,23006,3685,6190,631,26081,730,452,31430,4777,347,688,1972,402,172,4218,5165,185,4721,1216,721,233,618,467,109915
ACSSF,2010e1,al,000,0019,0000010,,,,,,,,,,,,,,,,,,,,,,,,,,,,,,,,,,,,,,,,,,,,,,,,,,,,,,,,,,,,,,,,,,,,,,,,,,,,,,,,,,,,,,,,,,,,,,,,,,,,,,,,,,,,,553248,96705,491,1812,1197,528,5623,53172,4042,11642,704,47040,305,269,70375,9363,272,2938,4694,557,927,11485,11213,149,5703,1871,262,97,1552,297,207963
ACSSF,2010e1,al,000,0019,0000011,,,,,,,,,,,,,,,,,,,,,,,,,,,,,,,,,,,,,,,,,,,,,,,,,,,,,,,,,,,,,,,,,,,,,,,,,,,,,,,,,,,,,,,,,,,,,,,,,,,,,,,,,,,,,440004,80311,140,1888,0,209,5535,33029,977,3932,278,22465,393,466,45508,3910,0,369,1641,75,511,4860,6531,0,2566,862,0,20,1271,197,222060
ACSSF,2010e1,al,000,0019,0000012,,,,,,,,,,,,,,,,,,,,,,,,,,,,,,,,,,,,,,,,,,,,,,,,,,,,,,,,,,,,,,,,,,,,,,,,,,,,,,,,,,,,,,,,,,,,,,,,,,,,,,,,,,,,,1269302,220641,974,4510,1608,880,13854,109207,8704,21764,1613,95586,1428,1187,147313,18050,619,3995,8307,1034,1610,20563,22909,334,12990,3949,983,350,3441,961,539938
ACSSF,2010e1,al,000,0019,0000013,,,,,,,,,,,,,,,,,,,,,,,,,,,,,,,,,,,,,,,,,,,,,,,,,,,,,,,,,,,,,,,,,,,,,,,,,,,,,,,,,,,,,,,,,,,,,,,,,,,,,,,,,,,,,187732,31580,223,1158,984,487,3623,24903,2790,7805,342,19339,332,316,21350,6961,58,1517,1964,242,0,3843,5851,313,687,1620,610,80,469,33,48252
ACSSF,2010e1,al,000,0019,0000014,,,,,,,,,,,,,,,,,,,,,,,,,,,,,,,,,,,,,,,,,,,,,,,,,,,,,,,,,,,,,,,,,,,,,,,,,,,,,,,,,,,,,,,,,,,,,,,,,,,,,,,,,,,,,102333,16311,37,823,0,0,2377,9602,1039,1745,337,7757,135,678,10741,4785,0,293,496,0,23,1297,1633,0,715,754,47,320,63,109,40216
ACSSF,2010e1,al,000,0019,0000015,,,,,,,,,,,,,,,,,,,,,,,,,,,,,,,,,,,,,,,,,,,,,,,,,,,,,,,,,,,,,,,,,,,,,,,,,,,,,,,,,,,,,,,,,,,,,,,,,,,,,,,,,,,,,,,,,,,,,,,,,,,,,,,,,,,,,,,,,,,
ACSSF,2010e1,al,000,0019,0000016,,,,,,,,,,,,,,,,,,,,,,,,,,,,,,,,,,,,,,,,,,,,,,,,,,,,,,,,,,,,,,,,,,,,,,,,,,,,,,,,,,,,,,,,,,,,,,,,,,,,,,,,,,,,,,,,,,,,,,,,,,,,,,,,,,,,,,,,,,,
ACSSF,2010e1,al,000,0019,0000017,,,,,,,,,,,,,,,,,,,,,,,,,,,,,,,,,,,,,,,,,,,,,,,,,,,,,,,,,,,,,,,,,,,,,,,,,,,,,,,,,,,,,,,,,,,,,,,,,,,,,,,,,,,,,,,,,,,,,,,,,,,,,,,,,,,,,,,,,,,
ACSSF,2010e1,al,000,0019,0000018,,,,,,,,,,,,,,,,,,,,,,,,,,,,,,,,,,,,,,,,,,,,,,,,,,,,,,,,,,,,,,,,,,,,,,,,,,,,,,,,,,,,,,,,,,,,,,,,,,,,,,,,,,,,,92288,15250,0,225,15,114,1831,14525,425,623,0,7530,83,75,11825,752,37,313,211,57,55,1688,2934,0,212,567,289,0,505,0,32147
ACSSF,2010e1,al,000,0019,0000019,,,,,,,,,,,,,,,,,,,,,,,,,,,,,,,,,,,,,,,,,,,,,,,,,,,,,,,,,,,,,,,,,,,,,,,,,,,,,,,,,,,,,,,,,,,,,,,,,,,,,,,,,,,,,106853,15870,163,292,66,44,938,7022,717,1694,71,7813,129,122,11519,1866,0,191,419,15,152,1658,1476,0,209,256,94,0,166,232,53659
ACSSF,2010e1,al,000,0019,0000020,,,,,,,,,,,,,,,,,,,,,,,,,,,,,,,,,,,,,,,,,,,,,,,,,,,,,,,,,,,,,,,,,,,,,,,,,,,,,,,,,,,,,,,,,,,,,,,,,,,,,,,,,,,,,635171,49560,1961,2364,524,451,4530,58497,4742,11371,693,40560,1564,680,50451,12332,175,1235,3602,0,1453,12533,16048,348,6605,1816,770,655,3663,1209,344779
ACSSF,2010e1,al,000,0019,0000021,,,,,,,,,,,,,,,,,,,,,,,,,,,,,,,,,,,,,,,,,,,,,,,,,,,,,,,,,,,,,,,,,,,,,,,,,,,,,,,,,,,,,,,,,,,,,,,,,,,,,,,,,,,,,,,,,,,,,,,,,,,,,,,,,,,,,,,,,,,
ACSSF,2010e1,al,000,0019,0000022,,,,,,,,,,,,,,,,,,,,,,,,,,,,,,,,,,,,,,,,,,,,,,,,,,,,,,,,,,,,,,,,,,,,,,,,,,,,,,,,,,,,,,,,,,,,,,,,,,,,,,,,,,,,,143975,12271,189,732,65,13,998,20604,1402,3213,306,11745,577,84,16883,1809,38,724,2140,84,560,2096,5229,14,1704,475,56,97,647,14,59206
ACSSF,2010e1,al,000,0019,0000023,,,,,,,,,,,,,,,,,,,,,,,,,,,,,,,,,,,,,,,,,,,,,,,,,,,,,,,,,,,,,,,,,,,,,,,,,,,,,,,,,,,,,,,,,,,,,,,,,,,,,,,,,,,,,83211,19341,264,74,0,0,1118,6938,1294,1452,287,6181,270,0,9427,1906,0,181,1142,514,0,618,1411,60,175,834,58,44,335,0,29287
ACSSF,2010e1,al,000,0019,0000024,,,,,,,,,,,,,,,,,,,,,,,,,,,,,,,,,,,,,,,,,,,,,,,,,,,,,,,,,,,,,,,,,,,,,,,,,,,,,,,,,,,,,,,,,,,,,,,,,,,,,,,,,,,,,346572,41623,631,1741,561,691,3455,35775,6200,9377,526,32182,1130,659,28652,8590,295,1454,4171,782,738,6477,8382,335,4837,2031,141,368,1037,1935,141796
ACSSF,2010e1,al,000,0019,0000025,,,,,,,,,,,,,,,,,,,,,,,,,,,,,,,,,,,,,,,,,,,,,,,,,,,,,,,,,,,,,,,,,,,,,,,,,,,,,,,,,,,,,,,,,,,,,,,,,,,,,,,,,,,,,,,,,,,,,,,,,,,,,,,,,,,,,,,,,,,
ACSSF,2010e1,al,000,0019,0000026,,,,,,,,,,,,,,,,,,,,,,,,,,,,,,,,,,,,,,,,,,,,,,,,,,,,,,,,,,,,,,,,,,,,,,,,,,,,,,,,,,,,,,,,,,,,,,,,,,,,,,,,,,,,,425029,42471,331,1186,368,175,3785,33643,3371,18189,916,32955,1841,297,40638,6646,134,2151,3521,121,581,7779,7747,59,2021,1791,103,56,1366,1187,209600
ACSSF,2010e1,al,000,0019,0000027,,,,,,,,,,,,,,,,,,,,,,,,,,,,,,,,,,,,,,,,,,,,,,,,,,,,,,,,,,,,,,,,,,,,,,,,,,,,,,,,,,,,,,,,,,,,,,,,,,,,,,,,,,,,,224083,27196,1677,657,0,0,1053,11566,1295,2499,52,7457,116,525,8164,1848,60,479,643,98,587,2788,3303,430,2155,515,65,166,905,880,146904
ACSSF,2010e1,al,000,0019,0000028,,,,,,,,,,,,,,,,,,,,,,,,,,,,,,,,,,,,,,,,,,,,,,,,,,,,,,,,,,,,,,,,,,,,,,,,,,,,,,,,,,,,,,,,,,,,,,,,,,,,,,,,,,,,,119973,17831,175,472,0,283,1997,12881,890,1372,568,9554,0,189,16562,2079,0,216,253,113,487,1595,2232,0,316,617,741,62,386,181,47921
ACSSF,2010e1,al,000,0019,0000029,,,,,,,,,,,,,,,,,,,,,,,,,,,,,,,,,,,,,,,,,,,,,,,,,,,,,,,,,,,,,,,,,,,,,,,,,,,,,,,,,,,,,,,,,,,,,,,,,,,,,,,,,,,,,,,,,,,,,,,,,,,,,,,,,,,,,,,,,,,
ACSSF,2010e1,al,000,0019,0000030,,,,,,,,,,,,,,,,,,,,,,,,,,,,,,,,,,,,,,,,,,,,,,,,,,,,,,,,,,,,,,,,,,,,,,,,,,,,,,,,,,,,,,,,,,,,,,,,,,,,,,,,,,,,,218239,22583,1364,646,114,136,2340,32431,2800,5699,386,22937,633,342,28417,7755,190,1396,3405,436,359,4316,6506,29,1313,1379,599,121,1470,734,67403
ACSSF,2010e1,al,000,0019,0000031,,,,,,,,,,,,,,,,,,,,,,,,,,,,,,,,,,,,,,,,,,,,,,,,,,,,,,,,,,,,,,,,,,,,,,,,,,,,,,,,,,,,,,,,,,,,,,,,,,,,,,,,,,,,,,,,,,,,,,,,,,,,,,,,,,,,,,,,,,,
ACSSF,2010e1,al,000,0019,0000032,,,,,,,,,,,,,,,,,,,,,,,,,,,,,,,,,,,,,,,,,,,,,,,,,,,,,,,,,,,,,,,,,,,,,,,,,,,,,,,,,,,,,,,,,,,,,,,,,,,,,,,,,,,,,168570,21692,356,244,0,82,1103,15584,1403,4159,152,11828,748,56,17798,1935,171,0,952,106,510,2406,2594,0,1165,272,141,0,879,271,81963
ACSSF,2010e1,al,000,0019,0000033,,,,,,,,,,,,,,,,,,,,,,,,,,,,,,,,,,,,,,,,,,,,,,,,,,,,,,,,,,,,,,,,,,,,,,,,,,,,,,,,,,,,,,,,,,,,,,,,,,,,,,,,,,,,,,,,,,,,,,,,,,,,,,,,,,,,,,,,,,,
ACSSF,2010e1,al,000,0019,0000034,,,,,,,,,,,,,,,,,,,,,,,,,,,,,,,,,,,,,,,,,,,,,,,,,,,,,,,,,,,,,,,,,,,,,,,,,,,,,,,,,,,,,,,,,,,,,,,,,,,,,,,,,,,,,197580,7435,735,576,289,0,858,6282,1202,1889,163,5243,363,125,4884,1487,0,340,263,0,0,1873,3217,289,3558,361,0,0,697,222,155229
ACSSF,2010e1,al,000,0019,0000035,,,,,,,,,,,,,,,,,,,,,,,,,,,,,,,,,,,,,,,,,,,,,,,,,,,,,,,,,,,,,,,,,,,,,,,,,,,,,,,,,,,,,,,,,,,,,,,,,,,,,,,,,,,,,71303,5289,163,292,66,13,476,4703,337,1435,16,6018,129,122,7392,1170,0,191,341,15,152,1097,1104,0,179,201,77,0,128,232,39965
ACSSF,2010e1,al,000,0019,0000036,,,,,,,,,,,,,,,,,,,,,,,,,,,,,,,,,,,,,,,,,,,,,,,,,,,,,,,,,,,,,,,,,,,,,,,,,,,,,,,,,,,,,,,,,,,,,,,,,,,,,,,,,,,,,90205,6097,546,513,173,123,946,10795,1045,1990,0,6917,0,134,9938,4858,56,151,1788,0,193,2067,2609,59,730,1130,81,549,686,1058,34973
ACSSF,2010e1,al,000,0019,0000037,,,,,,,,,,,,,,,,,,,,,,,,,,,,,,,,,,,,,,,,,,,,,,,,,,,,,,,,,,,,,,,,,,,,,,,,,,,,,,,,,,,,,,,,,,,,,,,,,,,,,,,,,,,,,185727,18609,631,971,201,256,2035,18540,2928,4654,217,15769,742,333,14774,4898,295,442,1846,320,394,4165,4700,197,3132,875,45,0,481,1743,81534
ACSSF,2010e1,al,000,0019,0000038,,,,,,,,,,,,,,,,,,,,,,,,,,,,,,,,,,,,,,,,,,,,,,,,,,,,,,,,,,,,,,,,,,,,,,,,,,,,,,,,,,,,,,,,,,,,,,,,,,,,,,,,,,,,,201755,13338,203,707,310,124,1385,15831,1695,8336,547,12976,1093,182,15021,2904,68,1470,763,121,93,3253,3894,59,1224,506,103,56,737,378,114378
ACSSF,2010e1,al,000,0019,0000039,,,,,,,,,,,,,,,,,,,,,,,,,,,,,,,,,,,,,,,,,,,,,,,,,,,,,,,,,,,,,,,,,,,,,,,,,,,,,,,,,,,,,,,,,,,,,,,,,,,,,,,,,,,,,203277,21323,1677,564,0,0,1053,10602,1090,2269,52,7010,116,276,7220,1800,60,479,643,98,587,2359,3007,181,2063,473,65,107,839,880,136384
ACSSF,2010e1,al,000,0019,0000040,,,,,,,,,,,,,,,,,,,,,,,,,,,,,,,,,,,,,,,,,,,,,,,,,,,,,,,,,,,,,,,,,,,,,,,,,,,,,,,,,,,,,,,,,,,,,,,,,,,,,,,,,,,,,,,,,,,,,,,,,,,,,,,,,,,,,,,,,,,
ACSSF,2010e1,al,000,0019,0000041,,,,,,,,,,,,,,,,,,,,,,,,,,,,,,,,,,,,,,,,,,,,,,,,,,,,,,,,,,,,,,,,,,,,,,,,,,,,,,,,,,,,,,,,,,,,,,,,,,,,,,,,,,,,,197580,7435,735,576,289,0,858,6282,1202,1889,163,5243,363,125,4884,1487,0,340,263,0,0,1873,3217,289,3558,361,0,0,697,222,155229
ACSSF,2010e1,al,000,0019,0000042,,,,,,,,,,,,,,,,,,,,,,,,,,,,,,,,,,,,,,,,,,,,,,,,,,,,,,,,,,,,,,,,,,,,,,,,,,,,,,,,,,,,,,,,,,,,,,,,,,,,,,,,,,,,,90205,6097,546,513,173,123,946,10795,1045,1990,0,6917,0,134,9938,4858,56,151,1788,0,193,2067,2609,59,730,1130,81,549,686,1058,34973
ACSSF,2010e1,al,000,0019,0000043,,,,,,,,,,,,,,,,,,,,,,,,,,,,,,,,,,,,,,,,,,,,,,,,,,,,,,,,,,,,,,,,,,,,,,,,,,,,,,,,,,,,,,,,,,,,,,,,,,,,,,,,,,,,,70233,5289,163,292,66,13,476,4618,337,1366,16,5352,129,122,7263,1170,0,191,341,15,152,1097,1104,0,179,201,77,0,128,232,39844
ACSSF,2010e1,al,000,0019,0000044,,,,,,,,,,,,,,,,,,,,,,,,,,,,,,,,,,,,,,,,,,,,,,,,,,,,,,,,,,,,,,,,,,,,,,,,,,,,,,,,,,,,,,,,,,,,,,,,,,,,,,,,,,,,,185727,18609,631,971,201,256,2035,18540,2928,4654,217,15769,742,333,14774,4898,295,442,1846,320,394,4165,4700,197,3132,875,45,0,481,1743,81534
ACSSF,2010e1,al,000,0019,0000045,,,,,,,,,,,,,,,,,,,,,,,,,,,,,,,,,,,,,,,,,,,,,,,,,,,,,,,,,,,,,,,,,,,,,,,,,,,,,,,,,,,,,,,,,,,,,,,,,,,,,,,,,,,,,201755,13338,203,707,310,124,1385,15831,1695,8336,547,12976,1093,182,15021,2904,68,1470,763,121,93,3253,3894,59,1224,506,103,56,737,378,114378
ACSSF,2010e1,al,000,0019,0000046,,,,,,,,,,,,,,,,,,,,,,,,,,,,,,,,,,,,,,,,,,,,,,,,,,,,,,,,,,,,,,,,,,,,,,,,,,,,,,,,,,,,,,,,,,,,,,,,,,,,,,,,,,,,,203277,21323,1677,564,0,0,1053,10602,1090,2269,52,7010,116,276,7220,1800,60,479,643,98,587,2359,3007,181,2063,473,65,107,839,880,136384
ACSSF,2010e1,al,000,0019,0000047,,,,,,,,,,,,,,,,,,,,,,,,,,,,,,,,,,,,,,,,,,,,,,,,,,,,,,,,,,,,,,,,,,,,,,,,,,,,,,,,,,,,,,,,,,,,,,,,,,,,,,,,,,,,,,,,,,,,,,,,,,,,,,,,,,,,,,,,,,,
ACSSF,2010e1,al,000,0019,0000048,,,,,,,,,,,,,,,,,,,,,,,,,,,,,,,,,,,,,,,,,,,,,,,,,,,,,,,,,,,,,,,,,,,,,,,,,,,,,,,,,,,,,,,,,,,,,,,,,,,,,,,,,,,,,704344,85105,554,2645,1352,662,8198,64362,6445,26693,1258,56965,2401,613,69323,13777,192,3691,5606,363,835,12832,14465,372,2834,3482,713,136,2279,1314,314877
ACSSF,2010e1,al,000,0019,0000049,,,,,,,,,,,,,,,,,,,,,,,,,,,,,,,,,,,,,,,,,,,,,,,,,,,,,,,,,,,,,,,,,,,,,,,,,,,,,,,,,,,,,,,,,,,,,,,,,,,,,,,,,,,,,648376,103654,661,1555,616,477,5796,45171,5382,6901,1863,39523,1118,612,53545,9017,67,969,3797,700,1077,9961,12836,218,9608,1329,611,490,1958,1255,327609
ACSSF,2010e1,al,000,0019,0000050,,,,,,,,,,,,,,,,,,,,,,,,,,,,,,,,,,,,,,,,,,,,,,,,,,,,,,,,,,,,,,,,,,,,,,,,,,,,,,,,,,,,,,,,,,,,,,,,,,,,,,,,,,,,,652083,95615,2245,2509,65,62,4832,57445,5239,10031,1153,38044,847,1502,61182,11285,98,2287,5119,388,1513,7764,13006,263,6055,1979,167,545,1555,1486,317802
ACSSF,2010e1,al,000,0019,0000051,,,,,,,,,,,,,,,,,,,,,,,,,,,,,,,,,,,,,,,,,,,,,,,,,,,,,,,,,,,,,,,,,,,,,,,,,,,,,,,,,,,,,,,,,,,,,,,,,,,,,,,,,,,,,591457,98754,59,2253,437,423,13366,60266,2854,8924,1028,56862,394,241,93728,7948,286,2282,2764,194,1100,11314,12427,0,991,1679,1025,215,2187,228,207228
ACSSF,2010e1,al,000,0019,0000052,,,,,,,,,,,,,,,,,,,,,,,,,,,,,,,,,,,,,,,,,,,,,,,,,,,,,,,,,,,,,,,,,,,,,,,,,,,,,,,,,,,,,,,,,,,,,,,,,,,,,,,,,,,,,713598,134554,1470,2134,676,892,6290,67238,9697,14905,1011,55723,1790,848,70550,14665,376,2039,5941,1354,1372,11053,14713,483,5636,4035,814,412,2318,2250,278359
ACSSF,2010e1,al,000,0019,0000053,,,,,,,,,,,,,,,,,,,,,,,,,,,,,,,,,,,,,,,,,,,,,,,,,,,,,,,,,,,,,,,,,,,,,,,,,,,,,,,,,,,,,,,,,,,,,,,,,,,,,,,,,,,,,741107,103834,3224,3035,349,701,8379,97159,8691,18712,1519,70078,2236,888,92132,20766,605,2288,7156,808,2289,15789,24721,88,3180,3432,1439,925,5114,1374,240196
ACSSF,2010e1,al,000,0019,0000054,,,,,,,,,,,,,,,,,,,,,,,,,,,,,,,,,,,,,,,,,,,,,,,,,,,,,,,,,,,,,,,,,,,,,,,,,,,,,,,,,,,,,,,,,,,,,,,,,,,,,,,,,,,,,546370,39182,891,820,289,160,2824,27320,1436,5638,206,21836,815,232,26542,4535,164,457,1620,106,657,6640,5616,289,7690,292,141,0,1671,943,387358
ACSSF,2010e1,al,000,0019,0000055,,,,,,,,,,,,,,,,,,,,,,,,,,,,,,,,,,,,,,,,,,,,,,,,,,,,,,,,,,,,,,,,,,,,,,,,,,,,,,,,,,,,,,,,,,,,,,,,,,,,,,,,,,,,,,,,,,,,,,,,,,,,,,,,,,,,,,,,,,,
ACSSF,2010e1,al,000,0019,0000056,,,,,,,,,,,,,,,,,,,,,,,,,,,,,,,,,,,,,,,,,,,,,,,,,,,,,,,,,,,,,,,,,,,,,,,,,,,,,,,,,,,,,,,,,,,,,,,,,,,,,,,,,,,,,179562,17719,631,971,201,256,1845,18022,2928,4506,217,14999,560,333,14184,4668,217,406,1775,320,311,4165,4700,197,3095,875,45,0,218,1628,79570
ACSSF,2010e1,al,000,0019,0000057,,,,,,,,,,,,,,,,,,,,,,,,,,,,,,,,,,,,,,,,,,,,,,,,,,,,,,,,,,,,,,,,,,,,,,,,,,,,,,,,,,,,,,,,,,,,,,,,,,,,,,,,,,,,,250221,43245,264,844,360,435,2728,24691,4566,6323,596,23364,840,326,23895,5828,78,1229,3538,976,427,2930,5093,198,1917,1990,154,412,1154,307,91513
ACSSF,2010e1,al,000,0019,0000058,,,,,,,,,,,,,,,,,,,,,,,,,,,,,,,,,,,,,,,,,,,,,,,,,,,,,,,,,,,,,,,,,,,,,,,,,,,,,,,,,,,,,,,,,,,,,,,,,,,,,,,,,,,,,,,,,,,,,,,,,,,,,,,,,,,,,,,,,,,
ACSSF,2010e1,al,000,0019,0000059,,,,,,,,,,,,,,,,,,,,,,,,,,,,,,,,,,,,,,,,,,,,,,,,,,,,,,,,,,,,,,,,,,,,,,,,,,,,,,,,,,,,,,,,,,,,,,,,,,,,,,,,,,,,,187775,24062,0,187,370,0,1367,19916,708,5463,155,23935,0,117,33123,1753,249,1171,1141,63,163,4901,4239,0,273,586,66,85,684,0,62998
ACSSF,2010e1,al,000,0019,0000060,,,,,,,,,,,,,,,,,,,,,,,,,,,,,,,,,,,,,,,,,,,,,,,,,,,,,,,,,,,,,,,,,,,,,,,,,,,,,,,,,,,,,,,,,,,,,,,,,,,,,,,,,,,,,150936,23681,175,492,0,283,2345,14597,890,1566,568,11322,0,189,18856,2232,0,216,253,113,563,2039,3189,0,316,838,753,62,483,315,64600
ACSSF,2010e1,al,000,0019,0000061,,,,,,,,,,,,,,,,,,,,,,,,,,,,,,,,,,,,,,,,,,,,,,,,,,,,,,,,,,,,,,,,,,,,,,,,,,,,,,,,,,,,,,,,,,,,,,,,,,,,,,,,,,,,,,,,,,,,,,,,,,,,,,,,,,,,,,,,,,,
ACSSF,2010e1,al,000,0019,0000062,,,,,,,,,,,,,,,,,,,,,,,,,,,,,,,,,,,,,,,,,,,,,,,,,,,,,,,,,,,,,,,,,,,,,,,,,,,,,,,,,,,,,,,,,,,,,,,,,,,,,,,,,,,,,184592,48883,403,292,52,76,6426,15417,1263,2322,517,14568,164,0,21457,3942,69,197,1061,391,708,2550,3835,0,74,226,70,121,560,228,58720
ACSSF,2010e1,al,000,0019,0000063,,,,,,,,,,,,,,,,,,,,,,,,,,,,,,,,,,,,,,,,,,,,,,,,,,,,,,,,,,,,,,,,,,,,,,,,,,,,,,,,,,,,,,,,,,,,,,,,,,,,,,,,,,,,,85794,3894,661,438,0,0,915,4112,864,818,163,4346,363,125,3747,1467,0,340,147,0,0,1335,2446,0,938,245,0,0,697,222,57511
ACSSF,2010e1,al,000,0019,0000064,,,,,,,,,,,,,,,,,,,,,,,,,,,,,,,,,,,,,,,,,,,,,,,,,,,,,,,,,,,,,,,,,,,,,,,,,,,,,,,,,,,,,,,,,,,,,,,,,,,,,,,,,,,,,,,,,,,,,,,,,,,,,,,,,,,,,,,,,,,
ACSSF,2010e1,al,000,0019,0000065,,,,,,,,,,,,,,,,,,,,,,,,,,,,,,,,,,,,,,,,,,,,,,,,,,,,,,,,,,,,,,,,,,,,,,,,,,,,,,,,,,,,,,,,,,,,,,,,,,,,,,,,,,,,,178784,13286,1226,1547,95,404,1871,27109,2110,6849,469,15102,1027,354,17826,5807,175,407,1721,0,1201,5789,7877,59,1230,1285,697,336,1926,493,60506
ACSSF,2010e1,al,000,0019,0000066,,,,,,,,,,,,,,,,,,,,,,,,,,,,,,,,,,,,,,,,,,,,,,,,,,,,,,,,,,,,,,,,,,,,,,,,,,,,,,,,,,,,,,,,,,,,,,,,,,,,,,,,,,,,,,,,,,,,,,,,,,,,,,,,,,,,,,,,,,,
ACSSF,2010e1,al,000,0019,0000067,,,,,,,,,,,,,,,,,,,,,,,,,,,,,,,,,,,,,,,,,,,,,,,,,,,,,,,,,,,,,,,,,,,,,,,,,,,,,,,,,,,,,,,,,,,,,,,,,,,,,,,,,,,,,,,,,,,,,,,,,,,,,,,,,,,,,,,,,,,
ACSSF,2010e1,al,000,0019,0000068,,,,,,,,,,,,,,,,,,,,,,,,,,,,,,,,,,,,,,,,,,,,,,,,,,,,,,,,,,,,,,,,,,,,,,,,,,,,,,,,,,,,,,,,,,,,,,,,,,,,,,,,,,,,,92288,15250,0,225,15,114,1831,14525,425,623,0,7530,83,75,11825,752,37,313,211,57,55,1688,2934,0,212,567,289,0,505,0,32147
ACSSF,2010e1,al,000,0019,0000069,,,,,,,,,,,,,,,,,,,,,,,,,,,,,,,,,,,,,,,,,,,,,,,,,,,,,,,,,,,,,,,,,,,,,,,,,,,,,,,,,,,,,,,,,,,,,,,,,,,,,,,,,,,,,142363,31596,472,638,0,49,850,13047,651,2303,114,8685,58,329,19137,1879,0,270,1679,75,73,1522,2423,0,586,263,0,0,136,142,55386
ACSSF,2010e1,al,000,0019,0000070,,,,,,,,,,,,,,,,,,,,,,,,,,,,,,,,,,,,,,,,,,,,,,,,,,,,,,,,,,,,,,,,,,,,,,,,,,,,,,,,,,,,,,,,,,,,,,,,,,,,,,,,,,,,,102333,16311,37,823,0,0,2377,9602,1039,1745,337,7757,135,678,10741,4785,0,293,496,0,23,1297,1633,0,715,754,47,320,63,109,40216
ACSSF,2010e1,al,000,0019,0000071,,,,,,,,,,,,,,,,,,,,,,,,,,,,,,,,,,,,,,,,,,,,,,,,,,,,,,,,,,,,,,,,,,,,,,,,,,,,,,,,,,,,,,,,,,,,,,,,,,,,,,,,,,,,,218239,22583,1364,646,114,136,2340,32431,2800,5699,386,22937,633,342,28417,7755,190,1396,3405,436,359,4316,6506,29,1313,1379,599,121,1470,734,67403
ACSSF,2010e1,al,000,0019,0000072,,,,,,,,,,,,,,,,,,,,,,,,,,,,,,,,,,,,,,,,,,,,,,,,,,,,,,,,,,,,,,,,,,,,,,,,,,,,,,,,,,,,,,,,,,,,,,,,,,,,,,,,,,,,,168570,21692,356,244,0,82,1103,15584,1403,4159,152,11828,748,56,17798,1935,171,0,952,106,510,2406,2594,0,1165,272,141,0,879,271,81963
ACSSF,2010e1,al,000,0019,0000073,,,,,,,,,,,,,,,,,,,,,,,,,,,,,,,,,,,,,,,,,,,,,,,,,,,,,,,,,,,,,,,,,,,,,,,,,,,,,,,,,,,,,,,,,,,,,,,,,,,,,,,,,,,,,,,,,,,,,,,,,,,,,,,,,,,,,,,,,,,
ACSSF,2010e1,al,000,0019,0000074,,,,,,,,,,,,,,,,,,,,,,,,,,,,,,,,,,,,,,,,,,,,,,,,,,,,,,,,,,,,,,,,,,,,,,,,,,,,,,,,,,,,,,,,,,,,,,,,,,,,,,,,,,,,,,,,,,,,,,,,,,,,,,,,,,,,,,,,,,,
ACSSF,2010e1,al,000,0019,0000075,,,,,,,,,,,,,,,,,,,,,,,,,,,,,,,,,,,,,,,,,,,,,,,,,,,,,,,,,,,,,,,,,,,,,,,,,,,,,,,,,,,,,,,,,,,,,,,,,,,,,,,,,,,,,143975,12271,189,732,65,13,998,20604,1402,3213,306,11745,577,84,16883,1809,38,724,2140,84,560,2096,5229,14,1704,475,56,97,647,14,59206
ACSSF,2010e1,al,000,0019,0000076,,,,,,,,,,,,,,,,,,,,,,,,,,,,,,,,,,,,,,,,,,,,,,,,,,,,,,,,,,,,,,,,,,,,,,,,,,,,,,,,,,,,,,,,,,,,,,,,,,,,,,,,,,,,,189079,18576,115,199,0,49,764,9458,2331,1758,308,8793,561,0,10476,2622,0,629,667,147,316,2673,3516,21,8379,248,178,15,344,1169,114767
ACSSF,2010e1,al,000,0019,0000077,,,,,,,,,,,,,,,,,,,,,,,,,,,,,,,,,,,,,,,,,,,,,,,,,,,,,,,,,,,,,,,,,,,,,,,,,,,,,,,,,,,,,,,,,,,,,,,,,,,,,,,,,,,,,202222,21270,1677,564,0,0,1053,10526,1090,2269,52,7010,116,276,7158,1800,60,479,643,98,587,2359,3007,181,2063,473,65,107,839,880,135520
ACSSF,2010e1,al,000,0019,0000078,,,,,,,,,,,,,,,,,,,,,,,,,,,,,,,,,,,,,,,,,,,,,,,,,,,,,,,,,,,,,,,,,,,,,,,,,,,,,,,,,,,,,,,,,,,,,,,,,,,,,,,,,,,,,160567,22244,0,568,0,254,1267,11607,1675,2265,831,10669,343,291,17278,2710,0,190,880,15,164,2825,4505,249,185,342,235,326,751,41,77857
ACSSF,2010e1,al,000,0019,0000079,,,,,,,,,,,,,,,,,,,,,,,,,,,,,,,,,,,,,,,,,,,,,,,,,,,,,,,,,,,,,,,,,,,,,,,,,,,,,,,,,,,,,,,,,,,,,,,,,,,,,,,,,,,,,,,,,,,,,,,,,,,,,,,,,,,,,,,,,,,
ACSSF,2010e1,al,000,0019,0000080,,,,,,,,,,,,,,,,,,,,,,,,,,,,,,,,,,,,,,,,,,,,,,,,,,,,,,,,,,,,,,,,,,,,,,,,,,,,,,,,,,,,,,,,,,,,,,,,,,,,,,,,,,,,,196048,12958,203,707,310,124,1385,15781,1695,8288,547,12729,1093,182,14816,2904,68,1470,763,121,93,3253,3894,59,1180,506,103,56,737,378,109645
ACSSF,2010e1,al,000,0019,0000081,,,,,,,,,,,,,,,,,,,,,,,,,,,,,,,,,,,,,,,,,,,,,,,,,,,,,,,,,,,,,,,,,,,,,,,,,,,,,,,,,,,,,,,,,,,,,,,,,,,,,,,,,,,,,228981,29513,128,479,58,51,2400,17862,1676,9901,369,20226,748,115,25822,3742,66,681,2758,0,488,4526,3853,0,841,1285,0,0,629,809,99955
ACSSF,2010e1,al,000,0019,0000082,,,,,,,,,,,,,,,,,,,,,,,,,,,,,,,,,,,,,,,,,,,,,,,,,,,,,,,,,,,,,,,,,,,,,,,,,,,,,,,,,,,,,,,,,,,,,,,,,,,,,,,,,,,,,187732,31580,223,1158,984,487,3623,24903,2790,7805,342,19339,332,316,21350,6961,58,1517,1964,242,0,3843,5851,313,687,1620,610,80,469,33,48252
ACSSF,2010e1,al,000,0019,0000083,,,,,,,,,,,,,,,,,,,,,,,,,,,,,,,,,,,,,,,,,,,,,,,,,,,,,,,,,,,,,,,,,,,,,,,,,,,,,,,,,,,,,,,,,,,,,,,,,,,,,,,,,,,,,105900,37842,0,46,155,0,1272,7195,457,764,270,6018,46,251,8105,1017,0,295,474,256,113,1688,2528,0,256,238,0,114,418,154,35928
ACSSF,2010e1,al,000,0019,0000084,,,,,,,,,,,,,,,,,,,,,,,,,,,,,,,,,,,,,,,,,,,,,,,,,,,,,,,,,,,,,,,,,,,,,,,,,,,,,,,,,,,,,,,,,,,,,,,,,,,,,,,,,,,,,158981,21480,416,494,237,174,1789,11993,963,2162,710,13189,129,205,17210,2966,67,345,1604,331,262,2359,1872,0,1008,487,133,56,267,232,75841
ACSSF,2010e1,al,000,0019,0000085,,,,,,,,,,,,,,,,,,,,,,,,,,,,,,,,,,,,,,,,,,,,,,,,,,,,,,,,,,,,,,,,,,,,,,,,,,,,,,,,,,,,,,,,,,,,,,,,,,,,,,,,,,,,,88730,5939,546,513,173,123,946,10795,1045,1990,0,6917,0,134,9774,4858,56,151,1788,0,193,2016,2566,59,730,1130,81,549,686,1058,33914
ACSSF,2010e1,al,000,0019,0000086,,,,,,,,,,,,,,,,,,,,,,,,,,,,,,,,,,,,,,,,,,,,,,,,,,,,,,,,,,,,,,,,,,,,,,,,,,,,,,,,,,,,,,,,,,,,,,,,,,,,,,,,,,,,,187732,31580,223,1158,984,487,3623,24903,2790,7805,342,19339,332,316,21350,6961,58,1517,1964,242,0,3843,5851,313,687,1620,610,80,469,33,48252
ACSSF,2010e1,al,000,0019,0000087,,,,,,,,,,,,,,,,,,,,,,,,,,,,,,,,,,,,,,,,,,,,,,,,,,,,,,,,,,,,,,,,,,,,,,,,,,,,,,,,,,,,,,,,,,,,,,,,,,,,,,,,,,,,,197580,7435,735,576,289,0,858,6282,1202,1889,163,5243,363,125,4884,1487,0,340,263,0,0,1873,3217,289,3558,361,0,0,697,222,155229
ACSSF,2010e1,al,000,0019,0000088,,,,,,,,,,,,,,,,,,,,,,,,,,,,,,,,,,,,,,,,,,,,,,,,,,,,,,,,,,,,,,,,,,,,,,,,,,,,,,,,,,,,,,,,,,,,,,,,,,,,,,,,,,,,,,,,,,,,,,,,,,,,,,,,,,,,,,,,,,,
ACSSF,2010e1,al,000,0019,0000089,,,,,,,,,,,,,,,,,,,,,,,,,,,,,,,,,,,,,,,,,,,,,,,,,,,,,,,,,,,,,,,,,,,,,,,,,,,,,,,,,,,,,,,,,,,,,,,,,,,,,,,,,,,,,71303,5289,163,292,66,13,476,4703,337,1435,16,6018,129,122,7392,1170,0,191,341,15,152,1097,1104,0,179,201,77,0,128,232,39965
ACSSF,2010e1,al,000,0019,0000090,,,,,,,,,,,,,,,,,,,,,,,,,,,,,,,,,,,,,,,,,,,,,,,,,,,,,,,,,,,,,,,,,,,,,,,,,,,,,,,,,,,,,,,,,,,,,,,,,,,,,,,,,,,,,,,,,,,,,,,,,,,,,,,,,,,,,,,,,,,
ACSSF,2010e1,al,000,0019,0000091,,,,,,,,,,,,,,,,,,,,,,,,,,,,,,,,,,,,,,,,,,,,,,,,,,,,,,,,,,,,,,,,,,,,,,,,,,,,,,,,,,,,,,,,,,,,,,,,,,,,,,,,,,,,,177477,18834,631,907,201,203,1977,17754,2928,4698,263,14483,560,333,14473,4501,295,528,1797,359,409,4165,4358,197,2823,822,45,0,555,1628,76750
ACSSF,2010e1,al,000,0019,0000092,,,,,,,,,,,,,,,,,,,,,,,,,,,,,,,,,,,,,,,,,,,,,,,,,,,,,,,,,,,,,,,,,,,,,,,,,,,,,,,,,,,,,,,,,,,,,,,,,,,,,,,,,,,,,215451,26689,148,243,78,0,1647,24865,1398,3253,61,19834,174,201,25557,4509,0,488,1420,0,216,5371,6226,0,660,218,262,49,1194,0,90690
ACSSF,2010e1,al,000,0019,0000093,,,,,,,,,,,,,,,,,,,,,,,,,,,,,,,,,,,,,,,,,,,,,,,,,,,,,,,,,,,,,,,,,,,,,,,,,,,,,,,,,,,,,,,,,,,,,,,,,,,,,,,,,,,,,124661,18279,0,559,265,53,565,11471,1717,3320,109,11591,397,194,10232,2881,0,855,1599,423,63,1479,2937,72,1972,681,96,72,188,159,52432
ACSSF,2010e1,al,000,0019,0000094,,,,,,,,,,,,,,,,,,,,,,,,,,,,,,,,,,,,,,,,,,,,,,,,,,,,,,,,,,,,,,,,,,,,,,,,,,,,,,,,,,,,,,,,,,,,,,,,,,,,,,,,,,,,,410390,40688,331,1186,368,175,3785,32056,3371,17999,845,31667,1841,297,37549,6646,134,2151,3440,121,481,7371,7679,59,2021,1269,103,56,1366,1187,204148
ACSSF,2010e1,al,000,0019,0000095,,,,,,,,,,,,,,,,,,,,,,,,,,,,,,,,,,,,,,,,,,,,,,,,,,,,,,,,,,,,,,,,,,,,,,,,,,,,,,,,,,,,,,,,,,,,,,,,,,,,,,,,,,,,,221613,26770,1627,657,0,0,1053,11408,1295,2448,52,7258,116,525,8075,1791,60,459,629,98,587,2772,3268,430,2065,495,65,166,905,880,145659
ACSSF,2010e1,al,000,0019,0000096,,,,,,,,,,,,,,,,,,,,,,,,,,,,,,,,,,,,,,,,,,,,,,,,,,,,,,,,,,,,,,,,,,,,,,,,,,,,,,,,,,,,,,,,,,,,,,,,,,,,,,,,,,,,,190805,19346,1139,646,47,70,2233,28699,2563,5375,386,20369,633,276,23603,5954,190,1330,2323,436,359,3560,5656,29,1313,1073,518,121,1470,169,60919
ACSSF,2010e1,al,000,0019,0000097,,,,,,,,,,,,,,,,,,,,,,,,,,,,,,,,,,,,,,,,,,,,,,,,,,,,,,,,,,,,,,,,,,,,,,,,,,,,,,,,,,,,,,,,,,,,,,,,,,,,,,,,,,,,,,,,,,,,,,,,,,,,,,,,,,,,,,,,,,,
ACSSF,2010e1,al,000,0019,0000098,,,,,,,,,,,,,,,,,,,,,,,,,,,,,,,,,,,,,,,,,,,,,,,,,,,,,,,,,,,,,,,,,,,,,,,,,,,,,,,,,,,,,,,,,,,,,,,,,,,,,,,,,,,,,84434,16791,176,0,0,82,815,8842,637,2612,49,6178,207,56,11543,1145,39,0,562,15,367,922,788,0,604,213,141,0,401,53,31196
