ACSSF,2010e1,al,000,0055,0000001,57801,27664,2106,2207,2317,848,1902,1927,2013,1026,1492,1318,993,1254,1813,1301,4490,657,30137,3106108,746828,40618,39953,35399,35780,37561,37341,39287,40348,43526,37199,39349,40645,35520,36829,176767,30706,2359280,168174,51782,2892,4857,3339,5168,3066,3780,4255,2072,3180,2236,2093,2490,2656,2126,6174,1398,116392,57801,27664,4313,12843,5361,5147,30137,3106108,746828,80571,306441,152343,207473,2359280,168174,51782,7749,27096,9365,7572,116392
ACSSF,2010e1,al,000,0055,0000002,30061,15362,1162,1594,837,397,1229,744,687,503,630,889,701,534,997,1029,2867,562,14699,1386950,349582,17393,17972,15103,14137,15066,15299,17558,16633,17849,15297,14953,19089,16209,14312,102659,20053,1037368,108129,29293,2088,3412,1694,2840,1654,1887,1389,1144,1618,1224,1411,1016,1461,1589,4044,822,78836,30061,15362,2756,5916,3261,3429,14699,1386950,349582,35365,126942,64563,122712,1037368,108129,29293,5500,13450,5477,4866,78836
ACSSF,2010e1,al,000,0055,0000003,27740,12302,944,613,1480,451,673,1183,1326,523,862,429,292,720,816,272,1623,95,15438,1719158,397246,23225,21981,20296,21643,22495,22042,21729,23715,25677,21902,24396,21556,19311,22517,74108,10653,1321912,60045,22489,804,1445,1645,2328,1412,1893,2866,928,1562,1012,682,1474,1195,537,2130,576,37556,27740,12302,1557,6927,2100,1718,15438,1719158,397246,45206,179499,87780,84761,1321912,60045,22489,2249,13646,3888,2706,37556
ACSSF,2010e1,al,000,0055,0000004,54754,26461,2094,2023,2213,848,1902,1578,1600,1026,1406,1318,993,1254,1813,1301,4435,657,28293,2782569,678384,37214,36106,31546,32295,33972,34181,35197,36622,37996,32657,34836,36141,31863,32618,165384,29756,2104185,160302,50569,2880,4857,3272,5117,2831,3751,4139,1940,2921,2171,2093,2490,2656,2023,6030,1398,109733,54754,26461,4117,11891,5361,5092,28293,2782569,678384,73320,274466,135458,195140,2104185,160302,50569,7737,26142,9262,7428,109733
ACSSF,2010e1,al,000,0055,0000005,41407,19539,1952,1580,1313,705,1056,794,1124,852,892,1142,614,763,1553,1103,3682,414,21868,2164428,534444,30845,29385,25920,24406,26455,27234,24838,28473,29214,24742,27381,27942,25582,23283,134122,24622,1629984,118490,37302,2594,3809,2562,3480,2325,2095,3053,1169,2191,1833,1318,2034,1680,1266,4944,949,81188,41407,19539,3532,7878,4033,4096,21868,2164428,534444,60230,211282,104188,158744,1629984,118490,37302,6403,18708,6298,5893,81188
ACSSF,2010e1,al,000,0055,0000006,16538,8825,946,758,447,346,323,323,591,230,453,377,268,203,576,399,2327,258,7713,604128,159558,9133,6632,5609,5769,5859,6025,5598,6085,6628,6451,5896,6346,6461,5071,60992,11003,444570,55769,16043,1817,2021,800,1075,921,1131,1029,232,1098,470,609,637,408,335,3042,418,39726,16538,8825,1704,3090,1446,2585,7713,604128,159558,15765,48024,23774,71995,444570,55769,16043,3838,6756,1989,3460,39726
ACSSF,2010e1,al,000,0055,0000007,24869,10714,1006,822,866,359,733,471,533,622,439,765,346,560,977,704,1355,156,14155,1560300,374886,21712,22753,20311,18637,20596,21209,19240,22388,22586,18291,21485,21596,19121,18212,73130,13619,1185414,62721,21259,777,1788,1762,2405,1404,964,2024,937,1093,1363,709,1397,1272,931,1902,531,41462,24869,10714,1828,4788,2587,1511,14155,1560300,374886,44465,163258,80414,86749,1185414,62721,21259,2565,11952,4309,2433,41462
ACSSF,2010e1,al,000,0055,0000008,13347,6922,142,443,900,143,846,784,476,174,514,176,379,491,260,198,753,243,6425,618141,143940,6369,6721,5626,7889,7517,6947,10359,8149,8782,7915,7455,8199,6281,9335,31262,5134,474201,41812,13267,286,1048,710,1637,506,1656,1086,771,730,338,775,456,976,757,1086,449,28545,13347,6922,585,4013,1328,996,6425,618141,143940,13090,63184,31270,36396,474201,41812,13267,1334,7434,2964,1535,28545
ACSSF,2010e1,al,000,0055,0000009,,,,,,,,,,,,,,,,,,,,185073,43856,2347,2133,1888,2720,2240,1942,2978,2609,2567,1535,1420,2312,2007,2441,10968,1749,141217,18970,5844,102,394,122,980,324,546,327,153,400,269,318,61,551,299,606,392,13126,3252,1862,247,915,257,443,1390,185073,43856,4480,18479,8180,12717,141217,18970,5844,496,3121,1229,998,13126
ACSSF,2010e1,al,000,0055,0000010,,,,,,,,,,,,,,,,,,,,433068,100084,4022,4588,3738,5169,5277,5005,7381,5540,6215,6380,6035,5887,4274,6894,20294,3385,332984,22842,7423,184,654,588,657,182,1110,759,618,330,69,457,395,425,458,480,57,15419,10095,5060,338,3098,1071,553,5035,433068,100084,8610,44705,23090,23679,332984,22842,7423,838,4313,1735,537,15419
ACSSF,2010e1,al,000,0055,0000011,,,,,,,,,,,,,,,,,,,,323539,68444,3404,3847,3853,3485,3589,3160,4090,3726,5530,4542,4513,4504,3657,4211,11383,950,255095,,,,,,,,,,,,,,,,,,,,,,,,,,,323539,68444,7251,31975,16885,12333,255095,,,,,,,
ACSSF,2010e1,al,000,0055,0000012,16394,8125,154,627,1004,143,846,1133,889,174,600,176,379,491,260,198,808,243,8269,941680,212384,9773,10568,9479,11374,11106,10107,14449,11875,14312,12457,11968,12703,9938,13546,42645,6084,729296,49684,14480,298,1048,777,1688,741,1685,1202,903,989,403,775,456,976,860,1230,449,35204,16394,8125,781,4965,1328,1051,8269,941680,212384,20341,95159,48155,48729,729296,49684,14480,1346,8388,3067,1679,35204
ACSSF,2010e1,al,000,0055,0000013,,,,,,,,,,,,,,,,,,,,147040,33748,1502,1802,1211,2955,738,2235,2616,1718,2185,1580,1267,2561,1309,2231,6095,1743,113292,,,,,,,,,,,,,,,,,,,,2270,922,45,419,306,152,1348,147040,33748,3304,15238,7368,7838,113292,,,,,,,
ACSSF,2010e1,al,000,0055,0000014,,,,,,,,,,,,,,,,,,,,85446,20608,1804,857,574,1057,723,988,687,1331,1506,1441,1054,1006,1200,791,5034,555,64838,,,,,,,,,,,,,,,,,,,,,,,,,,,85446,20608,2661,8307,4051,5589,64838,,,,,,,
ACSSF,2010e1,al,000,0055,0000015,,,,,,,,,,,,,,,,,,,,71879,18085,1036,997,746,951,1003,478,1290,644,1037,931,1513,1045,1167,689,4191,367,53794,,,,,,,,,,,,,,,,,,,,,,,,,,,71879,18085,2033,7080,4414,4558,53794,3445,1482,159,804,419,100,1963
ACSSF,2010e1,al,000,0055,0000016,,,,,,,,,,,,,,,,,,,,56031,12752,263,676,461,844,671,489,1116,655,923,1397,643,567,548,946,2288,265,43279,,,,,,,,,,,,,,,,,,,,,,,,,,,56031,12752,939,6556,2704,2553,43279,,,,,,,
ACSSF,2010e1,al,000,0055,0000017,,,,,,,,,,,,,,,,,,,,57906,13821,995,906,419,790,1254,960,620,830,692,231,1169,786,314,938,2347,570,44085,,,,,,,,,,,,,,,,,,,,1199,498,140,296,62,0,701,57906,13821,1901,5796,3207,2917,44085,,,,,,,
ACSSF,2010e1,al,000,0055,0000018,,,,,,,,,,,,,,,,,,,,80121,17465,967,860,1217,617,769,902,574,1268,714,1287,1721,662,1137,1333,3281,156,62656,,,,,,,,,,,,,,,,,,,,,,,,,,,80121,17465,1827,7348,4853,3437,62656,3258,1079,0,652,427,0,2179
ACSSF,2010e1,al,000,0055,0000019,,,,,,,,,,,,,,,,,,,,67603,14382,884,666,984,917,982,1007,1032,1234,516,533,415,1008,927,722,2257,298,53221,,,,,,,,,,,,,,,,,,,,1810,862,117,644,101,0,948,67603,14382,1550,7205,3072,2555,53221,2709,814,83,357,232,142,1895
ACSSF,2010e1,al,000,0055,0000020,,,,,,,,,,,,,,,,,,,,329727,75473,5531,4975,3868,3171,3723,3106,3055,3975,3554,3775,3486,3566,3962,3398,16160,6168,254254,,,,,,,,,,,,,,,,,,,,4615,1928,434,416,522,556,2687,329727,75473,10506,28227,14412,22328,254254,23754,6868,1967,2926,1205,770,16886
ACSSF,2010e1,al,000,0055,0000021,,,,,,,,,,,,,,,,,,,,76806,20133,1004,2046,1034,861,679,1472,633,670,733,736,1070,480,763,974,6095,883,56673,,,,,,,,,,,,,,,,,,,,,,,,,,,76806,20133,3050,6818,3287,6978,56673,,,,,,,
ACSSF,2010e1,al,000,0055,0000022,,,,,,,,,,,,,,,,,,,,95387,37671,1493,850,802,882,1547,975,1795,1259,1137,1172,855,1556,1004,821,18910,2613,57716,,,,,,,,,,,,,,,,,,,,1248,740,29,156,144,411,508,95387,37671,2343,9569,4236,21523,57716,4337,1582,118,727,169,568,2755
ACSSF,2010e1,al,000,0055,0000023,,,,,,,,,,,,,,,,,,,,63049,14315,681,433,682,899,421,1624,354,831,984,541,927,1230,346,863,2737,762,48734,,,,,,,,,,,,,,,,,,,,,,,,,,,63049,14315,1114,6336,3366,3499,48734,4482,1557,122,980,304,151,2925
ACSSF,2010e1,al,000,0055,0000024,,,,,,,,,,,,,,,,,,,,214900,53531,2697,2583,3301,2945,3059,1739,1773,2379,4564,2826,2026,3259,3211,2013,12189,2967,161369,13967,4113,286,485,219,256,122,587,168,322,146,255,254,138,138,133,397,207,9854,7049,3644,883,2124,300,337,3405,214900,53531,5280,22586,10509,15156,161369,13967,4113,771,2075,663,604,9854
ACSSF,2010e1,al,000,0055,0000025,,,,,,,,,,,,,,,,,,,,75740,16646,452,609,657,591,860,792,1081,1338,1576,943,1061,1200,740,1165,3233,348,59094,,,,,,,,,,,,,,,,,,,,,,,,,,,75740,16646,1061,7838,4166,3581,59094,10326,2768,541,1154,1073,0,7558
ACSSF,2010e1,al,000,0055,0000026,,,,,,,,,,,,,,,,,,,,236001,56342,3261,4004,2761,2755,2192,3232,3471,3142,3739,2085,2579,3164,2706,2582,12843,1826,179659,,,,,,,,,,,,,,,,,,,,3755,1433,160,434,527,312,2322,236001,56342,7265,23377,11031,14669,179659,9440,2998,502,1462,438,596,6442
ACSSF,2010e1,al,000,0055,0000027,,,,,,,,,,,,,,,,,,,,85661,18917,1096,677,1121,631,850,1113,454,1095,911,883,991,721,1370,513,5226,1265,66744,,,,,,,,,,,,,,,,,,,,,,,,,,,85661,18917,1773,7058,3595,6491,66744,7777,1879,703,883,89,204,5898
ACSSF,2010e1,al,000,0055,0000028,,,,,,,,,,,,,,,,,,,,90404,21762,1281,1038,970,1407,790,1086,955,1345,1466,1123,1157,1182,1049,783,5508,622,68642,,,,,,,,,,,,,,,,,,,,2443,1073,272,377,123,301,1370,90404,21762,2319,9142,4171,6130,68642,8774,3537,465,1932,742,398,5237
ACSSF,2010e1,al,000,0055,0000029,,,,,,,,,,,,,,,,,,,,69556,15771,642,705,1304,797,915,874,1659,551,993,356,1779,1202,526,802,2415,251,53785,,,,,,,,,,,,,,,,,,,,,,,,,,,69556,15771,1347,7449,4309,2666,53785,2016,712,18,509,185,0,1304
ACSSF,2010e1,al,000,0055,0000030,,,,,,,,,,,,,,,,,,,,151627,39680,2711,2238,1775,1937,2862,2295,2979,2327,1808,2219,2152,2108,2273,1763,6537,1696,111947,,,,,,,,,,,,,,,,,,,,2319,1323,0,880,400,43,996,151627,39680,4949,18202,8296,8233,111947,10527,2414,111,1889,271,143,8113
ACSSF,2010e1,al,000,0055,0000031,,,,,,,,,,,,,,,,,,,,51431,12091,701,164,313,191,757,587,1841,893,435,538,966,695,503,622,2819,66,39340,,,,,,,,,,,,,,,,,,,,,,,,,,,51431,12091,865,5555,2786,2885,39340,,,,,,,
ACSSF,2010e1,al,000,0055,0000032,,,,,,,,,,,,,,,,,,,,122663,37141,1312,1408,1365,792,846,1485,1417,1503,1098,1533,1294,1397,981,982,17524,2204,85522,,,,,,,,,,,,,,,,,,,,2026,1507,320,504,320,363,519,122663,37141,2720,10039,4654,19728,85522,,,,,,,
ACSSF,2010e1,al,000,0055,0000033,,,,,,,,,,,,,,,,,,,,58067,12350,853,590,1173,625,533,922,217,1056,762,281,541,1090,1027,507,2068,105,45717,,,,,,,,,,,,,,,,,,,,,,,,,,,58067,12350,1443,5569,3165,2173,45717,,,,,,,
ACSSF,2010e1,al,000,0055,0000034,,,,,,,,,,,,,,,,,,,,,,,,,,,,,,,,,,,,,,,,,,,,,,,,,,,,,,,,,,,,,,,,,42290,7369,835,1273,539,4722,34921,,,,,,,
ACSSF,2010e1,al,000,0055,0000035,,,,,,,,,,,,,,,,,,,,39767,9163,514,402,297,668,617,909,512,604,280,402,340,606,593,617,1569,233,30604,,,,,,,,,,,,,,,,,,,,826,376,117,202,57,0,450,39767,9163,916,4289,2156,1802,30604,1713,502,64,141,176,121,1211
ACSSF,2010e1,al,000,0055,0000036,,,,,,,,,,,,,,,,,,,,53226,14110,1740,970,889,741,503,895,759,985,401,1276,799,787,592,579,1691,503,39116,,,,,,,,,,,,,,,,,,,,,,,,,,,53226,14110,2710,6449,2757,2194,39116,7852,2860,1221,923,412,304,4992
ACSSF,2010e1,al,000,0055,0000037,,,,,,,,,,,,,,,,,,,,103620,22706,913,1245,984,791,1186,722,652,944,2570,1002,791,1026,1550,913,6025,1392,80914,,,,,,,,,,,,,,,,,,,,4644,2798,743,1465,253,337,1846,103620,22706,2158,8851,4280,7417,80914,9541,2329,771,1152,108,298,7212
ACSSF,2010e1,al,000,0055,0000038,,,,,,,,,,,,,,,,,,,,84011,19897,1300,620,825,1138,437,551,886,436,915,669,741,876,631,1291,7428,1153,64114,,,,,,,,,,,,,,,,,,,,,,,,,,,84011,19897,1920,5857,3539,8581,64114,4576,1776,345,605,338,488,2800
ACSSF,2010e1,al,000,0055,0000039,,,,,,,,,,,,,,,,,,,,73068,16040,954,677,803,631,586,1054,362,1042,712,721,755,525,1142,407,4463,1206,57028,,,,,,,,,,,,,,,,,,,,,,,,,,,73068,16040,1631,5911,2829,5669,57028,7509,1778,703,854,89,132,5731
ACSSF,2010e1,al,000,0055,0000040,,,,,,,,,,,,,,,,,,,,44891,18474,556,456,395,111,346,414,169,248,445,558,116,316,0,55,12609,1680,26417,,,,,,,,,,,,,,,,,,,,,,,,,,,44891,18474,1012,2686,487,14289,26417,,,,,,,
ACSSF,2010e1,al,000,0055,0000041,,,,,,,,,,,,,,,,,,,,,,,,,,,,,,,,,,,,,,,,,,,,,,,,,,,,,,,,,,,,,,,,,42290,7369,835,1273,539,4722,34921,,,,,,,
ACSSF,2010e1,al,000,0055,0000042,,,,,,,,,,,,,,,,,,,,53226,14110,1740,970,889,741,503,895,759,985,401,1276,799,787,592,579,1691,503,39116,,,,,,,,,,,,,,,,,,,,,,,,,,,53226,14110,2710,6449,2757,2194,39116,7852,2860,1221,923,412,304,4992
ACSSF,2010e1,al,000,0055,0000043,,,,,,,,,,,,,,,,,,,,38462,8496,514,402,297,668,617,528,512,604,280,402,340,580,593,357,1569,233,29966,,,,,,,,,,,,,,,,,,,,826,376,117,202,57,0,450,38462,8496,916,3908,1870,1802,29966,1713,502,64,141,176,121,1211
ACSSF,2010e1,al,000,0055,0000044,,,,,,,,,,,,,,,,,,,,103620,22706,913,1245,984,791,1186,722,652,944,2570,1002,791,1026,1550,913,6025,1392,80914,,,,,,,,,,,,,,,,,,,,4644,2798,743,1465,253,337,1846,103620,22706,2158,8851,4280,7417,80914,9541,2329,771,1152,108,298,7212
ACSSF,2010e1,al,000,0055,0000045,,,,,,,,,,,,,,,,,,,,84011,19897,1300,620,825,1138,437,551,886,436,915,669,741,876,631,1291,7428,1153,64114,,,,,,,,,,,,,,,,,,,,,,,,,,,84011,19897,1920,5857,3539,8581,64114,4576,1776,345,605,338,488,2800
ACSSF,2010e1,al,000,0055,0000046,,,,,,,,,,,,,,,,,,,,73068,16040,954,677,803,631,586,1054,362,1042,712,721,755,525,1142,407,4463,1206,57028,,,,,,,,,,,,,,,,,,,,,,,,,,,73068,16040,1631,5911,2829,5669,57028,7509,1778,703,854,89,132,5731
ACSSF,2010e1,al,000,0055,0000047,,,,,,,,,,,,,,,,,,,,44891,18474,556,456,395,111,346,414,169,248,445,558,116,316,0,55,12609,1680,26417,,,,,,,,,,,,,,,,,,,,,,,,,,,44891,18474,1012,2686,487,14289,26417,,,,,,,
ACSSF,2010e1,al,000,0055,0000048,,,,,,,,,,,,,,,,,,,,435348,101614,5103,6822,4545,6524,3088,5939,7045,5893,6744,4199,4486,6854,5003,5376,20424,3569,333734,18136,5039,302,406,173,485,73,480,843,467,499,0,118,114,251,134,585,109,13097,6399,2542,205,1040,833,464,3857,435348,101614,11925,43977,21719,23993,333734,18136,5039,708,3020,617,694,13097
ACSSF,2010e1,al,000,0055,0000049,12538,6638,298,712,481,139,687,478,562,110,783,55,403,398,345,228,828,131,5900,409605,94187,5461,5414,4382,5112,5582,5610,4772,6417,5016,4248,4523,4744,4473,4521,19638,4274,315418,16518,6260,403,163,135,1219,315,503,148,169,389,143,402,185,434,213,1047,392,10258,12538,6638,1010,3295,1374,959,5900,409605,94187,10875,41139,18261,23912,315418,16518,6260,566,3021,1234,1439,10258
ACSSF,2010e1,al,000,0055,0000050,,,,,,,,,,,,,,,,,,,,421809,112420,6418,4307,3073,3962,5587,4468,6381,5793,5459,6156,5216,5296,4661,5716,35612,4315,309389,19162,5754,554,365,694,298,323,421,808,200,176,72,199,89,98,62,1210,185,13408,5779,2107,379,799,258,671,3672,421809,112420,10725,40879,20889,39927,309389,19162,5754,919,2992,448,1395,13408
ACSSF,2010e1,al,000,0055,0000051,,,,,,,,,,,,,,,,,,,,550682,122618,5583,6912,6444,5772,7156,6202,6488,6579,8973,7520,8731,7542,6324,6527,23673,2192,428064,38877,11754,211,1271,1106,1208,358,1043,819,542,901,249,470,450,1319,1137,642,28,27123,9429,4404,443,2841,368,752,5025,550682,122618,12495,55134,29124,25865,428064,38877,11754,1482,6226,3376,670,27123
ACSSF,2010e1,al,000,0055,0000052,12751,6232,826,427,446,157,439,126,393,560,311,292,164,196,485,71,1152,187,6519,511396,126503,6734,6079,7278,6644,6579,6257,5189,6037,8712,6355,6652,6382,6129,5708,30312,5456,384893,30750,10868,554,1168,387,367,1257,863,828,440,659,923,365,888,423,204,1232,310,19882,12751,6232,1253,2724,916,1339,6519,511396,126503,12813,53051,24871,35768,384893,30750,10868,1722,5724,1880,1542,19882
ACSSF,2010e1,al,000,0055,0000053,,,,,,,,,,,,,,,,,,,,583598,142698,9889,9260,7862,6570,8304,7021,8562,7950,7315,6624,8108,7610,6855,7124,25832,7812,440900,30439,9177,800,1133,714,1591,740,273,219,254,445,754,279,558,131,376,692,218,21262,8005,4270,774,1654,1447,395,3735,583598,142698,19149,60208,29697,33644,440900,30439,9177,1933,4990,1344,910,21262
ACSSF,2010e1,al,000,0055,0000054,,,,,,,,,,,,,,,,,,,,193670,46788,1430,1159,1815,1196,1265,1844,850,1679,1307,2097,1633,2217,2075,1857,21276,3088,146882,,,,,,,,,,,,,,,,,,,,2900,1471,249,490,165,567,1429,193670,46788,2589,12053,7782,24364,146882,14292,2930,419,1123,466,922,11362
ACSSF,2010e1,al,000,0055,0000055,,,,,,,,,,,,,,,,,,,,118670,29116,1574,2519,1693,1219,1331,1885,1317,917,1074,1528,1652,791,1123,1281,8329,883,89554,,,,,,,,,,,,,,,,,,,,1201,582,46,96,152,288,619,118670,29116,4093,10964,4847,9212,89554,,,,,,,
ACSSF,2010e1,al,000,0055,0000056,,,,,,,,,,,,,,,,,,,,100029,21918,913,1245,934,791,1081,722,652,944,2570,950,791,1026,1503,839,5710,1247,78111,,,,,,,,,,,,,,,,,,,,4417,2734,743,1401,253,337,1683,100029,21918,2158,8644,4159,6957,78111,9161,2191,732,1115,46,298,6970
ACSSF,2010e1,al,000,0055,0000057,,,,,,,,,,,,,,,,,,,,177920,45928,2465,1771,3049,3053,2399,2641,1475,2266,2978,2417,2162,3463,2054,2037,9216,2482,131992,,,,,,,,,,,,,,,,,,,,3275,1039,140,723,47,129,2236,177920,45928,4236,20278,9716,11698,131992,9288,3479,161,1940,921,457,5809
ACSSF,2010e1,al,000,0055,0000058,,,,,,,,,,,,,,,,,,,,102270,24464,609,864,1157,1238,1849,854,2178,1592,1501,1856,1268,934,1062,2018,4839,645,77806,,,,,,,,,,,,,,,,,,,,,,,,,,,102270,24464,1473,12225,5282,5484,77806,9951,2910,217,2228,437,28,7041
ACSSF,2010e1,al,000,0055,0000059,,,,,,,,,,,,,,,,,,,,168808,39587,1683,1688,1754,1606,1987,1354,2734,1982,3801,2174,2718,2558,2136,2277,8404,731,129221,13866,4250,195,505,500,134,126,416,179,260,217,126,92,297,514,589,100,0,9616,,,,,,,,168808,39587,3371,17392,9689,9135,129221,13866,4250,700,1958,1492,100,9616
ACSSF,2010e1,al,000,0055,0000060,,,,,,,,,,,,,,,,,,,,115961,27728,1860,1103,1269,1740,1249,1156,1016,1610,1979,1660,1773,1266,1374,893,6949,831,88233,,,,,,,,,,,,,,,,,,,,4647,2123,596,377,423,727,2524,115961,27728,2963,11679,5306,7780,88233,9187,3774,465,2127,784,398,5413
ACSSF,2010e1,al,000,0055,0000061,,,,,,,,,,,,,,,,,,,,94236,20024,1112,1379,1609,774,1380,1208,1049,424,1424,1022,1857,1378,657,911,3471,369,74212,,,,,,,,,,,,,,,,,,,,,,,,,,,94236,20024,2491,8890,4803,3840,74212,,,,,,,
ACSSF,2010e1,al,000,0055,0000062,,,,,,,,,,,,,,,,,,,,177000,39373,1790,2267,2723,2155,2363,2610,2098,2164,2637,1552,3081,3237,1912,1968,6233,583,137627,,,,,,,,,,,,,,,,,,,,2229,806,76,657,0,73,1423,177000,39373,4057,18302,10198,6816,137627,8525,3339,610,1410,820,499,5186
ACSSF,2010e1,al,000,0055,0000063,,,,,,,,,,,,,,,,,,,,,,,,,,,,,,,,,,,,,,,,,,,,,,,,,,,,,,,,,,,,,,,,,29586,5846,566,993,539,3748,23740,,,,,,,
ACSSF,2010e1,al,000,0055,0000064,,,,,,,,,,,,,,,,,,,,,,,,,,,,,,,,,,,,,,,,,,,,,,,,,,,,,,,,,,,,,,,,,,,,,,,,,,,,,,
ACSSF,2010e1,al,000,0055,0000065,,,,,,,,,,,,,,,,,,,,123486,33686,2756,2932,1851,1323,1876,1431,1416,1401,1530,1607,1158,1318,1711,1210,6793,3373,89800,,,,,,,,,,,,,,,,,,,,,,,,,,,123486,33686,5688,12435,5397,10166,89800,13300,4493,1792,1908,543,250,8807
ACSSF,2010e1,al,000,0055,0000066,,,,,,,,,,,,,,,,,,,,115602,24893,2042,1402,1094,726,869,1215,905,1772,1025,996,1783,1436,1456,1550,5712,910,90709,,,,,,,,,,,,,,,,,,,,,,,,,,,115602,24893,3444,8602,6225,6622,90709,,,,,,,
ACSSF,2010e1,al,000,0055,0000067,,,,,,,,,,,,,,,,,,,,54679,10453,379,429,677,475,787,460,675,548,955,1118,422,555,688,586,1510,189,44226,,,,,,,,,,,,,,,,,,,,,,,,,,,54679,10453,808,5695,2251,1699,44226,,,,,,,
ACSSF,2010e1,al,000,0055,0000068,,,,,,,,,,,,,,,,,,,,80121,17465,967,860,1217,617,769,902,574,1268,714,1287,1721,662,1137,1333,3281,156,62656,,,,,,,,,,,,,,,,,,,,,,,,,,,80121,17465,1827,7348,4853,3437,62656,3258,1079,0,652,427,0,2179
ACSSF,2010e1,al,000,0055,0000069,,,,,,,,,,,,,,,,,,,,119409,27028,1589,855,710,1171,1740,1393,2573,1985,1178,1846,2004,1443,1064,2159,4978,340,92381,,,,,,,,,,,,,,,,,,,,,,,,,,,119409,27028,2444,12596,6670,5318,92381,,,,,,,
ACSSF,2010e1,al,000,0055,0000070,,,,,,,,,,,,,,,,,,,,85446,20608,1804,857,574,1057,723,988,687,1331,1506,1441,1054,1006,1200,791,5034,555,64838,,,,,,,,,,,,,,,,,,,,,,,,,,,85446,20608,2661,8307,4051,5589,64838,,,,,,,
ACSSF,2010e1,al,000,0055,0000071,,,,,,,,,,,,,,,,,,,,151627,39680,2711,2238,1775,1937,2862,2295,2979,2327,1808,2219,2152,2108,2273,1763,6537,1696,111947,,,,,,,,,,,,,,,,,,,,2319,1323,0,880,400,43,996,151627,39680,4949,18202,8296,8233,111947,10527,2414,111,1889,271,143,8113
ACSSF,2010e1,al,000,0055,0000072,,,,,,,,,,,,,,,,,,,,122663,37141,1312,1408,1365,792,846,1485,1417,1503,1098,1533,1294,1397,981,982,17524,2204,85522,,,,,,,,,,,,,,,,,,,,2026,1507,320,504,320,363,519,122663,37141,2720,10039,4654,19728,85522,,,,,,,
ACSSF,2010e1,al,000,0055,0000073,,,,,,,,,,,,,,,,,,,,49844,9925,427,291,402,603,915,366,334,625,389,210,384,758,513,883,2537,288,39919,,,,,,,,,,,,,,,,,,,,,,,,,,,49844,9925,718,3844,2538,2825,39919,,,,,,,
ACSSF,2010e1,al,000,0055,0000074,,,,,,,,,,,,,,,,,,,,84677,17691,1031,1551,832,812,1129,987,558,1068,1159,1107,1032,862,609,1407,3074,473,66986,,,,,,,,,,,,,,,,,,,,,,,,,,,84677,17691,2582,7652,3910,3547,66986,,,,,,,
ACSSF,2010e1,al,000,0055,0000075,,,,,,,,,,,,,,,,,,,,95387,37671,1493,850,802,882,1547,975,1795,1259,1137,1172,855,1556,1004,821,18910,2613,57716,,,,,,,,,,,,,,,,,,,,1248,740,29,156,144,411,508,95387,37671,2343,9569,4236,21523,57716,4337,1582,118,727,169,568,2755
ACSSF,2010e1,al,000,0055,0000076,,,,,,,,,,,,,,,,,,,,94035,24090,975,1754,800,1082,1265,799,1579,1108,1469,932,835,592,637,1250,8004,1009,69945,,,,,,,,,,,,,,,,,,,,3519,1603,173,799,327,304,1916,94035,24090,2729,9034,3314,9013,69945,4453,2295,303,1076,162,754,2158
ACSSF,2010e1,al,000,0055,0000077,,,,,,,,,,,,,,,,,,,,72331,15915,954,620,803,631,586,1054,362,1042,712,721,755,525,1142,407,4395,1206,56416,,,,,,,,,,,,,,,,,,,,,,,,,,,72331,15915,1574,5911,2829,5601,56416,7509,1778,703,854,89,132,5731
ACSSF,2010e1,al,000,0055,0000078,,,,,,,,,,,,,,,,,,,,112415,28799,1936,2361,1082,1205,2214,1845,1256,1453,1346,947,2220,1598,1228,1552,5248,1308,83616,,,,,,,,,,,,,,,,,,,,2044,1044,198,624,181,41,1000,112415,28799,4297,11348,6598,6556,83616,3663,1189,133,382,238,436,2474
ACSSF,2010e1,al,000,0055,0000079,,,,,,,,,,,,,,,,,,,,78946,15863,457,1096,876,989,609,597,1145,1218,1348,842,855,1486,1360,898,1918,169,63083,,,,,,,,,,,,,,,,,,,,,,,,,,,78946,15863,1553,7624,4599,2087,63083,,,,,,,
ACSSF,2010e1,al,000,0055,0000080,,,,,,,,,,,,,,,,,,,,82896,19806,1300,570,825,1138,437,551,886,436,874,669,741,876,631,1291,7428,1153,63090,,,,,,,,,,,,,,,,,,,,,,,,,,,82896,19806,1870,5816,3539,8581,63090,4576,1776,345,605,338,488,2800
ACSSF,2010e1,al,000,0055,0000081,,,,,,,,,,,,,,,,,,,,153105,36536,1961,3434,1936,1617,1755,2681,2585,2706,2865,1416,1838,2288,2075,1291,5415,673,116569,,,,,,,,,,,,,,,,,,,,,,,,,,,153105,36536,5395,17561,7492,6088,116569,,,,,,,
ACSSF,2010e1,al,000,0055,0000082,,,,,,,,,,,,,,,,,,,,147040,33748,1502,1802,1211,2955,738,2235,2616,1718,2185,1580,1267,2561,1309,2231,6095,1743,113292,,,,,,,,,,,,,,,,,,,,2270,922,45,419,306,152,1348,147040,33748,3304,15238,7368,7838,113292,,,,,,,
ACSSF,2010e1,al,000,0055,0000083,,,,,,,,,,,,,,,,,,,,89632,18993,1365,508,1029,1195,691,815,1031,1558,1440,1510,849,1231,1377,1002,2852,540,70639,,,,,,,,,,,,,,,,,,,,,,,,,,,89632,18993,1873,9269,4459,3392,70639,,,,,,,
ACSSF,2010e1,al,000,0055,0000084,,,,,,,,,,,,,,,,,,,,101913,22258,1297,1087,1104,1350,1373,1837,1336,1869,780,833,705,1477,1197,1146,4226,641,79655,,,,,,,,,,,,,,,,,,,,3530,1822,252,992,444,134,1708,101913,22258,2384,10482,4525,4867,79655,5264,2174,83,525,932,634,3090
ACSSF,2010e1,al,000,0055,0000085,,,,,,,,,,,,,,,,,,,,52028,13536,1740,970,713,741,503,895,759,809,401,1100,799,787,592,579,1691,457,38492,,,,,,,,,,,,,,,,,,,,,,,,,,,52028,13536,2710,5921,2757,2148,38492,7852,2860,1221,923,412,304,4992
ACSSF,2010e1,al,000,0055,0000086,,,,,,,,,,,,,,,,,,,,147040,33748,1502,1802,1211,2955,738,2235,2616,1718,2185,1580,1267,2561,1309,2231,6095,1743,113292,,,,,,,,,,,,,,,,,,,,2270,922,45,419,306,152,1348,147040,33748,3304,15238,7368,7838,113292,,,,,,,
ACSSF,2010e1,al,000,0055,0000087,,,,,,,,,,,,,,,,,,,,,,,,,,,,,,,,,,,,,,,,,,,,,,,,,,,,,,,,,,,,,,,,,42290,7369,835,1273,539,4722,34921,,,,,,,
ACSSF,2010e1,al,000,0055,0000088,,,,,,,,,,,,,,,,,,,,55143,13577,648,826,352,951,485,403,1024,592,722,804,1252,562,690,507,3463,296,41566,,,,,,,,,,,,,,,,,,,,,,,,,,,55143,13577,1474,5333,3011,3759,41566,2393,1076,57,555,364,100,1317
ACSSF,2010e1,al,000,0055,0000089,,,,,,,,,,,,,,,,,,,,39767,9163,514,402,297,668,617,909,512,604,280,402,340,606,593,617,1569,233,30604,,,,,,,,,,,,,,,,,,,,826,376,117,202,57,0,450,39767,9163,916,4289,2156,1802,30604,1713,502,64,141,176,121,1211
ACSSF,2010e1,al,000,0055,0000090,,,,,,,,,,,,,,,,,,,,53354,13025,995,906,316,790,1200,850,508,782,619,231,1067,737,314,869,2271,570,40329,,,,,,,,,,,,,,,,,,,,,,,,,,,53354,13025,1901,5296,2987,2841,40329,,,,,,,
ACSSF,2010e1,al,000,0055,0000091,,,,,,,,,,,,,,,,,,,,99748,21638,913,1245,984,931,1186,722,652,882,2503,902,791,1026,1503,831,5612,955,78110,,,,,,,,,,,,,,,,,,,,4113,2022,521,911,253,337,2091,99748,21638,2158,8762,4151,6567,78110,9559,2253,732,1115,108,298,7306
ACSSF,2010e1,al,000,0055,0000092,,,,,,,,,,,,,,,,,,,,154605,31689,2280,1373,1622,1192,1427,1492,1131,2000,1915,1917,1818,1829,1829,1858,6840,1166,122916,,,,,,,,,,,,,,,,,,,,,,,,,,,154605,31689,3653,12696,7334,8006,122916,5643,2083,445,982,587,69,3560
ACSSF,2010e1,al,000,0055,0000093,,,,,,,,,,,,,,,,,,,,85428,21427,1599,1022,1764,1430,1398,567,723,1055,1044,1142,907,1476,1004,954,3839,1503,64001,,,,,,,,,,,,,,,,,,,,,,,,,,,85428,21427,2621,9123,4341,5342,64001,3582,1485,39,796,344,306,2097
ACSSF,2010e1,al,000,0055,0000094,,,,,,,,,,,,,,,,,,,,225820,53778,3220,3636,2761,2495,2056,2912,3196,3094,3461,2010,2511,3031,2308,2582,12679,1826,172042,,,,,,,,,,,,,,,,,,,,3755,1433,160,434,527,312,2322,225820,53778,6856,21985,10432,14505,172042,8148,2886,502,1350,438,596,5262
ACSSF,2010e1,al,000,0055,0000095,,,,,,,,,,,,,,,,,,,,84509,18597,1048,664,1071,619,837,1100,454,1095,878,830,991,721,1358,513,5185,1233,65912,,,,,,,,,,,,,,,,,,,,,,,,,,,84509,18597,1712,6884,3583,6418,65912,7538,1851,703,883,89,176,5687
ACSSF,2010e1,al,000,0055,0000096,,,,,,,,,,,,,,,,,,,,132463,33862,1954,1910,1686,1561,2558,1745,2615,1950,1623,1604,1678,1965,2224,1461,5632,1696,98601,,,,,,,,,,,,,,,,,,,,2271,1323,0,880,400,43,948,132463,33862,3864,15342,7328,7328,98601,10244,2244,111,1773,271,89,8000
ACSSF,2010e1,al,000,0055,0000097,,,,,,,,,,,,,,,,,,,,43673,18037,556,456,395,111,346,221,169,248,445,558,116,316,0,55,12365,1680,25636,,,,,,,,,,,,,,,,,,,,,,,,,,,43673,18037,1012,2493,487,14045,25636,,,,,,,
ACSSF,2010e1,al,000,0055,0000098,,,,,,,,,,,,,,,,,,,,78990,19104,756,952,970,681,500,1264,1248,1255,653,975,1178,1081,981,927,5159,524,59886,,,,,,,,,,,,,,,,,,,,,,,,,,,78990,19104,1708,7546,4167,5683,59886,,,,,,,
