ACSSF,2010e1,al,000,0003,0000001,1916877,1811393,1618851,192542,144800,28348,19394,7463,7272,137,54,0,0,2388,25728,14123,55782,1010158,951190,842689,108501,77216,16598,14687,2617,2559,58,0,0,0,1520,14328,9090,31413,906719,860203,776162,84041,67584,11750,4707,4846,4713,79,54,0,0,868,11400,5033,24369,1861095,59599,188376,271420,328407,295264,115709,256018,51192,55030,131368,74623,34089,978745,30771,89142,136933,159691,147929,61167,143421,29828,31957,75593,47093,25220,882350,28828,99234,134487,168716,147335,54542,112597,21364,23073,55775,27530,8869,1916877,1816922,99955,28331,71624,1618851,1556030,62821,21656,41165,192542,162154,30388,4270,26118,7463,6759,704,317,387,25728,23588,2140,401,1739,16511,14730,1781,663,1118,55782,53661,2121,1024,1097,1916877,1811393,1618851,192542,144800,28348,19394,7463,25728,16511,55782,1010158,951190,842689,108501,77216,16598,14687,2617,14328,10610,31413,906719,860203,776162,84041,67584,11750,4707,4846,11400,5901,24369,1861095,247975,271420,328407,295264,115709,256018,106222,131368,108712,978745,119913,136933,159691,147929,61167,143421,61785,75593,72313,882350,128062,134487,168716,147335,54542,112597,44437,55775,36399,1916877,1816922,99955,28331,71624,1618851,1556030,62821,21656,41165,192542,162154,30388,4270,26118,7463,6759,704,317,387,42239,38318,3921,1064,2857,55782,53661,2121,1024,1097
ACSSF,2010e1,al,000,0003,0000002,,,,,,,,,,,,,,,,,,,,,,,,,,,,,,,,,,,,,,,,,,,,,,,,,,,,,,,,,,,,,,,,,,,,,,,,,,,,,,,,,,,,,,,,,,,,,,,,,,,,,,,,,,,,,,,,,,,,,,,,,,,,,,,,,,,,,,,,,,,,,,,,,,,,,,,,,,,,,,,,,,,,,,,,,,,,,,,,,,,,,,,,,,,,,,,,,,,,,,,,,,,,,,,,,,,,,,,,,,
ACSSF,2010e1,al,000,0003,0000003,,,,,,,,,,,,,,,,,,,,,,,,,,,,,,,,,,,,,,,,,,,,,,,,,,,,,,,,,,,,,,,,,,,,,,,,,,,,,,,,,,,,,,,,,,,,,,,,,,,,,,,,,,,,,,,,,,,,,,,,,,,,,,,,,,,,,,,,,,,,,,,,,,,,,,,,,,,,,,,,,,,,,,,,,,,,,,,,,,,,,,,,,,,,,,,,,,,,,,,,,,,,,,,,,,,,,,,,,,
ACSSF,2010e1,al,000,0003,0000004,,,,,,,,,,,,,,,,,,,,,,,,,,,,,,,,,,,,,,,,,,,,,,,,,,,,,,,,,,,,,,,,,,,,,,,,,,,,,,,,,,,,,,,,,,,,,,,,,,,,,,,,,,,,,,,,,,,,,,,,,,,,,,,,,,,,,,,,,,,,,,,,,,,,,,,,,,,,,,,,,,,,,,,,,,,,,,,,,,,,,,,,,,,,,,,,,,,,,,,,,,,,,,,,,,,,,,,,,,
ACSSF,2010e1,al,000,0003,0000005,,,,,,,,,,,,,,,,,,,,,,,,,,,,,,,,,,,,,,,,,,,,,,,,,,,,,,,,,,,,,,,,,,,,,,,,,,,,,,,,,,,,,,,,,,,,,,,,,,,,,,,,,,,,,,,,,,,,,,,,,,,,,,,,,,,,,,,,,,,,,,,,,,,,,,,,,,,,,,,,,,,,,,,,,,,,,,,,,,,,,,,,,,,,,,,,,,,,,,,,,,,,,,,,,,,,,,,,,,
ACSSF,2010e1,al,000,0003,0000006,,,,,,,,,,,,,,,,,,,,,,,,,,,,,,,,,,,,,,,,,,,,,,,,,,,,,,,,,,,,,,,,,,,,,,,,,,,,,,,,,,,,,,,,,,,,,,,,,,,,,,,,,,,,,,,,,,,,,,,,,,,,,,,,,,,,,,,,,,,,,,,,,,,,,,,,,,,,,,,,,,,,,,,,,,,,,,,,,,,,,,,,,,,,,,,,,,,,,,,,,,,,,,,,,,,,,,,,,,
ACSSF,2010e1,al,000,0003,0000007,,,,,,,,,,,,,,,,,,,,,,,,,,,,,,,,,,,,,,,,,,,,,,,,,,,,,,,,,,,,,,,,,,,,,,,,,,,,,,,,,,,,,,,,,,,,,,,,,,,,,,,,,,,,,,,,,,,,,,,,,,,,,,,,,,,,,,,,,,,,,,,,,,,,,,,,,,,,,,,,,,,,,,,,,,,,,,,,,,,,,,,,,,,,,,,,,,,,,,,,,,,,,,,,,,,,,,,,,,
ACSSF,2010e1,al,000,0003,0000008,,,,,,,,,,,,,,,,,,,,,,,,,,,,,,,,,,,,,,,,,,,,,,,,,,,,,,,,,,,,,,,,,,,,,,,,,,,,,,,,,,,,,,,,,,,,,,,,,,,,,,,,,,,,,,,,,,,,,,,,,,,,,,,,,,,,,,,,,,,,,,,,,,,,,,,,,,,,,,,,,,,,,,,,,,,,,,,,,,,,,,,,,,,,,,,,,,,,,,,,,,,,,,,,,,,,,,,,,,
ACSSF,2010e1,al,000,0003,0000009,,,,,,,,,,,,,,,,,,,,,,,,,,,,,,,,,,,,,,,,,,,,,,,,,,,,,,,,,,,,,,,,,,,,,,,,,,,,,,,,,,,,,,,,,,,,,,,,,,,,,,,,,,,,,,,,,,,,,,,,,,,,,,,,,,,,,,,,,,,,,,,,,,,,,,,,,,,,,,,,,,,,,,,,,,,,,,,,,,,,,,,,,,,,,,,,,,,,,,,,,,,,,,,,,,,,,,,,,,
ACSSF,2010e1,al,000,0003,0000010,,,,,,,,,,,,,,,,,,,,,,,,,,,,,,,,,,,,,,,,,,,,,,,,,,,,,,,,,,,,,,,,,,,,,,,,,,,,,,,,,,,,,,,,,,,,,,,,,,,,,,,,,,,,,,,,,,,,,,,,,,,,,,,,,,,,,,,,,,,,,,,,,,,,,,,,,,,,,,,,,,,,,,,,,,,,,,,,,,,,,,,,,,,,,,,,,,,,,,,,,,,,,,,,,,,,,,,,,,
ACSSF,2010e1,al,000,0003,0000011,,,,,,,,,,,,,,,,,,,,,,,,,,,,,,,,,,,,,,,,,,,,,,,,,,,,,,,,,,,,,,,,,,,,,,,,,,,,,,,,,,,,,,,,,,,,,,,,,,,,,,,,,,,,,,,,,,,,,,,,,,,,,,,,,,,,,,,,,,,,,,,,,,,,,,,,,,,,,,,,,,,,,,,,,,,,,,,,,,,,,,,,,,,,,,,,,,,,,,,,,,,,,,,,,,,,,,,,,,
ACSSF,2010e1,al,000,0003,0000012,,,,,,,,,,,,,,,,,,,,,,,,,,,,,,,,,,,,,,,,,,,,,,,,,,,,,,,,,,,,,,,,,,,,,,,,,,,,,,,,,,,,,,,,,,,,,,,,,,,,,,,,,,,,,,,,,,,,,,,,,,,,,,,,,,,,,,,,,,,,,,,,,,,,,,,,,,,,,,,,,,,,,,,,,,,,,,,,,,,,,,,,,,,,,,,,,,,,,,,,,,,,,,,,,,,,,,,,,,
ACSSF,2010e1,al,000,0003,0000013,,,,,,,,,,,,,,,,,,,,,,,,,,,,,,,,,,,,,,,,,,,,,,,,,,,,61419,2653,6043,8942,9971,9024,4076,9136,1510,2866,4358,2349,491,30299,1948,2485,4120,4016,3593,2153,4941,1079,2351,1913,1279,421,31120,705,3558,4822,5955,5431,1923,4195,431,515,2445,1070,70,,,,,,,,,,,,,,,,,,,,,,,,,,,,,,,,,,,,64461,60025,52045,7980,5650,1073,1257,88,1047,259,3042,32400,29475,24910,4565,2991,317,1257,0,824,0,2101,32061,30550,27135,3415,2659,756,0,88,223,259,941,61419,8696,8942,9971,9024,4076,9136,4376,4358,2840,30299,4433,4120,4016,3593,2153,4941,3430,1913,1700,31120,4263,4822,5955,5431,1923,4195,946,2445,1140,,,,,,,,,,,,,,,,,,,,,,,,,,,,,,
ACSSF,2010e1,al,000,0003,0000014,,,,,,,,,,,,,,,,,,,,,,,,,,,,,,,,,,,,,,,,,,,,,,,,,,,,43674,3577,2859,7792,7554,5888,3353,5403,1619,705,3008,1608,308,23833,2021,1153,3969,2904,2583,2017,3408,1192,447,2503,1471,165,19841,1556,1706,3823,4650,3305,1336,1995,427,258,505,137,143,,,,,,,,,,,,,,,,,,,,,,,,,,,,,,,,,,,,,,,,,,,,,,,,,,,,,,,,,,,,,,,,,,,,,43674,6436,7792,7554,5888,3353,5403,2324,3008,1916,23833,3174,3969,2904,2583,2017,3408,1639,2503,1636,19841,3262,3823,4650,3305,1336,1995,685,505,280,,,,,,,,,,,,,,,,,,,,,,,,,,,,,,
ACSSF,2010e1,al,000,0003,0000015,,,,,,,,,,,,,,,,,,,,,,,,,,,,,,,,,,,,,,,,,,,,,,,,,,,,24790,929,3418,4450,4995,4057,1702,2863,432,495,831,536,82,12623,615,1651,2163,2713,1491,786,1651,265,284,542,380,82,12167,314,1767,2287,2282,2566,916,1212,167,211,289,156,0,,,,,,,,,,,,,,,,,,,,,,,,,,,,,,,,,,,,25762,24529,22022,2507,1263,576,668,0,76,185,972,13170,12377,10975,1402,837,100,465,0,61,185,547,12592,12152,11047,1105,426,476,203,0,15,0,425,24790,4347,4450,4995,4057,1702,2863,927,831,618,12623,2266,2163,2713,1491,786,1651,549,542,462,12167,2081,2287,2282,2566,916,1212,378,289,156,,,,,,,,,,,,,,,,,,,,,,,,,,,,,,
ACSSF,2010e1,al,000,0003,0000016,,,,,,,,,,,,,,,,,,,,,,,,,,,,,,,,,,,,,,,,,,,,,,,,,,,,22488,857,4922,4382,3865,2515,2528,1850,377,213,227,308,444,11812,653,1715,2555,1752,1485,1294,1217,328,127,143,308,235,10676,204,3207,1827,2113,1030,1234,633,49,86,84,0,209,,,,,,,,,,,,,,,,,,,,,,,,,,,,,,,,,,,,,,,,,,,,,,,,,,,,,,,,,,,,,,,,,,,,,22488,5779,4382,3865,2515,2528,1850,590,227,752,11812,2368,2555,1752,1485,1294,1217,455,143,543,10676,3411,1827,2113,1030,1234,633,135,84,209,,,,,,,,,,,,,,,,,,,,,,,,,,,,,,
ACSSF,2010e1,al,000,0003,0000017,,,,,,,,,,,,,,,,,,,,,,,,,,,,,,,,,,,,,,,,,,,,,,,,,,,,16602,1065,2330,1868,3401,2744,1116,1664,138,843,745,407,281,8239,481,892,674,1843,1152,478,1321,44,327,433,393,201,8363,584,1438,1194,1558,1592,638,343,94,516,312,14,80,,,,,,,,,,,,,,,,,,,,,,,,,,,,,,,,,,,,,,,,,,,,,,,,,,,,,,,,,,,,,,,,,,,,,16602,3395,1868,3401,2744,1116,1664,981,745,688,8239,1373,674,1843,1152,478,1321,371,433,594,8363,2022,1194,1558,1592,638,343,610,312,94,,,,,,,,,,,,,,,,,,,,,,,,,,,,,,
ACSSF,2010e1,al,000,0003,0000018,,,,,,,,,,,,,,,,,,,,,,,,,,,,,,,,,,,,,,,,,,,,,,,,,,,,32961,376,4239,5947,8425,5539,1141,3065,542,414,2161,365,747,17157,202,2472,2756,4432,2249,599,1373,157,216,1682,309,710,15804,174,1767,3191,3993,3290,542,1692,385,198,479,56,37,,,,,,,,,,,,,,,,,,,,,,,,,,,,,,,,,,,,,,,,,,,,,,,,,,,,,,,,,,,,,,,,,,,,,32961,4615,5947,8425,5539,1141,3065,956,2161,1112,17157,2674,2756,4432,2249,599,1373,373,1682,1019,15804,1941,3191,3993,3290,542,1692,583,479,93,,,,,,,,,,,,,,,,,,,,,,,,,,,,,,
ACSSF,2010e1,al,000,0003,0000019,,,,,,,,,,,,,,,,,,,,,,,,,,,,,,,,,,,,,,,,,,,,,,,,,,,,49736,1392,5944,10752,9306,7408,2030,7087,724,1173,2649,806,465,24329,731,2792,5525,3910,3276,845,4110,403,359,1547,506,325,25407,661,3152,5227,5396,4132,1185,2977,321,814,1102,300,140,,,,,,,,,,,,,,,,,,,,,,,,,,,,,,,,,,,,50739,48824,45459,3365,3004,173,188,113,364,435,1003,24767,23825,22225,1600,1419,99,82,64,291,149,438,25972,24999,23234,1765,1585,74,106,49,73,286,565,49736,7336,10752,9306,7408,2030,7087,1897,2649,1271,24329,3523,5525,3910,3276,845,4110,762,1547,831,25407,3813,5227,5396,4132,1185,2977,1135,1102,440,,,,,,,,,,,,,,,,,,,,,,,,,,,,,,
ACSSF,2010e1,al,000,0003,0000020,350866,334548,298194,36354,29683,4426,2245,2573,2573,0,0,0,0,343,3489,1868,8045,184475,176065,157363,18702,14480,2581,1641,1072,1072,0,0,0,0,160,1872,1094,4212,166391,158483,140831,17652,15203,1845,604,1501,1501,0,0,0,0,183,1617,774,3833,342821,4967,19639,39812,54153,62450,21780,59007,12594,12403,30930,17967,7119,180263,2569,9740,22434,26369,31229,12640,30194,6444,6504,16900,10200,5040,162558,2398,9899,17378,27784,31221,9140,28813,6150,5899,14030,7767,2079,350866,328723,22143,6273,15870,298194,283801,14393,4744,9649,36354,29834,6520,1400,5120,2573,2445,128,0,128,3489,3133,356,0,356,2211,1777,434,80,354,8045,7733,312,49,263,350866,334548,298194,36354,29683,4426,2245,2573,3489,2211,8045,184475,176065,157363,18702,14480,2581,1641,1072,1872,1254,4212,166391,158483,140831,17652,15203,1845,604,1501,1617,957,3833,342821,24606,39812,54153,62450,21780,59007,24997,30930,25086,180263,12309,22434,26369,31229,12640,30194,12948,16900,15240,162558,12297,17378,27784,31221,9140,28813,12049,14030,9846,350866,328723,22143,6273,15870,298194,283801,14393,4744,9649,36354,29834,6520,1400,5120,2573,2445,128,0,128,5700,4910,790,80,710,8045,7733,312,49,263
ACSSF,2010e1,al,000,0003,0000021,,,,,,,,,,,,,,,,,,,,,,,,,,,,,,,,,,,,,,,,,,,,,,,,,,,,29904,873,4821,6033,5772,2979,1656,4032,354,395,1611,1095,283,15429,459,2297,2793,3013,1557,823,2053,222,227,1002,778,205,14475,414,2524,3240,2759,1422,833,1979,132,168,609,317,78,,,,,,,,,,,,,,,,,,,,,,,,,,,,,,,,,,,,,,,,,,,,,,,,,,,,,,,,,,,,,,,,,,,,,29904,5694,6033,5772,2979,1656,4032,749,1611,1378,15429,2756,2793,3013,1557,823,2053,449,1002,983,14475,2938,3240,2759,1422,833,1979,300,609,395,,,,,,,,,,,,,,,,,,,,,,,,,,,,,,
ACSSF,2010e1,al,000,0003,0000022,53658,48015,40828,7187,5362,1078,747,478,478,0,0,0,0,792,2138,643,1592,27768,25292,21140,4152,2814,600,738,131,131,0,0,0,0,485,811,341,708,25890,22723,19688,3035,2548,478,9,347,347,0,0,0,0,307,1327,302,884,52066,2213,8015,10149,9766,6766,2564,5173,1339,874,2785,1441,981,27060,1032,4419,5453,4562,3171,1523,2956,871,366,1143,734,830,25006,1181,3596,4696,5204,3595,1041,2217,468,508,1642,707,151,53658,49098,4560,834,3726,40828,38426,2402,537,1865,7187,5698,1489,128,1361,478,403,75,75,0,2138,1617,521,76,445,1435,1380,55,0,55,1592,1574,18,18,0,53658,48015,40828,7187,5362,1078,747,478,2138,1435,1592,27768,25292,21140,4152,2814,600,738,131,811,826,708,25890,22723,19688,3035,2548,478,9,347,1327,609,884,52066,10228,10149,9766,6766,2564,5173,2213,2785,2422,27060,5451,5453,4562,3171,1523,2956,1237,1143,1564,25006,4777,4696,5204,3595,1041,2217,976,1642,858,53658,49098,4560,834,3726,40828,38426,2402,537,1865,7187,5698,1489,128,1361,478,403,75,75,0,3573,2997,576,76,500,1592,1574,18,18,0
ACSSF,2010e1,al,000,0003,0000023,,,,,,,,,,,,,,,,,,,,,,,,,,,,,,,,,,,,,,,,,,,,,,,,,,,,22682,1028,2029,4201,3851,3660,913,2927,760,594,1701,710,308,12325,474,848,1918,1396,2342,388,2096,679,277,1069,653,185,10357,554,1181,2283,2455,1318,525,831,81,317,632,57,123,,,,,,,,,,,,,,,,,,,,,,,,,,,,,,,,,,,,,,,,,,,,,,,,,,,,,,,,,,,,,,,,,,,,,22682,3057,4201,3851,3660,913,2927,1354,1701,1018,12325,1322,1918,1396,2342,388,2096,956,1069,838,10357,1735,2283,2455,1318,525,831,398,632,180,,,,,,,,,,,,,,,,,,,,,,,,,,,,,,
ACSSF,2010e1,al,000,0003,0000024,196561,185284,167379,17905,13867,2264,1774,776,776,0,0,0,0,66,2430,1904,6101,107330,101986,91183,10803,7731,1328,1744,107,107,0,0,0,0,66,1431,518,3222,89231,83298,76196,7102,6136,936,30,669,669,0,0,0,0,0,999,1386,2879,190460,3475,14688,22285,35827,37204,14838,26889,4866,6640,14697,7032,2019,104108,1825,6577,10977,18318,20845,7940,16608,3225,4024,8228,4191,1350,86352,1650,8111,11308,17509,16359,6898,10281,1641,2616,6469,2841,669,196561,181918,14643,5519,9124,167379,158579,8800,4214,4586,17905,13535,4370,459,3911,776,539,237,0,237,2430,2056,374,117,257,1970,1387,583,583,0,6101,5822,279,146,133,196561,185284,167379,17905,13867,2264,1774,776,2430,1970,6101,107330,101986,91183,10803,7731,1328,1744,107,1431,584,3222,89231,83298,76196,7102,6136,936,30,669,999,1386,2879,190460,18163,22285,35827,37204,14838,26889,11506,14697,9051,104108,8402,10977,18318,20845,7940,16608,7249,8228,5541,86352,9761,11308,17509,16359,6898,10281,4257,6469,3510,196561,181918,14643,5519,9124,167379,158579,8800,4214,4586,17905,13535,4370,459,3911,776,539,237,0,237,4400,3443,957,700,257,6101,5822,279,146,133
ACSSF,2010e1,al,000,0003,0000025,,,,,,,,,,,,,,,,,,,,,,,,,,,,,,,,,,,,,,,,,,,,,,,,,,,,35176,1819,4387,5807,6284,4227,1488,5303,1110,495,1961,1432,863,18141,712,1021,3653,2615,2397,847,2648,681,360,1082,1432,693,17035,1107,3366,2154,3669,1830,641,2655,429,135,879,0,170,,,,,,,,,,,,,,,,,,,,,,,,,,,,,,,,,,,,36647,34397,29513,4884,3507,478,899,11,497,271,1471,18706,17437,14389,3048,2039,390,619,0,433,271,565,17941,16960,15124,1836,1468,88,280,11,64,0,906,35176,6206,5807,6284,4227,1488,5303,1605,1961,2295,18141,1733,3653,2615,2397,847,2648,1041,1082,2125,17035,4473,2154,3669,1830,641,2655,564,879,170,,,,,,,,,,,,,,,,,,,,,,,,,,,,,,
ACSSF,2010e1,al,000,0003,0000026,175568,165776,147595,18181,12593,2349,3239,823,823,0,0,0,0,74,2540,868,5487,90979,86268,75665,10603,6672,1365,2566,233,233,0,0,0,0,74,1611,528,2265,84589,79508,71930,7578,5921,984,673,590,590,0,0,0,0,0,929,340,3222,170081,4166,12610,22537,30356,33823,11227,26620,4257,4896,10773,5913,2903,88714,1684,6218,11205,15747,17370,5930,14608,1827,2727,5755,3619,2024,81367,2482,6392,11332,14609,16453,5297,12012,2430,2169,5018,2294,879,175568,167887,7681,3083,4598,147595,143474,4121,2245,1876,18181,15674,2507,400,2107,823,665,158,158,0,2540,2440,100,0,100,942,942,0,0,0,5487,4692,795,280,515,175568,165776,147595,18181,12593,2349,3239,823,2540,942,5487,90979,86268,75665,10603,6672,1365,2566,233,1611,602,2265,84589,79508,71930,7578,5921,984,673,590,929,340,3222,170081,16776,22537,30356,33823,11227,26620,9153,10773,8816,88714,7902,11205,15747,17370,5930,14608,4554,5755,5643,81367,8874,11332,14609,16453,5297,12012,4599,5018,3173,175568,167887,7681,3083,4598,147595,143474,4121,2245,1876,18181,15674,2507,400,2107,823,665,158,158,0,3482,3382,100,0,100,5487,4692,795,280,515
ACSSF,2010e1,al,000,0003,0000027,133878,128901,113512,15389,11440,2474,1475,737,737,0,0,0,0,290,1039,390,2521,69062,66441,56836,9605,7115,1607,883,311,311,0,0,0,0,290,582,328,1110,64816,62460,56676,5784,4325,867,592,426,426,0,0,0,0,0,457,62,1411,131357,1726,10479,16755,26998,23199,9993,17788,2573,3743,8542,6199,3362,67952,1335,4893,8264,12992,11571,5172,9102,1795,1990,4437,3932,2469,63405,391,5586,8491,14006,11628,4821,8686,778,1753,4105,2267,893,,,,,,,,,,,,,,,,,,,,,,,,,,,,,,,,,,,,133878,128901,113512,15389,11440,2474,1475,737,1039,680,2521,69062,66441,56836,9605,7115,1607,883,311,582,618,1110,64816,62460,56676,5784,4325,867,592,426,457,62,1411,131357,12205,16755,26998,23199,9993,17788,6316,8542,9561,67952,6228,8264,12992,11571,5172,9102,3785,4437,6401,63405,5977,8491,14006,11628,4821,8686,2531,4105,3160,133878,127065,6813,2146,4667,113512,109131,4381,1744,2637,15389,13115,2274,244,2030,737,737,0,0,0,1719,1719,0,0,0,2521,2363,158,158,0
ACSSF,2010e1,al,000,0003,0000028,,,,,,,,,,,,,,,,,,,,,,,,,,,,,,,,,,,,,,,,,,,,,,,,,,,,47045,1787,5964,9056,6768,5065,2926,3993,2600,1923,4693,1807,463,25543,1137,3188,3638,3768,2133,1400,2830,1379,1328,3155,1169,418,21502,650,2776,5418,3000,2932,1526,1163,1221,595,1538,638,45,,,,,,,,,,,,,,,,,,,,,,,,,,,,,,,,,,,,48145,46272,41896,4376,2865,1168,343,0,636,137,1100,26239,25228,22569,2659,1717,599,343,0,178,137,696,21906,21044,19327,1717,1148,569,0,0,458,0,404,47045,7751,9056,6768,5065,2926,3993,4523,4693,2270,25543,4325,3638,3768,2133,1400,2830,2707,3155,1587,21502,3426,5418,3000,2932,1526,1163,1816,1538,683,,,,,,,,,,,,,,,,,,,,,,,,,,,,,,
ACSSF,2010e1,al,000,0003,0000029,,,,,,,,,,,,,,,,,,,,,,,,,,,,,,,,,,,,,,,,,,,,,,,,,,,,17186,663,1834,2446,3259,2685,1894,1698,916,476,941,209,165,9828,663,323,1503,1485,1508,1295,1214,603,416,493,160,165,7358,0,1511,943,1774,1177,599,484,313,60,448,49,0,,,,,,,,,,,,,,,,,,,,,,,,,,,,,,,,,,,,,,,,,,,,,,,,,,,,,,,,,,,,,,,,,,,,,17186,2497,2446,3259,2685,1894,1698,1392,941,374,9828,986,1503,1485,1508,1295,1214,1019,493,325,7358,1511,943,1774,1177,599,484,373,448,49,,,,,,,,,,,,,,,,,,,,,,,,,,,,,,
ACSSF,2010e1,al,000,0003,0000030,,,,,,,,,,,,,,,,,,,,,,,,,,,,,,,,,,,,,,,,,,,,,,,,,,,,72152,2873,7002,8509,9953,9024,3746,12719,3324,3234,7630,2804,1334,37395,1333,4012,5018,5834,4462,1534,5846,1994,1420,3560,1702,680,34757,1540,2990,3491,4119,4562,2212,6873,1330,1814,4070,1102,654,,,,,,,,,,,,,,,,,,,,,,,,,,,,,,,,,,,,77309,71169,63825,7344,5884,919,541,0,696,287,5157,40981,36810,33100,3710,2999,484,227,0,435,150,3586,36328,34359,30725,3634,2885,435,314,0,261,137,1571,72152,9875,8509,9953,9024,3746,12719,6558,7630,4138,37395,5345,5018,5834,4462,1534,5846,3414,3560,2382,34757,4530,3491,4119,4562,2212,6873,3144,4070,1756,,,,,,,,,,,,,,,,,,,,,,,,,,,,,,
ACSSF,2010e1,al,000,0003,0000031,,,,,,,,,,,,,,,,,,,,,,,,,,,,,,,,,,,,,,,,,,,,,,,,,,,,27118,1083,3561,4248,3798,3006,1929,3705,676,679,2559,1427,447,15136,414,1503,1911,1799,1869,824,2826,123,679,1732,1009,447,11982,669,2058,2337,1999,1137,1105,879,553,0,827,418,0,,,,,,,,,,,,,,,,,,,,,,,,,,,,,,,,,,,,,,,,,,,,,,,,,,,,,,,,,,,,,,,,,,,,,27118,4644,4248,3798,3006,1929,3705,1355,2559,1874,15136,1917,1911,1799,1869,824,2826,802,1732,1456,11982,2727,2337,1999,1137,1105,879,553,827,418,,,,,,,,,,,,,,,,,,,,,,,,,,,,,,
ACSSF,2010e1,al,000,0003,0000032,89783,84499,75862,8637,6007,1671,959,624,624,0,0,0,0,418,1826,434,1982,47505,45013,40614,4399,2411,1343,645,161,161,0,0,0,0,191,941,434,765,42278,39486,35248,4238,3596,328,314,463,463,0,0,0,0,227,885,0,1217,87801,1625,8116,12122,18318,18667,5781,9049,1365,2321,4643,4158,1636,46740,856,5336,5182,9363,9456,2402,5848,862,1111,2997,1949,1378,41061,769,2780,6940,8955,9211,3379,3201,503,1210,1646,2209,258,89783,85672,4111,952,3159,75862,73860,2002,476,1526,8637,6985,1652,246,1406,624,540,84,84,0,1826,1826,0,0,0,852,625,227,0,227,1982,1836,146,146,0,89783,84499,75862,8637,6007,1671,959,624,1826,852,1982,47505,45013,40614,4399,2411,1343,645,161,941,625,765,42278,39486,35248,4238,3596,328,314,463,885,227,1217,87801,9741,12122,18318,18667,5781,9049,3686,4643,5794,46740,6192,5182,9363,9456,2402,5848,1973,2997,3327,41061,3549,6940,8955,9211,3379,3201,1713,1646,2467,89783,85672,4111,952,3159,75862,73860,2002,476,1526,8637,6985,1652,246,1406,624,540,84,84,0,2678,2451,227,0,227,1982,1836,146,146,0
ACSSF,2010e1,al,000,0003,0000033,,,,,,,,,,,,,,,,,,,,,,,,,,,,,,,,,,,,,,,,,,,,,,,,,,,,19325,632,1532,2776,4218,2081,1108,2730,554,465,1972,1047,210,8669,345,659,1478,1578,524,374,913,414,405,1363,406,210,10656,287,873,1298,2640,1557,734,1817,140,60,609,641,0,,,,,,,,,,,,,,,,,,,,,,,,,,,,,,,,,,,,,,,,,,,,,,,,,,,,,,,,,,,,,,,,,,,,,19325,2164,2776,4218,2081,1108,2730,1019,1972,1257,8669,1004,1478,1578,524,374,913,819,1363,616,10656,1160,1298,2640,1557,734,1817,200,609,641,,,,,,,,,,,,,,,,,,,,,,,,,,,,,,
ACSSF,2010e1,al,000,0003,0000034,181341,173692,153079,20613,17152,2022,1439,2290,2290,0,0,0,0,183,1962,1247,1967,94703,91060,80292,10768,8351,1460,957,909,909,0,0,0,0,0,1090,729,915,86638,82632,72787,9845,8801,562,482,1381,1381,0,0,0,0,183,872,518,1052,179374,2172,6733,18762,28260,33967,11765,31391,7332,6498,17274,10399,4821,93788,939,3411,10886,15057,16963,6050,15750,3820,3293,9387,5106,3126,85586,1233,3322,7876,13203,17004,5715,15641,3512,3205,7887,5293,1695,181341,169981,11360,2652,8708,153079,146586,6493,1754,4739,20613,16640,3973,818,3155,2290,2162,128,0,128,1962,1606,356,0,356,1430,1084,346,80,266,1967,1903,64,0,64,181341,173692,153079,20613,17152,2022,1439,2290,1962,1430,1967,94703,91060,80292,10768,8351,1460,957,909,1090,729,915,86638,82632,72787,9845,8801,562,482,1381,872,701,1052,179374,8905,18762,28260,33967,11765,31391,13830,17274,15220,93788,4350,10886,15057,16963,6050,15750,7113,9387,8232,85586,4555,7876,13203,17004,5715,15641,6717,7887,6988,181341,169981,11360,2652,8708,153079,146586,6493,1754,4739,20613,16640,3973,818,3155,2290,2162,128,0,128,3392,2690,702,80,622,1967,1903,64,0,64
ACSSF,2010e1,al,000,0003,0000035,,,,,,,,,,,,,,,,,,,,,,,,,,,,,,,,,,,,,,,,,,,,,,,,,,,,41295,754,4891,9665,7808,6178,1561,5827,579,882,2212,560,378,19131,392,2202,4792,3023,2699,521,3043,277,263,1374,289,256,22164,362,2689,4873,4785,3479,1040,2784,302,619,838,271,122,,,,,,,,,,,,,,,,,,,,,,,,,,,,,,,,,,,,41781,40594,37828,2766,2552,144,70,113,261,327,486,19345,18745,17436,1309,1153,99,57,64,244,78,214,22436,21849,20392,1457,1399,45,13,49,17,249,272,41295,5645,9665,7808,6178,1561,5827,1461,2212,938,19131,2594,4792,3023,2699,521,3043,540,1374,545,22164,3051,4873,4785,3479,1040,2784,921,838,393,,,,,,,,,,,,,,,,,,,,,,,,,,,,,,
ACSSF,2010e1,al,000,0003,0000036,,,,,,,,,,,,,,,,,,,,,,,,,,,,,,,,,,,,,,,,,,,,,,,,,,,,40147,943,3321,4058,5074,7172,1922,8131,1669,1768,4501,1130,458,19187,530,1831,1870,2645,3582,1043,3421,690,679,1982,658,256,20960,413,1490,2188,2429,3590,879,4710,979,1089,2519,472,202,,,,,,,,,,,,,,,,,,,,,,,,,,,,,,,,,,,,,,,,,,,,,,,,,,,,,,,,,,,,,,,,,,,,,40147,4264,4058,5074,7172,1922,8131,3437,4501,1588,19187,2361,1870,2645,3582,1043,3421,1369,1982,914,20960,1903,2188,2429,3590,879,4710,2068,2519,674,,,,,,,,,,,,,,,,,,,,,,,,,,,,,,
ACSSF,2010e1,al,000,0003,0000037,,,,,,,,,,,,,,,,,,,,,,,,,,,,,,,,,,,,,,,,,,,,,,,,,,,,136090,1970,11031,17242,26228,27255,10380,17700,2705,4790,10104,5239,1446,72200,994,5153,8593,13020,14660,4809,10721,1843,3026,5212,3142,1027,63890,976,5878,8649,13208,12595,5571,6979,862,1764,4892,2097,419,,,,,,,,,,,,,,,,,,,,,,,,,,,,,,,,,,,,139339,132730,120529,12201,8494,1933,1774,730,976,1654,3249,73820,71602,64176,7426,4548,1134,1744,107,223,268,1620,65519,61128,56353,4775,3946,799,30,623,753,1386,1629,136090,13001,17242,26228,27255,10380,17700,7495,10104,6685,72200,6147,8593,13020,14660,4809,10721,4869,5212,4169,63890,6854,8649,13208,12595,5571,6979,2626,4892,2516,139339,127250,12089,4279,7810,120529,113304,7225,3374,3851,12201,8664,3537,205,3332,730,493,237,0,237,2630,1673,957,700,257,3249,3116,133,0,133
ACSSF,2010e1,al,000,0003,0000038,122528,117796,106000,11796,8407,1363,2026,823,823,0,0,0,0,74,1122,579,2134,60035,58017,51387,6630,4125,844,1661,233,233,0,0,0,0,74,727,398,586,62493,59779,54613,5166,4282,519,365,590,590,0,0,0,0,0,395,181,1548,120394,2081,8923,16000,19639,26227,8466,20246,2798,3609,6623,4253,1529,59449,911,4732,8261,9227,12797,4052,10394,1000,1719,2496,2819,1041,60945,1170,4191,7739,10412,13430,4414,9852,1798,1890,4127,1434,488,122528,116795,5733,2145,3588,106000,102823,3177,1426,1751,11796,10238,1558,336,1222,823,665,158,158,0,1122,1022,100,0,100,653,653,0,0,0,2134,1394,740,225,515,122528,117796,106000,11796,8407,1363,2026,823,1122,653,2134,60035,58017,51387,6630,4125,844,1661,233,727,472,586,62493,59779,54613,5166,4282,519,365,590,395,181,1548,120394,11004,16000,19639,26227,8466,20246,6407,6623,5782,59449,5643,8261,9227,12797,4052,10394,2719,2496,3860,60945,5361,7739,10412,13430,4414,9852,3688,4127,1922,122528,116795,5733,2145,3588,106000,102823,3177,1426,1751,11796,10238,1558,336,1222,823,665,158,158,0,1775,1675,100,0,100,2134,1394,740,225,515
ACSSF,2010e1,al,000,0003,0000039,125765,121239,107433,13806,9937,2407,1462,737,737,0,0,0,0,290,1039,344,2116,63459,61160,52641,8519,6042,1607,870,311,311,0,0,0,0,290,582,282,834,62306,60079,54792,5287,3895,800,592,426,426,0,0,0,0,0,457,62,1282,123649,1299,10457,15980,25851,22139,9482,16187,2390,3494,7710,5393,3267,62625,908,4871,7799,12264,10871,4929,7806,1612,1784,3798,3609,2374,61024,391,5586,8181,13587,11268,4553,8381,778,1710,3912,1784,893,,,,,,,,,,,,,,,,,,,,,,,,,,,,,,,,,,,,125765,121239,107433,13806,9937,2407,1462,737,1039,634,2116,63459,61160,52641,8519,6042,1607,870,311,582,572,834,62306,60079,54792,5287,3895,800,592,426,457,62,1282,123649,11756,15980,25851,22139,9482,16187,5884,7710,8660,62625,5779,7799,12264,10871,4929,7806,3396,3798,5983,61024,5977,8181,13587,11268,4553,8381,2488,3912,2677,125765,119887,5878,2146,3732,107433,103521,3912,1744,2168,13806,11998,1808,244,1564,737,737,0,0,0,1673,1673,0,0,0,2116,1958,158,158,0
ACSSF,2010e1,al,000,0003,0000040,,,,,,,,,,,,,,,,,,,,,,,,,,,,,,,,,,,,,,,,,,,,,,,,,,,,61397,1045,5456,9006,13893,13683,4682,5785,803,932,2345,2732,1035,31397,497,3457,3970,7206,6887,1862,3434,466,411,1196,1234,777,30000,548,1999,5036,6687,6796,2820,2351,337,521,1149,1498,258,,,,,,,,,,,,,,,,,,,,,,,,,,,,,,,,,,,,62120,59136,52865,6271,4585,1268,418,285,1335,641,723,31718,30208,27653,2555,1395,1010,150,161,614,414,321,30402,28928,25212,3716,3190,258,268,124,721,227,402,61397,6501,9006,13893,13683,4682,5785,1735,2345,3767,31397,3954,3970,7206,6887,1862,3434,877,1196,2011,30000,2547,5036,6687,6796,2820,2351,858,1149,1756,62120,59083,3037,564,2473,52865,51317,1548,318,1230,6271,5009,1262,246,1016,285,285,0,0,0,1976,1749,227,0,227,723,723,0,0,0
ACSSF,2010e1,al,000,0003,0000041,181341,173692,153079,20613,17152,2022,1439,2290,2290,0,0,0,0,183,1962,1247,1967,94703,91060,80292,10768,8351,1460,957,909,909,0,0,0,0,0,1090,729,915,86638,82632,72787,9845,8801,562,482,1381,1381,0,0,0,0,183,872,518,1052,179374,2172,6733,18762,28260,33967,11765,31391,7332,6498,17274,10399,4821,93788,939,3411,10886,15057,16963,6050,15750,3820,3293,9387,5106,3126,85586,1233,3322,7876,13203,17004,5715,15641,3512,3205,7887,5293,1695,181341,169981,11360,2652,8708,153079,146586,6493,1754,4739,20613,16640,3973,818,3155,2290,2162,128,0,128,1962,1606,356,0,356,1430,1084,346,80,266,1967,1903,64,0,64,181341,173692,153079,20613,17152,2022,1439,2290,1962,1430,1967,94703,91060,80292,10768,8351,1460,957,909,1090,729,915,86638,82632,72787,9845,8801,562,482,1381,872,701,1052,179374,8905,18762,28260,33967,11765,31391,13830,17274,15220,93788,4350,10886,15057,16963,6050,15750,7113,9387,8232,85586,4555,7876,13203,17004,5715,15641,6717,7887,6988,181341,169981,11360,2652,8708,153079,146586,6493,1754,4739,20613,16640,3973,818,3155,2290,2162,128,0,128,3392,2690,702,80,622,1967,1903,64,0,64
ACSSF,2010e1,al,000,0003,0000042,,,,,,,,,,,,,,,,,,,,,,,,,,,,,,,,,,,,,,,,,,,,,,,,,,,,40147,943,3321,4058,5074,7172,1922,8131,1669,1768,4501,1130,458,19187,530,1831,1870,2645,3582,1043,3421,690,679,1982,658,256,20960,413,1490,2188,2429,3590,879,4710,979,1089,2519,472,202,,,,,,,,,,,,,,,,,,,,,,,,,,,,,,,,,,,,,,,,,,,,,,,,,,,,,,,,,,,,,,,,,,,,,40147,4264,4058,5074,7172,1922,8131,3437,4501,1588,19187,2361,1870,2645,3582,1043,3421,1369,1982,914,20960,1903,2188,2429,3590,879,4710,2068,2519,674,,,,,,,,,,,,,,,,,,,,,,,,,,,,,,
ACSSF,2010e1,al,000,0003,0000043,,,,,,,,,,,,,,,,,,,,,,,,,,,,,,,,,,,,,,,,,,,,,,,,,,,,41233,754,4891,9665,7808,6116,1561,5827,579,882,2212,560,378,19131,392,2202,4792,3023,2699,521,3043,277,263,1374,289,256,22102,362,2689,4873,4785,3417,1040,2784,302,619,838,271,122,,,,,,,,,,,,,,,,,,,,,,,,,,,,,,,,,,,,41719,40532,37766,2766,2552,144,70,113,261,327,486,19345,18745,17436,1309,1153,99,57,64,244,78,214,22374,21787,20330,1457,1399,45,13,49,17,249,272,41233,5645,9665,7808,6116,1561,5827,1461,2212,938,19131,2594,4792,3023,2699,521,3043,540,1374,545,22102,3051,4873,4785,3417,1040,2784,921,838,393,,,,,,,,,,,,,,,,,,,,,,,,,,,,,,
ACSSF,2010e1,al,000,0003,0000044,,,,,,,,,,,,,,,,,,,,,,,,,,,,,,,,,,,,,,,,,,,,,,,,,,,,136090,1970,11031,17242,26228,27255,10380,17700,2705,4790,10104,5239,1446,72200,994,5153,8593,13020,14660,4809,10721,1843,3026,5212,3142,1027,63890,976,5878,8649,13208,12595,5571,6979,862,1764,4892,2097,419,,,,,,,,,,,,,,,,,,,,,,,,,,,,,,,,,,,,139339,132730,120529,12201,8494,1933,1774,730,976,1654,3249,73820,71602,64176,7426,4548,1134,1744,107,223,268,1620,65519,61128,56353,4775,3946,799,30,623,753,1386,1629,136090,13001,17242,26228,27255,10380,17700,7495,10104,6685,72200,6147,8593,13020,14660,4809,10721,4869,5212,4169,63890,6854,8649,13208,12595,5571,6979,2626,4892,2516,139339,127250,12089,4279,7810,120529,113304,7225,3374,3851,12201,8664,3537,205,3332,730,493,237,0,237,2630,1673,957,700,257,3249,3116,133,0,133
ACSSF,2010e1,al,000,0003,0000045,122528,117796,106000,11796,8407,1363,2026,823,823,0,0,0,0,74,1122,579,2134,60035,58017,51387,6630,4125,844,1661,233,233,0,0,0,0,74,727,398,586,62493,59779,54613,5166,4282,519,365,590,590,0,0,0,0,0,395,181,1548,120394,2081,8923,16000,19639,26227,8466,20246,2798,3609,6623,4253,1529,59449,911,4732,8261,9227,12797,4052,10394,1000,1719,2496,2819,1041,60945,1170,4191,7739,10412,13430,4414,9852,1798,1890,4127,1434,488,122528,116795,5733,2145,3588,106000,102823,3177,1426,1751,11796,10238,1558,336,1222,823,665,158,158,0,1122,1022,100,0,100,653,653,0,0,0,2134,1394,740,225,515,122528,117796,106000,11796,8407,1363,2026,823,1122,653,2134,60035,58017,51387,6630,4125,844,1661,233,727,472,586,62493,59779,54613,5166,4282,519,365,590,395,181,1548,120394,11004,16000,19639,26227,8466,20246,6407,6623,5782,59449,5643,8261,9227,12797,4052,10394,2719,2496,3860,60945,5361,7739,10412,13430,4414,9852,3688,4127,1922,122528,116795,5733,2145,3588,106000,102823,3177,1426,1751,11796,10238,1558,336,1222,823,665,158,158,0,1775,1675,100,0,100,2134,1394,740,225,515
ACSSF,2010e1,al,000,0003,0000046,125765,121239,107433,13806,9937,2407,1462,737,737,0,0,0,0,290,1039,344,2116,63459,61160,52641,8519,6042,1607,870,311,311,0,0,0,0,290,582,282,834,62306,60079,54792,5287,3895,800,592,426,426,0,0,0,0,0,457,62,1282,123649,1299,10457,15980,25851,22139,9482,16187,2390,3494,7710,5393,3267,62625,908,4871,7799,12264,10871,4929,7806,1612,1784,3798,3609,2374,61024,391,5586,8181,13587,11268,4553,8381,778,1710,3912,1784,893,,,,,,,,,,,,,,,,,,,,,,,,,,,,,,,,,,,,125765,121239,107433,13806,9937,2407,1462,737,1039,634,2116,63459,61160,52641,8519,6042,1607,870,311,582,572,834,62306,60079,54792,5287,3895,800,592,426,457,62,1282,123649,11756,15980,25851,22139,9482,16187,5884,7710,8660,62625,5779,7799,12264,10871,4929,7806,3396,3798,5983,61024,5977,8181,13587,11268,4553,8381,2488,3912,2677,125765,119887,5878,2146,3732,107433,103521,3912,1744,2168,13806,11998,1808,244,1564,737,737,0,0,0,1673,1673,0,0,0,2116,1958,158,158,0
ACSSF,2010e1,al,000,0003,0000047,,,,,,,,,,,,,,,,,,,,,,,,,,,,,,,,,,,,,,,,,,,,,,,,,,,,61397,1045,5456,9006,13893,13683,4682,5785,803,932,2345,2732,1035,31397,497,3457,3970,7206,6887,1862,3434,466,411,1196,1234,777,30000,548,1999,5036,6687,6796,2820,2351,337,521,1149,1498,258,,,,,,,,,,,,,,,,,,,,,,,,,,,,,,,,,,,,62120,59136,52865,6271,4585,1268,418,285,1335,641,723,31718,30208,27653,2555,1395,1010,150,161,614,414,321,30402,28928,25212,3716,3190,258,268,124,721,227,402,61397,6501,9006,13893,13683,4682,5785,1735,2345,3767,31397,3954,3970,7206,6887,1862,3434,877,1196,2011,30000,2547,5036,6687,6796,2820,2351,858,1149,1756,62120,59083,3037,564,2473,52865,51317,1548,318,1230,6271,5009,1262,246,1016,285,285,0,0,0,1976,1749,227,0,227,723,723,0,0,0
ACSSF,2010e1,al,000,0003,0000048,,,,,,,,,,,,,,,,,,,,,,,,,,,,,,,,,,,,,,,,,,,,,,,,,,,,,,,,,,,,,,,,,,,,,,,,,,,,,,,,,,,,,,,,,,,,,,,,,,,,,,,,,,,,,,,,,,,,,,,,,,,,,,,,,,,,,,,,,,,,,,,,,,,,,,,,,,,,,,,,,,,,,,,,,,,,,,,,,,,,,,,,,,,,,,,,,,,,,,,,,,,,,,,,,,,,,,,,,,
ACSSF,2010e1,al,000,0003,0000049,,,,,,,,,,,,,,,,,,,,,,,,,,,,,,,,,,,,,,,,,,,,,,,,,,,,,,,,,,,,,,,,,,,,,,,,,,,,,,,,,,,,,,,,,,,,,,,,,,,,,,,,,,,,,,,,,,,,,,,,,,,,,,,,,,,,,,,,,,,,,,,,,,,,,,,,,,,,,,,,,,,,,,,,,,,,,,,,,,,,,,,,,,,,,,,,,,,,,,,,,,,,,,,,,,,,,,,,,,
ACSSF,2010e1,al,000,0003,0000050,,,,,,,,,,,,,,,,,,,,,,,,,,,,,,,,,,,,,,,,,,,,,,,,,,,,,,,,,,,,,,,,,,,,,,,,,,,,,,,,,,,,,,,,,,,,,,,,,,,,,,,,,,,,,,,,,,,,,,,,,,,,,,,,,,,,,,,,,,,,,,,,,,,,,,,,,,,,,,,,,,,,,,,,,,,,,,,,,,,,,,,,,,,,,,,,,,,,,,,,,,,,,,,,,,,,,,,,,,
ACSSF,2010e1,al,000,0003,0000051,,,,,,,,,,,,,,,,,,,,,,,,,,,,,,,,,,,,,,,,,,,,,,,,,,,,,,,,,,,,,,,,,,,,,,,,,,,,,,,,,,,,,,,,,,,,,,,,,,,,,,,,,,,,,,,,,,,,,,,,,,,,,,,,,,,,,,,,,,,,,,,,,,,,,,,,,,,,,,,,,,,,,,,,,,,,,,,,,,,,,,,,,,,,,,,,,,,,,,,,,,,,,,,,,,,,,,,,,,
ACSSF,2010e1,al,000,0003,0000052,,,,,,,,,,,,,,,,,,,,,,,,,,,,,,,,,,,,,,,,,,,,,,,,,,,,,,,,,,,,,,,,,,,,,,,,,,,,,,,,,,,,,,,,,,,,,,,,,,,,,,,,,,,,,,,,,,,,,,,,,,,,,,,,,,,,,,,,,,,,,,,,,,,,,,,,,,,,,,,,,,,,,,,,,,,,,,,,,,,,,,,,,,,,,,,,,,,,,,,,,,,,,,,,,,,,,,,,,,
ACSSF,2010e1,al,000,0003,0000053,,,,,,,,,,,,,,,,,,,,,,,,,,,,,,,,,,,,,,,,,,,,,,,,,,,,,,,,,,,,,,,,,,,,,,,,,,,,,,,,,,,,,,,,,,,,,,,,,,,,,,,,,,,,,,,,,,,,,,,,,,,,,,,,,,,,,,,,,,,,,,,,,,,,,,,,,,,,,,,,,,,,,,,,,,,,,,,,,,,,,,,,,,,,,,,,,,,,,,,,,,,,,,,,,,,,,,,,,,
ACSSF,2010e1,al,000,0003,0000054,,,,,,,,,,,,,,,,,,,,,,,,,,,,,,,,,,,,,,,,,,,,,,,,,,,,,,,,,,,,,,,,,,,,,,,,,,,,,,,,,,,,,,,,,,,,,,,,,,,,,,,,,,,,,,,,,,,,,,,,,,,,,,,,,,,,,,,,,,,,,,,,,,,,,,,,,,,,,,,,,,,,,,,,,,,,,,,,,,,,,,,,,,,,,,,,,,,,,,,,,,,,,,,,,,,,,,,,,,
ACSSF,2010e1,al,000,0003,0000055,,,,,,,,,,,,,,,,,,,,,,,,,,,,,,,,,,,,,,,,,,,,,,,,,,,,,,,,,,,,,,,,,,,,,,,,,,,,,,,,,,,,,,,,,,,,,,,,,,,,,,,,,,,,,,,,,,,,,,,,,,,,,,,,,,,,,,,,,,,,,,,,,,,,,,,,,,,,,,,,,,,,,,,,,,,,,,,,,,,,,,,,,,,,,,,,,,,,,,,,,,,,,,,,,,,,,,,,,,
ACSSF,2010e1,al,000,0003,0000056,,,,,,,,,,,,,,,,,,,,,,,,,,,,,,,,,,,,,,,,,,,,,,,,,,,,,,,,,,,,,,,,,,,,,,,,,,,,,,,,,,,,,,,,,,,,,,,,,,,,,,,,,,,,,,,,,,,,,,,,,,,,,,,,,,,,,,,,,,,,,,,,,,,,,,,,,,,,,,,,,,,,,,,,,,,,,,,,,,,,,,,,,,,,,,,,,,,,,,,,,,,,,,,,,,,,,,,,,,
ACSSF,2010e1,al,000,0003,0000057,,,,,,,,,,,,,,,,,,,,,,,,,,,,,,,,,,,,,,,,,,,,,,,,,,,,,,,,,,,,,,,,,,,,,,,,,,,,,,,,,,,,,,,,,,,,,,,,,,,,,,,,,,,,,,,,,,,,,,,,,,,,,,,,,,,,,,,,,,,,,,,,,,,,,,,,,,,,,,,,,,,,,,,,,,,,,,,,,,,,,,,,,,,,,,,,,,,,,,,,,,,,,,,,,,,,,,,,,,
ACSSF,2010e1,al,000,0003,0000058,,,,,,,,,,,,,,,,,,,,,,,,,,,,,,,,,,,,,,,,,,,,,,,,,,,,,,,,,,,,,,,,,,,,,,,,,,,,,,,,,,,,,,,,,,,,,,,,,,,,,,,,,,,,,,,,,,,,,,,,,,,,,,,,,,,,,,,,,,,,,,,,,,,,,,,,,,,,,,,,,,,,,,,,,,,,,,,,,,,,,,,,,,,,,,,,,,,,,,,,,,,,,,,,,,,,,,,,,,
ACSSF,2010e1,al,000,0003,0000059,,,,,,,,,,,,,,,,,,,,,,,,,,,,,,,,,,,,,,,,,,,,,,,,,,,,,,,,,,,,,,,,,,,,,,,,,,,,,,,,,,,,,,,,,,,,,,,,,,,,,,,,,,,,,,,,,,,,,,,,,,,,,,,,,,,,,,,,,,,,,,,,,,,,,,,,,,,,,,,,,,,,,,,,,,,,,,,,,,,,,,,,,,,,,,,,,,,,,,,,,,,,,,,,,,,,,,,,,,
ACSSF,2010e1,al,000,0003,0000060,,,,,,,,,,,,,,,,,,,,,,,,,,,,,,,,,,,,,,,,,,,,,,,,,,,,,,,,,,,,,,,,,,,,,,,,,,,,,,,,,,,,,,,,,,,,,,,,,,,,,,,,,,,,,,,,,,,,,,,,,,,,,,,,,,,,,,,,,,,,,,,,,,,,,,,,,,,,,,,,,,,,,,,,,,,,,,,,,,,,,,,,,,,,,,,,,,,,,,,,,,,,,,,,,,,,,,,,,,
ACSSF,2010e1,al,000,0003,0000061,,,,,,,,,,,,,,,,,,,,,,,,,,,,,,,,,,,,,,,,,,,,,,,,,,,,,,,,,,,,,,,,,,,,,,,,,,,,,,,,,,,,,,,,,,,,,,,,,,,,,,,,,,,,,,,,,,,,,,,,,,,,,,,,,,,,,,,,,,,,,,,,,,,,,,,,,,,,,,,,,,,,,,,,,,,,,,,,,,,,,,,,,,,,,,,,,,,,,,,,,,,,,,,,,,,,,,,,,,
ACSSF,2010e1,al,000,0003,0000062,,,,,,,,,,,,,,,,,,,,,,,,,,,,,,,,,,,,,,,,,,,,,,,,,,,,,,,,,,,,,,,,,,,,,,,,,,,,,,,,,,,,,,,,,,,,,,,,,,,,,,,,,,,,,,,,,,,,,,,,,,,,,,,,,,,,,,,,,,,,,,,,,,,,,,,,,,,,,,,,,,,,,,,,,,,,,,,,,,,,,,,,,,,,,,,,,,,,,,,,,,,,,,,,,,,,,,,,,,
ACSSF,2010e1,al,000,0003,0000063,,,,,,,,,,,,,,,,,,,,,,,,,,,,,,,,,,,,,,,,,,,,,,,,,,,,,,,,,,,,,,,,,,,,,,,,,,,,,,,,,,,,,,,,,,,,,,,,,,,,,,,,,,,,,,,,,,,,,,,,,,,,,,,,,,,,,,,,,,,,,,,,,,,,,,,,,,,,,,,,,,,,,,,,,,,,,,,,,,,,,,,,,,,,,,,,,,,,,,,,,,,,,,,,,,,,,,,,,,
ACSSF,2010e1,al,000,0003,0000064,,,,,,,,,,,,,,,,,,,,,,,,,,,,,,,,,,,,,,,,,,,,,,,,,,,,,,,,,,,,,,,,,,,,,,,,,,,,,,,,,,,,,,,,,,,,,,,,,,,,,,,,,,,,,,,,,,,,,,,,,,,,,,,,,,,,,,,,,,,,,,,,,,,,,,,,,,,,,,,,,,,,,,,,,,,,,,,,,,,,,,,,,,,,,,,,,,,,,,,,,,,,,,,,,,,,,,,,,,
ACSSF,2010e1,al,000,0003,0000065,,,,,,,,,,,,,,,,,,,,,,,,,,,,,,,,,,,,,,,,,,,,,,,,,,,,,,,,,,,,,,,,,,,,,,,,,,,,,,,,,,,,,,,,,,,,,,,,,,,,,,,,,,,,,,,,,,,,,,,,,,,,,,,,,,,,,,,,,,,,,,,,,,,,,,,,,,,,,,,,,,,,,,,,,,,,,,,,,,,,,,,,,,,,,,,,,,,,,,,,,,,,,,,,,,,,,,,,,,
ACSSF,2010e1,al,000,0003,0000066,,,,,,,,,,,,,,,,,,,,,,,,,,,,,,,,,,,,,,,,,,,,,,,,,,,,,,,,,,,,,,,,,,,,,,,,,,,,,,,,,,,,,,,,,,,,,,,,,,,,,,,,,,,,,,,,,,,,,,,,,,,,,,,,,,,,,,,,,,,,,,,,,,,,,,,,,,,,,,,,,,,,,,,,,,,,,,,,,,,,,,,,,,,,,,,,,,,,,,,,,,,,,,,,,,,,,,,,,,
ACSSF,2010e1,al,000,0003,0000067,,,,,,,,,,,,,,,,,,,,,,,,,,,,,,,,,,,,,,,,,,,,,,,,,,,,,,,,,,,,,,,,,,,,,,,,,,,,,,,,,,,,,,,,,,,,,,,,,,,,,,,,,,,,,,,,,,,,,,,,,,,,,,,,,,,,,,,,,,,,,,,,,,,,,,,,,,,,,,,,,,,,,,,,,,,,,,,,,,,,,,,,,,,,,,,,,,,,,,,,,,,,,,,,,,,,,,,,,,
ACSSF,2010e1,al,000,0003,0000068,,,,,,,,,,,,,,,,,,,,,,,,,,,,,,,,,,,,,,,,,,,,,,,,,,,,,,,,,,,,,,,,,,,,,,,,,,,,,,,,,,,,,,,,,,,,,,,,,,,,,,,,,,,,,,,,,,,,,,,,,,,,,,,,,,,,,,,,,,,,,,,,,,,,,,,,,,,,,,,,,,,,,,,,,,,,,,,,,,,,,,,,,,,,,,,,,,,,,,,,,,,,,,,,,,,,,,,,,,
ACSSF,2010e1,al,000,0003,0000069,,,,,,,,,,,,,,,,,,,,,,,,,,,,,,,,,,,,,,,,,,,,,,,,,,,,,,,,,,,,,,,,,,,,,,,,,,,,,,,,,,,,,,,,,,,,,,,,,,,,,,,,,,,,,,,,,,,,,,,,,,,,,,,,,,,,,,,,,,,,,,,,,,,,,,,,,,,,,,,,,,,,,,,,,,,,,,,,,,,,,,,,,,,,,,,,,,,,,,,,,,,,,,,,,,,,,,,,,,
ACSSF,2010e1,al,000,0003,0000070,,,,,,,,,,,,,,,,,,,,,,,,,,,,,,,,,,,,,,,,,,,,,,,,,,,,,,,,,,,,,,,,,,,,,,,,,,,,,,,,,,,,,,,,,,,,,,,,,,,,,,,,,,,,,,,,,,,,,,,,,,,,,,,,,,,,,,,,,,,,,,,,,,,,,,,,,,,,,,,,,,,,,,,,,,,,,,,,,,,,,,,,,,,,,,,,,,,,,,,,,,,,,,,,,,,,,,,,,,
ACSSF,2010e1,al,000,0003,0000071,,,,,,,,,,,,,,,,,,,,,,,,,,,,,,,,,,,,,,,,,,,,,,,,,,,,,,,,,,,,,,,,,,,,,,,,,,,,,,,,,,,,,,,,,,,,,,,,,,,,,,,,,,,,,,,,,,,,,,,,,,,,,,,,,,,,,,,,,,,,,,,,,,,,,,,,,,,,,,,,,,,,,,,,,,,,,,,,,,,,,,,,,,,,,,,,,,,,,,,,,,,,,,,,,,,,,,,,,,
ACSSF,2010e1,al,000,0003,0000072,,,,,,,,,,,,,,,,,,,,,,,,,,,,,,,,,,,,,,,,,,,,,,,,,,,,,,,,,,,,,,,,,,,,,,,,,,,,,,,,,,,,,,,,,,,,,,,,,,,,,,,,,,,,,,,,,,,,,,,,,,,,,,,,,,,,,,,,,,,,,,,,,,,,,,,,,,,,,,,,,,,,,,,,,,,,,,,,,,,,,,,,,,,,,,,,,,,,,,,,,,,,,,,,,,,,,,,,,,
ACSSF,2010e1,al,000,0003,0000073,,,,,,,,,,,,,,,,,,,,,,,,,,,,,,,,,,,,,,,,,,,,,,,,,,,,,,,,,,,,,,,,,,,,,,,,,,,,,,,,,,,,,,,,,,,,,,,,,,,,,,,,,,,,,,,,,,,,,,,,,,,,,,,,,,,,,,,,,,,,,,,,,,,,,,,,,,,,,,,,,,,,,,,,,,,,,,,,,,,,,,,,,,,,,,,,,,,,,,,,,,,,,,,,,,,,,,,,,,
ACSSF,2010e1,al,000,0003,0000074,,,,,,,,,,,,,,,,,,,,,,,,,,,,,,,,,,,,,,,,,,,,,,,,,,,,,,,,,,,,,,,,,,,,,,,,,,,,,,,,,,,,,,,,,,,,,,,,,,,,,,,,,,,,,,,,,,,,,,,,,,,,,,,,,,,,,,,,,,,,,,,,,,,,,,,,,,,,,,,,,,,,,,,,,,,,,,,,,,,,,,,,,,,,,,,,,,,,,,,,,,,,,,,,,,,,,,,,,,
ACSSF,2010e1,al,000,0003,0000075,,,,,,,,,,,,,,,,,,,,,,,,,,,,,,,,,,,,,,,,,,,,,,,,,,,,,,,,,,,,,,,,,,,,,,,,,,,,,,,,,,,,,,,,,,,,,,,,,,,,,,,,,,,,,,,,,,,,,,,,,,,,,,,,,,,,,,,,,,,,,,,,,,,,,,,,,,,,,,,,,,,,,,,,,,,,,,,,,,,,,,,,,,,,,,,,,,,,,,,,,,,,,,,,,,,,,,,,,,
ACSSF,2010e1,al,000,0003,0000076,,,,,,,,,,,,,,,,,,,,,,,,,,,,,,,,,,,,,,,,,,,,,,,,,,,,,,,,,,,,,,,,,,,,,,,,,,,,,,,,,,,,,,,,,,,,,,,,,,,,,,,,,,,,,,,,,,,,,,,,,,,,,,,,,,,,,,,,,,,,,,,,,,,,,,,,,,,,,,,,,,,,,,,,,,,,,,,,,,,,,,,,,,,,,,,,,,,,,,,,,,,,,,,,,,,,,,,,,,
ACSSF,2010e1,al,000,0003,0000077,,,,,,,,,,,,,,,,,,,,,,,,,,,,,,,,,,,,,,,,,,,,,,,,,,,,,,,,,,,,,,,,,,,,,,,,,,,,,,,,,,,,,,,,,,,,,,,,,,,,,,,,,,,,,,,,,,,,,,,,,,,,,,,,,,,,,,,,,,,,,,,,,,,,,,,,,,,,,,,,,,,,,,,,,,,,,,,,,,,,,,,,,,,,,,,,,,,,,,,,,,,,,,,,,,,,,,,,,,
ACSSF,2010e1,al,000,0003,0000078,,,,,,,,,,,,,,,,,,,,,,,,,,,,,,,,,,,,,,,,,,,,,,,,,,,,,,,,,,,,,,,,,,,,,,,,,,,,,,,,,,,,,,,,,,,,,,,,,,,,,,,,,,,,,,,,,,,,,,,,,,,,,,,,,,,,,,,,,,,,,,,,,,,,,,,,,,,,,,,,,,,,,,,,,,,,,,,,,,,,,,,,,,,,,,,,,,,,,,,,,,,,,,,,,,,,,,,,,,
ACSSF,2010e1,al,000,0003,0000079,,,,,,,,,,,,,,,,,,,,,,,,,,,,,,,,,,,,,,,,,,,,,,,,,,,,,,,,,,,,,,,,,,,,,,,,,,,,,,,,,,,,,,,,,,,,,,,,,,,,,,,,,,,,,,,,,,,,,,,,,,,,,,,,,,,,,,,,,,,,,,,,,,,,,,,,,,,,,,,,,,,,,,,,,,,,,,,,,,,,,,,,,,,,,,,,,,,,,,,,,,,,,,,,,,,,,,,,,,
ACSSF,2010e1,al,000,0003,0000080,,,,,,,,,,,,,,,,,,,,,,,,,,,,,,,,,,,,,,,,,,,,,,,,,,,,,,,,,,,,,,,,,,,,,,,,,,,,,,,,,,,,,,,,,,,,,,,,,,,,,,,,,,,,,,,,,,,,,,,,,,,,,,,,,,,,,,,,,,,,,,,,,,,,,,,,,,,,,,,,,,,,,,,,,,,,,,,,,,,,,,,,,,,,,,,,,,,,,,,,,,,,,,,,,,,,,,,,,,
ACSSF,2010e1,al,000,0003,0000081,,,,,,,,,,,,,,,,,,,,,,,,,,,,,,,,,,,,,,,,,,,,,,,,,,,,,,,,,,,,,,,,,,,,,,,,,,,,,,,,,,,,,,,,,,,,,,,,,,,,,,,,,,,,,,,,,,,,,,,,,,,,,,,,,,,,,,,,,,,,,,,,,,,,,,,,,,,,,,,,,,,,,,,,,,,,,,,,,,,,,,,,,,,,,,,,,,,,,,,,,,,,,,,,,,,,,,,,,,
ACSSF,2010e1,al,000,0003,0000082,,,,,,,,,,,,,,,,,,,,,,,,,,,,,,,,,,,,,,,,,,,,,,,,,,,,,,,,,,,,,,,,,,,,,,,,,,,,,,,,,,,,,,,,,,,,,,,,,,,,,,,,,,,,,,,,,,,,,,,,,,,,,,,,,,,,,,,,,,,,,,,,,,,,,,,,,,,,,,,,,,,,,,,,,,,,,,,,,,,,,,,,,,,,,,,,,,,,,,,,,,,,,,,,,,,,,,,,,,
ACSSF,2010e1,al,000,0003,0000083,,,,,,,,,,,,,,,,,,,,,,,,,,,,,,,,,,,,,,,,,,,,,,,,,,,,,,,,,,,,,,,,,,,,,,,,,,,,,,,,,,,,,,,,,,,,,,,,,,,,,,,,,,,,,,,,,,,,,,,,,,,,,,,,,,,,,,,,,,,,,,,,,,,,,,,,,,,,,,,,,,,,,,,,,,,,,,,,,,,,,,,,,,,,,,,,,,,,,,,,,,,,,,,,,,,,,,,,,,
ACSSF,2010e1,al,000,0003,0000084,,,,,,,,,,,,,,,,,,,,,,,,,,,,,,,,,,,,,,,,,,,,,,,,,,,,,,,,,,,,,,,,,,,,,,,,,,,,,,,,,,,,,,,,,,,,,,,,,,,,,,,,,,,,,,,,,,,,,,,,,,,,,,,,,,,,,,,,,,,,,,,,,,,,,,,,,,,,,,,,,,,,,,,,,,,,,,,,,,,,,,,,,,,,,,,,,,,,,,,,,,,,,,,,,,,,,,,,,,
ACSSF,2010e1,al,000,0003,0000085,,,,,,,,,,,,,,,,,,,,,,,,,,,,,,,,,,,,,,,,,,,,,,,,,,,,,,,,,,,,,,,,,,,,,,,,,,,,,,,,,,,,,,,,,,,,,,,,,,,,,,,,,,,,,,,,,,,,,,,,,,,,,,,,,,,,,,,,,,,,,,,,,,,,,,,,,,,,,,,,,,,,,,,,,,,,,,,,,,,,,,,,,,,,,,,,,,,,,,,,,,,,,,,,,,,,,,,,,,
ACSSF,2010e1,al,000,0003,0000086,,,,,,,,,,,,,,,,,,,,,,,,,,,,,,,,,,,,,,,,,,,,,,,,,,,,,,,,,,,,,,,,,,,,,,,,,,,,,,,,,,,,,,,,,,,,,,,,,,,,,,,,,,,,,,,,,,,,,,,,,,,,,,,,,,,,,,,,,,,,,,,,,,,,,,,,,,,,,,,,,,,,,,,,,,,,,,,,,,,,,,,,,,,,,,,,,,,,,,,,,,,,,,,,,,,,,,,,,,
ACSSF,2010e1,al,000,0003,0000087,,,,,,,,,,,,,,,,,,,,,,,,,,,,,,,,,,,,,,,,,,,,,,,,,,,,,,,,,,,,,,,,,,,,,,,,,,,,,,,,,,,,,,,,,,,,,,,,,,,,,,,,,,,,,,,,,,,,,,,,,,,,,,,,,,,,,,,,,,,,,,,,,,,,,,,,,,,,,,,,,,,,,,,,,,,,,,,,,,,,,,,,,,,,,,,,,,,,,,,,,,,,,,,,,,,,,,,,,,
ACSSF,2010e1,al,000,0003,0000088,,,,,,,,,,,,,,,,,,,,,,,,,,,,,,,,,,,,,,,,,,,,,,,,,,,,,,,,,,,,,,,,,,,,,,,,,,,,,,,,,,,,,,,,,,,,,,,,,,,,,,,,,,,,,,,,,,,,,,,,,,,,,,,,,,,,,,,,,,,,,,,,,,,,,,,,,,,,,,,,,,,,,,,,,,,,,,,,,,,,,,,,,,,,,,,,,,,,,,,,,,,,,,,,,,,,,,,,,,
ACSSF,2010e1,al,000,0003,0000089,,,,,,,,,,,,,,,,,,,,,,,,,,,,,,,,,,,,,,,,,,,,,,,,,,,,,,,,,,,,,,,,,,,,,,,,,,,,,,,,,,,,,,,,,,,,,,,,,,,,,,,,,,,,,,,,,,,,,,,,,,,,,,,,,,,,,,,,,,,,,,,,,,,,,,,,,,,,,,,,,,,,,,,,,,,,,,,,,,,,,,,,,,,,,,,,,,,,,,,,,,,,,,,,,,,,,,,,,,
ACSSF,2010e1,al,000,0003,0000090,,,,,,,,,,,,,,,,,,,,,,,,,,,,,,,,,,,,,,,,,,,,,,,,,,,,,,,,,,,,,,,,,,,,,,,,,,,,,,,,,,,,,,,,,,,,,,,,,,,,,,,,,,,,,,,,,,,,,,,,,,,,,,,,,,,,,,,,,,,,,,,,,,,,,,,,,,,,,,,,,,,,,,,,,,,,,,,,,,,,,,,,,,,,,,,,,,,,,,,,,,,,,,,,,,,,,,,,,,
ACSSF,2010e1,al,000,0003,0000091,,,,,,,,,,,,,,,,,,,,,,,,,,,,,,,,,,,,,,,,,,,,,,,,,,,,,,,,,,,,,,,,,,,,,,,,,,,,,,,,,,,,,,,,,,,,,,,,,,,,,,,,,,,,,,,,,,,,,,,,,,,,,,,,,,,,,,,,,,,,,,,,,,,,,,,,,,,,,,,,,,,,,,,,,,,,,,,,,,,,,,,,,,,,,,,,,,,,,,,,,,,,,,,,,,,,,,,,,,
ACSSF,2010e1,al,000,0003,0000092,,,,,,,,,,,,,,,,,,,,,,,,,,,,,,,,,,,,,,,,,,,,,,,,,,,,,,,,,,,,,,,,,,,,,,,,,,,,,,,,,,,,,,,,,,,,,,,,,,,,,,,,,,,,,,,,,,,,,,,,,,,,,,,,,,,,,,,,,,,,,,,,,,,,,,,,,,,,,,,,,,,,,,,,,,,,,,,,,,,,,,,,,,,,,,,,,,,,,,,,,,,,,,,,,,,,,,,,,,
ACSSF,2010e1,al,000,0003,0000093,,,,,,,,,,,,,,,,,,,,,,,,,,,,,,,,,,,,,,,,,,,,,,,,,,,,,,,,,,,,,,,,,,,,,,,,,,,,,,,,,,,,,,,,,,,,,,,,,,,,,,,,,,,,,,,,,,,,,,,,,,,,,,,,,,,,,,,,,,,,,,,,,,,,,,,,,,,,,,,,,,,,,,,,,,,,,,,,,,,,,,,,,,,,,,,,,,,,,,,,,,,,,,,,,,,,,,,,,,
ACSSF,2010e1,al,000,0003,0000094,,,,,,,,,,,,,,,,,,,,,,,,,,,,,,,,,,,,,,,,,,,,,,,,,,,,,,,,,,,,,,,,,,,,,,,,,,,,,,,,,,,,,,,,,,,,,,,,,,,,,,,,,,,,,,,,,,,,,,,,,,,,,,,,,,,,,,,,,,,,,,,,,,,,,,,,,,,,,,,,,,,,,,,,,,,,,,,,,,,,,,,,,,,,,,,,,,,,,,,,,,,,,,,,,,,,,,,,,,
ACSSF,2010e1,al,000,0003,0000095,,,,,,,,,,,,,,,,,,,,,,,,,,,,,,,,,,,,,,,,,,,,,,,,,,,,,,,,,,,,,,,,,,,,,,,,,,,,,,,,,,,,,,,,,,,,,,,,,,,,,,,,,,,,,,,,,,,,,,,,,,,,,,,,,,,,,,,,,,,,,,,,,,,,,,,,,,,,,,,,,,,,,,,,,,,,,,,,,,,,,,,,,,,,,,,,,,,,,,,,,,,,,,,,,,,,,,,,,,
ACSSF,2010e1,al,000,0003,0000096,,,,,,,,,,,,,,,,,,,,,,,,,,,,,,,,,,,,,,,,,,,,,,,,,,,,,,,,,,,,,,,,,,,,,,,,,,,,,,,,,,,,,,,,,,,,,,,,,,,,,,,,,,,,,,,,,,,,,,,,,,,,,,,,,,,,,,,,,,,,,,,,,,,,,,,,,,,,,,,,,,,,,,,,,,,,,,,,,,,,,,,,,,,,,,,,,,,,,,,,,,,,,,,,,,,,,,,,,,
ACSSF,2010e1,al,000,0003,0000097,,,,,,,,,,,,,,,,,,,,,,,,,,,,,,,,,,,,,,,,,,,,,,,,,,,,,,,,,,,,,,,,,,,,,,,,,,,,,,,,,,,,,,,,,,,,,,,,,,,,,,,,,,,,,,,,,,,,,,,,,,,,,,,,,,,,,,,,,,,,,,,,,,,,,,,,,,,,,,,,,,,,,,,,,,,,,,,,,,,,,,,,,,,,,,,,,,,,,,,,,,,,,,,,,,,,,,,,,,
ACSSF,2010e1,al,000,0003,0000098,,,,,,,,,,,,,,,,,,,,,,,,,,,,,,,,,,,,,,,,,,,,,,,,,,,,,,,,,,,,,,,,,,,,,,,,,,,,,,,,,,,,,,,,,,,,,,,,,,,,,,,,,,,,,,,,,,,,,,,,,,,,,,,,,,,,,,,,,,,,,,,,,,,,,,,,,,,,,,,,,,,,,,,,,,,,,,,,,,,,,,,,,,,,,,,,,,,,,,,,,,,,,,,,,,,,,,,,,,
