ACSSF,2010e1,al,000,0043,0000001,1895987,100843,92763,112569,197468,223008,318381,243104,146344,62458,83270,39798,17837,127808,130336,1895987,59051,189676,274724,330572,301885,117283,264594,53632,56160,135707,76275,36428,1895987,100843,92763,112569,197468,223008,318381,243104,146344,62458,399049,1895987,248727,274724,330572,301885,117283,264594,109792,135707,112703
ACSSF,2010e1,al,000,0043,0000002,1017929,45157,38762,49680,89274,111895,168943,143269,89342,41549,53881,26037,10620,74728,74792,1017929,30468,122000,179092,202903,173830,56423,122912,18787,22331,47241,29183,12759,1017929,45157,38762,49680,89274,111895,168943,143269,89342,41549,240058,1017929,152468,179092,202903,173830,56423,122912,41118,47241,41942
ACSSF,2010e1,al,000,0043,0000003,878058,55686,54001,62889,108194,111113,149438,99835,57002,20909,29389,13761,7217,53080,55544,878058,28583,67676,95632,127669,128055,60860,141682,34845,33829,88466,47092,23669,878058,55686,54001,62889,108194,111113,149438,99835,57002,20909,158991,878058,96259,95632,127669,128055,60860,141682,68674,88466,70761
ACSSF,2010e1,al,000,0043,0000004,1731876,88008,82307,98839,177961,205351,291291,224415,137890,59200,77251,37514,16622,116544,118683,1731876,49252,163947,252251,305461,286773,111747,245865,48746,51426,121944,64639,29825,1731876,88008,82307,98839,177961,205351,291291,224415,137890,59200,366614,1731876,213199,252251,305461,286773,111747,245865,100172,121944,94464
ACSSF,2010e1,al,000,0043,0000005,1403626,69091,63514,76692,142972,168263,239830,184329,114681,50800,64953,30617,13982,91299,92603,1403626,36324,124841,199142,254673,241796,92441,204372,41042,42050,96818,48675,21452,1403626,69091,63514,76692,142972,168263,239830,184329,114681,50800,293454,1403626,161165,199142,254673,241796,92441,204372,83092,96818,70127
ACSSF,2010e1,al,000,0043,0000006,528844,22088,16067,24202,44178,55542,88099,76248,47656,22273,31275,14769,5054,38554,42839,528844,12789,64147,102201,123240,94608,25813,52574,5666,8596,18724,13049,7437,528844,22088,16067,24202,44178,55542,88099,76248,47656,22273,132491,528844,76936,102201,123240,94608,25813,52574,14262,18724,20486
ACSSF,2010e1,al,000,0043,0000007,874782,47003,47447,52490,98794,112721,151731,108081,67025,28527,33678,15848,8928,52745,49764,874782,23535,60694,96941,131433,147188,66628,151798,35376,33454,78094,35626,14015,874782,47003,47447,52490,98794,112721,151731,108081,67025,28527,160963,874782,84229,96941,131433,147188,66628,151798,68830,78094,49641
ACSSF,2010e1,al,000,0043,0000008,328250,18917,18793,22147,34989,37088,51461,40086,23209,8400,12298,6897,2640,25245,26080,328250,12928,39106,53109,50788,44977,19306,41493,7704,9376,25126,15964,8373,328250,18917,18793,22147,34989,37088,51461,40086,23209,8400,73160,328250,52034,53109,50788,44977,19306,41493,17080,25126,24337
ACSSF,2010e1,al,000,0043,0000009,108194,4286,5909,5918,7979,12246,16471,15922,9467,4284,5584,2796,503,7673,9156,108194,4830,19903,22788,14353,13844,5035,10993,1753,2699,5941,4092,1963,108194,4286,5909,5918,7979,12246,16471,15922,9467,4284,25712,108194,24733,22788,14353,13844,5035,10993,4452,5941,6055
ACSSF,2010e1,al,000,0043,0000010,220056,14631,12884,16229,27010,24842,34990,24164,13742,4116,6714,4101,2137,17572,16924,220056,8098,19203,30321,36435,31133,14271,30500,5951,6677,19185,11872,6410,220056,14631,12884,16229,27010,24842,34990,24164,13742,4116,47448,220056,27301,30321,36435,31133,14271,30500,12628,19185,18282
ACSSF,2010e1,al,000,0043,0000011,164111,12835,10456,13730,19507,17657,27090,18689,8454,3258,6019,2284,1215,11264,11653,164111,9799,25729,22473,25111,15112,5536,18729,4886,4734,13763,11636,6603,164111,12835,10456,13730,19507,17657,27090,18689,8454,3258,32435,164111,35528,22473,25111,15112,5536,18729,9620,13763,18239
ACSSF,2010e1,al,000,0043,0000012,492361,31752,29249,35877,54496,54745,78551,58775,31663,11658,18317,9181,3855,36509,37733,492361,22727,64835,75582,75899,60089,24842,60222,12590,14110,38889,27600,14976,492361,31752,29249,35877,54496,54745,78551,58775,31663,11658,105595,492361,87562,75582,75899,60089,24842,60222,26700,38889,42576
ACSSF,2010e1,al,000,0043,0000013,72896,3724,3223,3182,8405,7953,11246,10177,6179,2169,3210,1972,650,5044,5762,72896,2918,6122,9330,9960,11579,4595,11349,1577,3650,5477,4320,2019,72896,3724,3223,3182,8405,7953,11246,10177,6179,2169,16638,72896,9040,9330,9960,11579,4595,11349,5227,5477,6339
ACSSF,2010e1,al,000,0043,0000014,41396,4134,3129,3937,4119,3412,4559,4522,2448,2037,2410,813,247,3182,2447,41396,3645,2700,7704,7048,5778,3286,4988,1606,825,2580,1073,163,41396,4134,3129,3937,4119,3412,4559,4522,2448,2037,9099,41396,6345,7704,7048,5778,3286,4988,2431,2580,1236
ACSSF,2010e1,al,000,0043,0000015,28608,2158,1476,2159,2069,3329,5458,2646,2435,740,1072,83,73,3134,1776,28608,903,3808,4920,5016,4313,1527,2520,286,523,2173,1745,874,28608,2158,1476,2159,2069,3329,5458,2646,2435,740,6138,28608,4711,4920,5016,4313,1527,2520,809,2173,2619
ACSSF,2010e1,al,000,0043,0000016,26537,2365,1471,1732,2208,2907,4710,2721,1584,501,949,683,0,2762,1944,26537,840,3913,4178,4489,2795,2781,3248,389,412,1880,862,750,26537,2365,1471,1732,2208,2907,4710,2721,1584,501,6338,26537,4753,4178,4489,2795,2781,3248,801,1880,1612
ACSSF,2010e1,al,000,0043,0000017,33226,1793,1036,2401,2965,4862,8731,3453,2591,359,994,901,310,1288,1542,33226,925,2163,1756,4242,5352,3039,6982,1511,1827,3877,822,730,33226,1793,1036,2401,2965,4862,8731,3453,2591,359,5035,33226,3088,1756,4242,5352,3039,6982,3338,3877,1552
ACSSF,2010e1,al,000,0043,0000018,36590,2480,1636,2406,3847,4027,5535,4229,2308,706,1636,780,976,2757,3267,36590,340,4110,6107,9198,5328,1486,3499,342,666,2624,2133,757,36590,2480,1636,2406,3847,4027,5535,4229,2308,706,9416,36590,4450,6107,9198,5328,1486,3499,1008,2624,2890
ACSSF,2010e1,al,000,0043,0000019,44014,2197,1569,2788,4210,6476,6478,6147,3662,643,1777,991,316,2829,3931,44014,1184,5463,10641,8729,6868,1422,5882,398,473,1846,553,555,44014,2197,1569,2788,4210,6476,6478,6147,3662,643,9844,44014,6647,10641,8729,6868,1422,5882,871,1846,1108
ACSSF,2010e1,al,000,0043,0000020,277284,11876,10259,10855,25797,27677,48704,44417,28757,11192,14119,7090,2502,16868,17171,277284,4561,19272,38457,51621,56447,17453,47271,8020,7512,15896,7701,3073,277284,11876,10259,10855,25797,27677,48704,44417,28757,11192,57750,277284,23833,38457,51621,56447,17453,47271,15532,15896,10774
ACSSF,2010e1,al,000,0043,0000021,37930,1978,1546,1987,4645,3879,5332,4715,3167,1801,1317,857,390,3581,2735,37930,934,5072,6267,6418,3155,2110,5201,1134,1470,3244,2274,651,37930,1978,1546,1987,4645,3879,5332,4715,3167,1801,8880,37930,6006,6267,6418,3155,2110,5201,2604,3244,2925
ACSSF,2010e1,al,000,0043,0000022,60751,1920,3413,1941,3824,4994,10391,8417,6456,2953,2613,2392,1582,4880,4975,60751,1897,8922,10729,11103,8593,3842,7235,1215,602,3522,1713,1378,60751,1920,3413,1941,3824,4994,10391,8417,6456,2953,16442,60751,10819,10729,11103,8593,3842,7235,1817,3522,3091
ACSSF,2010e1,al,000,0043,0000023,33207,1453,2499,2646,3106,5286,6724,3564,2320,1006,665,202,277,1655,1804,33207,1057,2583,4412,5124,6321,1939,4791,975,1729,2535,1659,82,33207,1453,2499,2646,3106,5286,6724,3564,2320,1006,4603,33207,3640,4412,5124,6321,1939,4791,2704,2535,1741
ACSSF,2010e1,al,000,0043,0000024,150570,5033,5367,7885,14948,17654,26655,22683,12519,6769,8921,4890,1878,8200,7168,150570,3332,14020,20616,33749,33067,13188,18958,2641,2689,4986,1677,1647,150570,5033,5367,7885,14948,17654,26655,22683,12519,6769,31057,150570,17352,20616,33749,33067,13188,18958,5330,4986,3324
ACSSF,2010e1,al,000,0043,0000025,36711,1751,3741,2805,3986,4137,6261,3078,2500,430,1139,770,880,2736,2497,36711,1722,5369,6040,5103,3146,791,3976,1854,1069,4658,1853,1130,36711,1751,3741,2805,3986,4137,6261,3078,2500,430,8022,36711,7091,6040,5103,3146,791,3976,2923,4658,2983
ACSSF,2010e1,al,000,0043,0000026,162973,11003,8037,9357,17715,21564,26609,19687,10393,5989,8071,3115,929,9810,10694,162973,3788,12801,22668,29889,31251,10832,25063,3815,4646,10348,5286,2586,162973,11003,8037,9357,17715,21564,26609,19687,10393,5989,32619,162973,16589,22668,29889,31251,10832,25063,8461,10348,7872
ACSSF,2010e1,al,000,0043,0000027,95288,3485,2241,3887,7362,12004,17721,14352,6409,3432,4900,2272,782,7319,9122,95288,1259,10185,16106,25209,17966,6579,9465,1231,1473,2632,1300,1883,95288,3485,2241,3887,7362,12004,17721,14352,6409,3432,24395,95288,11444,16106,25209,17966,6579,9465,2704,2632,3183
ACSSF,2010e1,al,000,0043,0000028,51199,2112,2006,4032,5232,6522,6709,6181,4920,1661,1755,1184,658,3897,4330,51199,1716,5467,8990,6698,6226,2939,7934,2282,2942,4417,1218,370,51199,2112,2006,4032,5232,6522,6709,6181,4920,1661,11824,51199,7183,8990,6698,6226,2939,7934,5224,4417,1588
ACSSF,2010e1,al,000,0043,0000029,35067,2033,2533,2551,5451,5476,5897,3085,2144,720,1204,436,117,2026,1394,35067,663,1942,2898,3837,4654,2796,6215,2384,1345,6331,1344,658,35067,2033,2533,2551,5451,5476,5897,3085,2144,720,5177,35067,2605,2898,3837,4654,2796,6215,3729,6331,2002
ACSSF,2010e1,al,000,0043,0000030,90212,3137,3835,4569,10739,10927,17486,10936,7339,4206,5050,1284,985,5063,4656,90212,2652,6875,8460,10761,11296,5272,16935,4568,4660,10689,5598,2446,90212,3137,3835,4569,10739,10927,17486,10936,7339,4206,17038,90212,9527,8460,10761,11296,5272,16935,9228,10689,8044
ACSSF,2010e1,al,000,0043,0000031,26193,1222,1973,2667,2465,3557,3801,3348,1291,700,860,311,156,1851,1991,26193,1051,3676,4187,3548,3692,3024,2764,663,574,865,1452,697,26193,1222,1973,2667,2465,3557,3801,3348,1291,700,5169,26193,4727,4187,3548,3692,3024,2764,1237,865,2149
ACSSF,2010e1,al,000,0043,0000032,81598,2968,3331,2897,8999,11466,14862,11124,8078,3227,2674,1025,297,4976,5674,81598,1676,8351,12341,18147,17920,4961,8121,789,2133,3869,2328,962,81598,2968,3331,2897,8999,11466,14862,11124,8078,3227,14646,81598,10027,12341,18147,17920,4961,8121,2922,3869,3290
ACSSF,2010e1,al,000,0043,0000033,21541,1729,1460,1558,1949,3203,2543,1474,1756,773,485,599,333,2197,1482,21541,540,1539,2820,3900,2011,901,2802,550,1028,2728,2115,607,21541,1729,1460,1558,1949,3203,2543,1474,1756,773,5096,21541,2079,2820,3900,2011,901,2802,1578,2728,2722
ACSSF,2010e1,al,000,0043,0000034,81271,4120,2770,2971,7167,7182,13996,11749,8142,3037,4582,1884,462,5468,7741,81271,981,5239,13089,18829,18553,4311,11694,787,1050,3079,2580,1079,81271,4120,2770,2971,7167,7182,13996,11749,8142,3037,20137,81271,6220,13089,18829,18553,4311,11694,1837,3079,3659
ACSSF,2010e1,al,000,0043,0000035,27434,1481,1037,1894,2110,2749,4100,4280,2370,490,1288,816,299,1901,2619,27434,722,4383,9022,5858,2810,735,1835,249,250,1023,314,233,27434,1481,1037,1894,2110,2749,4100,4280,2370,490,6923,27434,5105,9022,5858,2810,735,1835,499,1023,547
ACSSF,2010e1,al,000,0043,0000036,35273,664,880,1495,2227,2581,7957,6820,4695,2055,2575,790,257,1010,1267,35273,906,3135,4784,6351,7338,2078,5702,1053,902,1337,817,870,35273,664,880,1495,2227,2581,7957,6820,4695,2055,5899,35273,4041,4784,6351,7338,2078,5702,1955,1337,1687
ACSSF,2010e1,al,000,0043,0000037,81679,2242,3058,3277,7193,8976,13395,10969,8175,4135,6788,3180,749,5101,4441,81679,1999,10083,13034,23212,16593,4032,7434,516,847,1873,943,1113,81679,2242,3058,3277,7193,8976,13395,10969,8175,4135,20259,81679,12082,13034,23212,16593,4032,7434,1363,1873,2056
ACSSF,2010e1,al,000,0043,0000038,76556,4748,1432,4722,7561,8486,11585,11283,5348,3303,4933,1597,486,5838,5234,76556,1537,8108,15185,14171,16072,3423,8506,1038,1190,3758,2687,881,76556,4748,1432,4722,7561,8486,11585,11283,5348,3303,18088,76556,9645,15185,14171,16072,3423,8506,2228,3758,3568
ACSSF,2010e1,al,000,0043,0000039,86026,3429,1802,3614,6501,10360,15806,12774,5833,3140,4354,2103,735,6793,8782,86026,1137,10138,14952,23527,16548,5945,7322,873,1021,1692,1130,1741,86026,3429,1802,3614,6501,10360,15806,12774,5833,3140,22767,86026,11275,14952,23527,16548,5945,7322,1894,1692,2871
ACSSF,2010e1,al,000,0043,0000040,36571,499,1228,832,4108,4706,5965,5602,4367,1494,1682,841,297,1941,3009,36571,921,6302,5719,10887,6379,1629,1398,124,805,1412,995,0,36571,499,1228,832,4108,4706,5965,5602,4367,1494,7770,36571,7223,5719,10887,6379,1629,1398,929,1412,995
ACSSF,2010e1,al,000,0043,0000041,81271,4120,2770,2971,7167,7182,13996,11749,8142,3037,4582,1884,462,5468,7741,81271,981,5239,13089,18829,18553,4311,11694,787,1050,3079,2580,1079,81271,4120,2770,2971,7167,7182,13996,11749,8142,3037,20137,81271,6220,13089,18829,18553,4311,11694,1837,3079,3659
ACSSF,2010e1,al,000,0043,0000042,35273,664,880,1495,2227,2581,7957,6820,4695,2055,2575,790,257,1010,1267,35273,906,3135,4784,6351,7338,2078,5702,1053,902,1337,817,870,35273,664,880,1495,2227,2581,7957,6820,4695,2055,5899,35273,4041,4784,6351,7338,2078,5702,1955,1337,1687
ACSSF,2010e1,al,000,0043,0000043,26949,1481,1037,1894,2110,2749,3920,4081,2317,490,1288,763,299,1901,2619,26949,722,4293,8823,5715,2810,735,1835,249,250,970,314,233,26949,1481,1037,1894,2110,2749,3920,4081,2317,490,6870,26949,5015,8823,5715,2810,735,1835,499,970,547
ACSSF,2010e1,al,000,0043,0000044,81679,2242,3058,3277,7193,8976,13395,10969,8175,4135,6788,3180,749,5101,4441,81679,1999,10083,13034,23212,16593,4032,7434,516,847,1873,943,1113,81679,2242,3058,3277,7193,8976,13395,10969,8175,4135,20259,81679,12082,13034,23212,16593,4032,7434,1363,1873,2056
ACSSF,2010e1,al,000,0043,0000045,76556,4748,1432,4722,7561,8486,11585,11283,5348,3303,4933,1597,486,5838,5234,76556,1537,8108,15185,14171,16072,3423,8506,1038,1190,3758,2687,881,76556,4748,1432,4722,7561,8486,11585,11283,5348,3303,18088,76556,9645,15185,14171,16072,3423,8506,2228,3758,3568
ACSSF,2010e1,al,000,0043,0000046,86026,3429,1802,3614,6501,10360,15806,12774,5833,3140,4354,2103,735,6793,8782,86026,1137,10138,14952,23527,16548,5945,7322,873,1021,1692,1130,1741,86026,3429,1802,3614,6501,10360,15806,12774,5833,3140,22767,86026,11275,14952,23527,16548,5945,7322,1894,1692,2871
ACSSF,2010e1,al,000,0043,0000047,36571,499,1228,832,4108,4706,5965,5602,4367,1494,1682,841,297,1941,3009,36571,921,6302,5719,10887,6379,1629,1398,124,805,1412,995,0,36571,499,1228,832,4108,4706,5965,5602,4367,1494,7770,36571,7223,5719,10887,6379,1629,1398,929,1412,995
ACSSF,2010e1,al,000,0043,0000048,264267,17854,12682,14796,29057,32681,43595,32867,17638,8973,12647,5254,1685,16120,18418,264267,7501,23981,37194,43388,45423,16653,39398,5861,8801,18301,11763,6003,264267,17854,12682,14796,29057,32681,43595,32867,17638,8973,54124,264267,31482,37194,43388,45423,16653,39398,14662,18301,17766
ACSSF,2010e1,al,000,0043,0000049,275092,13715,10772,16541,28153,34705,50131,36547,17682,6049,9829,6144,2308,18781,23735,275092,9644,33467,43884,50058,40867,15709,37861,5799,6639,16517,10069,4578,275092,13715,10772,16541,28153,34705,50131,36547,17682,6049,60797,275092,43111,43884,50058,40867,15709,37861,12438,16517,14647
ACSSF,2010e1,al,000,0043,0000050,255929,13710,13833,16367,24505,27428,39199,32244,18536,10212,11714,5451,3496,20173,19061,255929,9980,26590,41175,44478,39356,18588,32442,8288,5491,15169,9309,5063,255929,13710,13833,16367,24505,27428,39199,32244,18536,10212,59895,255929,36570,41175,44478,39356,18588,32442,13779,15169,14372
ACSSF,2010e1,al,000,0043,0000051,239829,17238,17170,18875,23233,27889,38890,24330,16531,4693,8077,3988,2621,19660,16634,239829,7957,27307,32545,40440,27822,12139,29700,8169,6970,25194,14136,7450,239829,17238,17170,18875,23233,27889,38890,24330,16531,4693,50980,239829,35264,32545,40440,27822,12139,29700,15139,25194,21586
ACSSF,2010e1,al,000,0043,0000052,304034,12436,13979,19422,32333,36059,50252,39859,24332,11857,14759,8084,3280,19140,18242,304034,8943,31493,46886,57044,52272,20983,39184,7369,10087,16775,9099,3899,304034,12436,13979,19422,32333,36059,50252,39859,24332,11857,63505,304034,40436,46886,57044,52272,20983,39184,17456,16775,12998
ACSSF,2010e1,al,000,0043,0000053,329345,13949,14434,16442,34413,38145,62090,48107,30938,12880,17158,5935,2271,18285,14298,329345,8183,24212,39672,50399,52065,21314,57308,13343,11660,31585,13128,6476,329345,13949,14434,16442,34413,38145,62090,48107,30938,12880,57947,329345,32395,39672,50399,52065,21314,57308,25003,31585,19604
ACSSF,2010e1,al,000,0043,0000054,227491,11941,9893,10126,25774,26101,34224,29150,20687,7794,9086,4942,2176,15649,19948,227491,6843,22626,33368,44765,44080,11897,28701,4803,6512,12166,8771,2959,227491,11941,9893,10126,25774,26101,34224,29150,20687,7794,51801,227491,29469,33368,44765,44080,11897,28701,11315,12166,11730
ACSSF,2010e1,al,000,0043,0000055,58674,2587,2631,3249,7222,6463,9655,7329,4527,2187,2204,1115,476,4842,4187,58674,1931,7230,10294,10320,5539,2540,8526,1560,1958,4148,3388,1240,58674,2587,2631,3249,7222,6463,9655,7329,4527,2187,12824,58674,9161,10294,10320,5539,2540,8526,3518,4148,4628
ACSSF,2010e1,al,000,0043,0000056,78695,2205,2660,3160,6974,8409,12620,10625,8060,4081,6520,3101,635,5204,4441,78695,1999,10026,12749,22469,16145,3793,6650,478,766,1691,816,1113,78695,2205,2660,3160,6974,8409,12620,10625,8060,4081,19901,78695,12025,12749,22469,16145,3793,6650,1244,1691,1929
ACSSF,2010e1,al,000,0043,0000057,105082,4281,5206,7371,11080,14531,20759,15622,6779,3694,3066,1991,1520,4651,4531,105082,2390,6577,12279,16404,23243,11334,17099,3138,3652,5830,2520,616,105082,4281,5206,7371,11080,14531,20759,15622,6779,3694,15759,105082,8967,12279,16404,23243,11334,17099,6790,5830,3136
ACSSF,2010e1,al,000,0043,0000058,47428,3702,3548,4224,4360,4817,7303,4681,2812,983,2190,1470,92,3804,3442,47428,2111,5896,7351,6849,5650,3696,5844,1181,1362,4236,1899,1353,47428,3702,3548,4224,4360,4817,7303,4681,2812,983,10998,47428,8007,7351,6849,5650,3696,5844,2543,4236,3252
ACSSF,2010e1,al,000,0043,0000059,73274,4348,5672,5829,6694,8375,13569,6536,5301,1510,2361,1233,953,6173,4720,73274,3394,9742,11440,11644,8219,2558,7173,2605,1735,7959,4338,2467,73274,4348,5672,5829,6694,8375,13569,6536,5301,1510,15440,73274,13136,11440,11644,8219,2558,7173,4340,7959,6805
ACSSF,2010e1,al,000,0043,0000060,62818,2839,2642,5057,6661,7747,8207,7432,6172,1962,2477,1215,751,4581,5075,62818,1944,7008,10415,8409,7684,4114,8661,3215,3589,5466,1772,541,62818,2839,2642,5057,6661,7747,8207,7432,6172,1962,14099,62818,8952,10415,8409,7684,4114,8661,6804,5466,2313
ACSSF,2010e1,al,000,0043,0000061,44329,3311,3873,3556,5386,5435,6881,4886,1985,314,1410,330,124,4165,2673,44329,1947,6551,5362,6903,4002,1661,6554,1092,1950,3770,2339,2198,44329,3311,3873,3556,5386,5435,6881,4886,1985,314,8702,44329,8498,5362,6903,4002,1661,6554,3042,3770,4537
ACSSF,2010e1,al,000,0043,0000062,77479,6120,5847,6125,9180,10665,11775,6303,5401,1902,2558,1363,518,5500,4222,77479,1900,4616,7849,9956,8945,4977,11440,4555,3006,12751,5879,1605,77479,6120,5847,6125,9180,10665,11775,6303,5401,1902,14161,77479,6516,7849,9956,8945,4977,11440,7561,12751,7484
ACSSF,2010e1,al,000,0043,0000063,36100,1711,2020,1135,2623,2881,5441,4922,4536,1767,2275,1143,256,1892,3498,36100,715,2952,6281,9655,6768,1250,4592,452,356,1379,1091,609,36100,1711,2020,1135,2623,2881,5441,4922,4536,1767,9064,36100,3667,6281,9655,6768,1250,4592,808,1379,1700
ACSSF,2010e1,al,000,0043,0000064,35536,1635,1031,1529,3901,3188,5885,4756,3223,1317,1201,1057,201,3235,3377,35536,210,2783,5487,7779,7660,2401,6036,688,375,1417,700,0,35536,1635,1031,1529,3901,3188,5885,4756,3223,1317,9071,35536,2993,5487,7779,7660,2401,6036,1063,1417,700
ACSSF,2010e1,al,000,0043,0000065,79054,1014,1056,2845,5495,7156,14347,16146,11017,4746,5636,1957,482,3157,4000,79054,1652,7936,15244,16730,16475,3856,10707,1471,970,1704,1452,857,79054,1014,1056,2845,5495,7156,14347,16146,11017,4746,15232,79054,9588,15244,16730,16475,3856,10707,2441,1704,2309
ACSSF,2010e1,al,000,0043,0000066,82073,4703,4006,3744,9554,9362,14118,11153,6492,1692,3119,2330,738,6618,4444,82073,1486,3224,8136,10984,15203,7102,17468,3159,3815,7207,2992,1297,82073,4703,4006,3744,9554,9362,14118,11153,6492,1692,17249,82073,4710,8136,10984,15203,7102,17468,6974,7207,4289
ACSSF,2010e1,al,000,0043,0000067,44521,2813,2146,1602,4224,5090,8913,7440,3489,1670,1888,603,825,1966,1852,44521,498,2377,3309,6473,10341,2844,8468,2250,1996,4189,1466,310,44521,2813,2146,1602,4224,5090,8913,7440,3489,1670,7134,44521,2875,3309,6473,10341,2844,8468,4246,4189,1776
ACSSF,2010e1,al,000,0043,0000068,36590,2480,1636,2406,3847,4027,5535,4229,2308,706,1636,780,976,2757,3267,36590,340,4110,6107,9198,5328,1486,3499,342,666,2624,2133,757,36590,2480,1636,2406,3847,4027,5535,4229,2308,706,9416,36590,4450,6107,9198,5328,1486,3499,1008,2624,2890
ACSSF,2010e1,al,000,0043,0000069,52273,3995,4367,5341,4871,6016,7238,5669,2858,1499,1849,502,324,3358,4386,52273,2762,6325,7869,7014,6632,3797,5694,2898,1146,3318,3450,1368,52273,3995,4367,5341,4871,6016,7238,5669,2858,1499,10419,52273,9087,7869,7014,6632,3797,5694,4044,3318,4818
ACSSF,2010e1,al,000,0043,0000070,41396,4134,3129,3937,4119,3412,4559,4522,2448,2037,2410,813,247,3182,2447,41396,3645,2700,7704,7048,5778,3286,4988,1606,825,2580,1073,163,41396,4134,3129,3937,4119,3412,4559,4522,2448,2037,9099,41396,6345,7704,7048,5778,3286,4988,2431,2580,1236
ACSSF,2010e1,al,000,0043,0000071,90212,3137,3835,4569,10739,10927,17486,10936,7339,4206,5050,1284,985,5063,4656,90212,2652,6875,8460,10761,11296,5272,16935,4568,4660,10689,5598,2446,90212,3137,3835,4569,10739,10927,17486,10936,7339,4206,17038,90212,9527,8460,10761,11296,5272,16935,9228,10689,8044
ACSSF,2010e1,al,000,0043,0000072,81598,2968,3331,2897,8999,11466,14862,11124,8078,3227,2674,1025,297,4976,5674,81598,1676,8351,12341,18147,17920,4961,8121,789,2133,3869,2328,962,81598,2968,3331,2897,8999,11466,14862,11124,8078,3227,14646,81598,10027,12341,18147,17920,4961,8121,2922,3869,3290
ACSSF,2010e1,al,000,0043,0000073,39074,2541,2186,3255,4928,4843,5320,4881,2832,503,970,866,391,2449,3109,39074,3671,5859,6315,5253,4007,1522,3506,1020,1795,3305,1760,1061,39074,2541,2186,3255,4928,4843,5320,4881,2832,503,7785,39074,9530,6315,5253,4007,1522,3506,2815,3305,2821
ACSSF,2010e1,al,000,0043,0000074,48061,3858,2518,3702,7235,4818,5757,5764,3179,1175,2417,489,129,2662,4358,48061,1323,3339,7152,7600,5634,2298,7117,1400,1550,5157,3456,2035,48061,3858,2518,3702,7235,4818,5757,5764,3179,1175,10055,48061,4662,7152,7600,5634,2298,7117,2950,5157,5491
ACSSF,2010e1,al,000,0043,0000075,60751,1920,3413,1941,3824,4994,10391,8417,6456,2953,2613,2392,1582,4880,4975,60751,1897,8922,10729,11103,8593,3842,7235,1215,602,3522,1713,1378,60751,1920,3413,1941,3824,4994,10391,8417,6456,2953,16442,60751,10819,10729,11103,8593,3842,7235,1817,3522,3091
ACSSF,2010e1,al,000,0043,0000076,73645,3577,2037,4226,8183,8110,11942,8784,4853,2870,2886,1713,1328,7431,5705,73645,2715,8952,11533,12312,9645,3953,10428,2489,1833,4589,4648,548,73645,3577,2037,4226,8183,8110,11942,8784,4853,2870,19063,73645,11667,11533,12312,9645,3953,10428,4322,4589,5196
ACSSF,2010e1,al,000,0043,0000077,85036,3429,1802,3614,6501,10245,15571,12337,5787,3140,4197,2103,735,6793,8782,85036,1137,10138,14574,23326,16226,5945,7233,873,1021,1692,1130,1741,85036,3429,1802,3614,6501,10245,15571,12337,5787,3140,22610,85036,11275,14574,23326,16226,5945,7233,1894,1692,2871
ACSSF,2010e1,al,000,0043,0000078,67862,2523,3198,4150,6727,10378,15680,7976,4718,898,2527,1447,716,3193,3731,67862,2002,4372,5162,8883,11285,6012,14407,2856,3502,6042,2349,990,67862,2523,3198,4150,6727,10378,15680,7976,4718,898,11614,67862,6374,5162,8883,11285,6012,14407,6358,6042,3339
ACSSF,2010e1,al,000,0043,0000079,45610,3961,2566,3332,6992,4642,7896,4807,2120,1385,1894,282,234,2231,3268,45610,1846,7752,7133,6075,3515,2442,5089,647,605,4664,3671,2171,45610,3961,2566,3332,6992,4642,7896,4807,2120,1385,7909,45610,9598,7133,6075,3515,2442,5089,1252,4664,5842
ACSSF,2010e1,al,000,0043,0000080,74295,4421,1349,4722,7396,8368,11065,11075,5085,3303,4933,1597,486,5648,4847,74295,1478,8041,15111,14171,15427,3206,7675,1038,1190,3675,2402,881,74295,4421,1349,4722,7396,8368,11065,11075,5085,3303,17511,74295,9519,15111,14171,15427,3206,7675,2228,3675,3283
ACSSF,2010e1,al,000,0043,0000081,88678,6582,6688,4635,10319,13196,15544,8612,5308,2686,3138,1518,443,4162,5847,88678,2310,4760,7557,15718,15824,7626,17388,2777,3456,6673,2884,1705,88678,6582,6688,4635,10319,13196,15544,8612,5308,2686,15108,88678,7070,7557,15718,15824,7626,17388,6233,6673,4589
ACSSF,2010e1,al,000,0043,0000082,72896,3724,3223,3182,8405,7953,11246,10177,6179,2169,3210,1972,650,5044,5762,72896,2918,6122,9330,9960,11579,4595,11349,1577,3650,5477,4320,2019,72896,3724,3223,3182,8405,7953,11246,10177,6179,2169,16638,72896,9040,9330,9960,11579,4595,11349,5227,5477,6339
ACSSF,2010e1,al,000,0043,0000083,46687,2759,2139,2812,5470,6371,8500,7427,2271,551,1456,601,128,3361,2841,46687,2659,7386,6570,5879,7297,2033,6537,748,1300,3012,2007,1259,46687,2759,2139,2812,5470,6371,8500,7427,2271,551,8387,46687,10045,6570,5879,7297,2033,6537,2048,3012,3266
ACSSF,2010e1,al,000,0043,0000084,66260,3565,3008,4422,5559,9123,10316,8536,4731,1325,2505,1506,615,4830,6219,66260,1843,8754,14881,13549,10025,2881,8175,945,696,3072,701,738,66260,3565,3008,4422,5559,9123,10316,8536,4731,1325,15675,66260,10597,14881,13549,10025,2881,8175,1641,3072,1439
ACSSF,2010e1,al,000,0043,0000085,34619,506,880,1495,2227,2484,7739,6820,4514,2055,2575,790,257,1010,1267,34619,906,2954,4784,6145,7287,2078,5605,1053,783,1337,817,870,34619,506,880,1495,2227,2484,7739,6820,4514,2055,5899,34619,3860,4784,6145,7287,2078,5605,1836,1337,1687
ACSSF,2010e1,al,000,0043,0000086,72896,3724,3223,3182,8405,7953,11246,10177,6179,2169,3210,1972,650,5044,5762,72896,2918,6122,9330,9960,11579,4595,11349,1577,3650,5477,4320,2019,72896,3724,3223,3182,8405,7953,11246,10177,6179,2169,16638,72896,9040,9330,9960,11579,4595,11349,5227,5477,6339
ACSSF,2010e1,al,000,0043,0000087,81271,4120,2770,2971,7167,7182,13996,11749,8142,3037,4582,1884,462,5468,7741,81271,981,5239,13089,18829,18553,4311,11694,787,1050,3079,2580,1079,81271,4120,2770,2971,7167,7182,13996,11749,8142,3037,20137,81271,6220,13089,18829,18553,4311,11694,1837,3079,3659
ACSSF,2010e1,al,000,0043,0000088,21621,1889,1187,1704,1819,2481,4155,1490,1321,568,789,0,73,2728,1417,21621,587,2257,2917,3821,3897,1374,2438,286,363,1727,1274,680,21621,1889,1187,1704,1819,2481,4155,1490,1321,568,5007,21621,2844,2917,3821,3897,1374,2438,649,1727,1954
ACSSF,2010e1,al,000,0043,0000089,27434,1481,1037,1894,2110,2749,4100,4280,2370,490,1288,816,299,1901,2619,27434,722,4383,9022,5858,2810,735,1835,249,250,1023,314,233,27434,1481,1037,1894,2110,2749,4100,4280,2370,490,6923,27434,5105,9022,5858,2810,735,1835,499,1023,547
ACSSF,2010e1,al,000,0043,0000090,30848,1529,880,2262,2725,4499,8085,3377,2374,254,874,901,310,1288,1490,30848,925,1710,1642,3856,5162,3026,6740,1440,1496,3337,822,692,30848,1529,880,2262,2725,4499,8085,3377,2374,254,4863,30848,2635,1642,3856,5162,3026,6740,2936,3337,1514
ACSSF,2010e1,al,000,0043,0000091,77056,2205,2508,3105,6934,8452,12360,11595,6868,4135,6295,2851,635,4841,4272,77056,1749,9675,12116,22202,15866,3663,7030,478,657,1691,816,1113,77056,2205,2508,3105,6934,8452,12360,11595,6868,4135,18894,77056,11424,12116,22202,15866,3663,7030,1135,1691,1929
ACSSF,2010e1,al,000,0043,0000092,103492,5702,5255,3878,11430,12215,18113,15021,8323,2850,3536,3008,1083,7726,5352,103492,2031,5374,9022,13578,19719,7835,22852,5101,4337,9654,3059,930,103492,5702,5255,3878,11430,12215,18113,15021,8323,2850,20705,103492,7405,9022,13578,19719,7835,22852,9438,9654,3989
ACSSF,2010e1,al,000,0043,0000093,54574,2229,2663,3653,7195,6864,9952,7470,4075,1746,1704,1611,885,2046,2481,54574,983,3038,3633,8540,11946,7726,10447,2163,1912,2965,744,477,54574,2229,2663,3653,7195,6864,9952,7470,4075,1746,8727,54574,4021,3633,8540,11946,7726,10447,4075,2965,1221
ACSSF,2010e1,al,000,0043,0000094,157161,10818,8037,9006,16854,20590,25765,18773,9958,5443,7598,3115,929,9581,10694,157161,2958,11720,22204,28733,30602,10177,24496,3735,4519,10255,5176,2586,157161,10818,8037,9006,16854,20590,25765,18773,9958,5443,31917,157161,14678,22204,28733,30602,10177,24496,8254,10255,7762
ACSSF,2010e1,al,000,0043,0000095,94705,3431,2241,3887,7344,11895,17595,14299,6396,3416,4881,2272,782,7260,9006,94705,1000,9956,16088,25190,17926,6579,9465,1231,1473,2632,1300,1865,94705,3431,2241,3887,7344,11895,17595,14299,6396,3416,24201,94705,10956,16088,25190,17926,6579,9465,2704,2632,3165
ACSSF,2010e1,al,000,0043,0000096,80563,3020,3523,4185,10300,10080,14794,8965,6316,3661,4608,1219,914,4504,4474,80563,2461,6284,7811,9371,9156,4792,14752,4364,4117,10120,5141,2194,80563,3020,3523,4185,10300,10080,14794,8965,6316,3661,15719,80563,8745,7811,9371,9156,4792,14752,8481,10120,7335
ACSSF,2010e1,al,000,0043,0000097,36322,499,1055,832,3840,4584,6058,5414,4332,1494,1682,841,297,2385,3009,36322,921,6302,5719,10826,6301,1629,1574,124,626,1342,958,0,36322,499,1055,832,3840,4584,6058,5414,4332,1494,8214,36322,7223,5719,10826,6301,1629,1574,750,1342,958
ACSSF,2010e1,al,000,0043,0000098,45276,2469,2276,2065,5159,6882,8804,5710,3746,1733,992,184,0,2591,2665,45276,755,2049,6622,7321,11619,3332,6547,665,1507,2527,1370,962,45276,2469,2276,2065,5159,6882,8804,5710,3746,1733,6432,45276,2804,6622,7321,11619,3332,6547,2172,2527,2332
