ACSSF,2010e1,al,000,0051,0000001,3849111,1122601,1072509,50092,1854337,1766218,88119,108253,104505,3748,280549,276442,4107,483371,473705,9666,3785555,1059313,565212,342626,267451,75175,222586,494101,295725,239823,55902,198376,1854082,933815,670578,629401,41177,263237,920267,527770,489230,38540,392497,108240,45847,30482,25590,4892,15365,62393,38512,30867,7645,23881,280549,55075,12481,11226,1255,42594,225474,40405,37585,2820,185069,483371,210866,133692,115741,17951,77174,272505,167195,147169,20026,105310,27.4,25.8,,,,,,,,,,,,,,,,,,,3849111,1844661,598916,1245745,37747,1207998,2004450,523685,1480765,37587,1443178,3849111,1844661,598916,1245745,7521,1238224,2004450,523685,1480765,20159,1460606,3849111,1844661,598916,1245745,23024,1222721,2004450,523685,1480765,25806,1454959,19.0,19.2,20.0,10.6,13.7,18.8,19.9,10.2,11.5,3849111,1844661,598916,1245745,857482,284866,103397,2004450,523685,1480765,1016066,339727,124972
ACSSF,2010e1,al,000,0051,0000002,2017976,680693,641958,38735,851826,792888,58938,60029,57204,2825,149699,146635,3064,275729,269103,6626,1987071,649962,331166,209359,168561,40798,121807,318796,195448,159865,35583,123348,851652,427513,313306,294987,18319,114207,424139,250570,232700,17870,173569,60029,25918,17275,14578,2697,8643,34111,22507,18482,4025,11604,149699,27891,6297,5446,851,21594,121808,21832,20005,1827,99976,275729,113611,72915,62980,9935,40696,162118,102017,90828,11189,60101,,,,,,,,,,,,,,,,,,,,,,,,,,,,,,,,,,,,,,,,,,,,,,,,,,,,,,,,,,,,,,,,,,,,,,,,,,,
ACSSF,2010e1,al,000,0051,0000003,1831135,441908,430551,11357,1002511,973330,29181,48224,47301,923,130850,129807,1043,207642,204602,3040,1798484,409351,234046,133267,98890,34377,100779,175305,100277,79958,20319,75028,1002430,506302,357272,334414,22858,149030,496128,277200,256530,20670,218928,48211,19929,13207,11012,2195,6722,28282,16005,12385,3620,12277,130850,27184,6184,5780,404,21000,103666,18573,17580,993,85093,207642,97255,60777,52761,8016,36478,110387,65178,56341,8837,45209,,,,,,,,,,,,,,,,,,,,,,,,,,,,,,,,,,,,,,,,,,,,,,,,,,,,,,,,,,,,,,,,,,,,,,,,,,,
ACSSF,2010e1,al,000,0051,0000004,3455496,1010904,963220,47684,1667921,1583219,84702,95843,92291,3552,243503,239440,4063,437325,427968,9357,3399075,954751,508024,315892,248908,66984,192132,446727,273235,223719,49516,173492,1667666,839781,609297,571547,37750,230484,827885,477613,443120,34493,350272,95830,41251,27212,22894,4318,14039,54579,34936,27856,7080,19643,243503,47140,11174,9919,1255,35966,196363,36564,33863,2701,159799,437325,189825,120557,104925,15632,69268,247500,154281,136162,18119,93219,,,,,,,,,,,,,,,,,,,,,,,,,,,,,,,,,,,,,,,,,,,,,,,,,,,,,,,,,,,,,,,,,,,,,,,,,,,
ACSSF,2010e1,al,000,0051,0000005,2751449,830055,791715,38340,1310954,1243556,67398,74948,71550,3398,188518,185287,3231,346974,339353,7621,2706503,785364,415133,260993,208653,52340,154140,370231,229271,190367,38904,140960,1310699,658198,484563,455123,29440,173635,652501,379347,351761,27586,273154,74948,32530,22159,18356,3803,10371,42418,27793,21738,6055,14625,188518,35829,8659,7676,983,27170,152689,28302,26103,2199,124387,346974,148201,94013,82192,11821,54188,198773,126302,112549,13753,72471,,,,,,,,,,,,,,,,,,,,,,,,,,,,,,,,,,,,,,,,,,,,,,,,,,,,,,,,,,,,,,,,,,,,,,,,,,,
ACSSF,2010e1,al,000,0051,0000006,1050286,393495,369362,24133,409916,376110,33806,36070,34126,1944,72785,71146,1639,138020,134276,3744,1034290,377625,190331,119386,96844,22542,70945,187294,115247,94691,20556,72047,409790,205559,149214,141390,7824,56345,204231,119848,111435,8413,84383,36070,16420,11088,9136,1952,5332,19650,13549,10359,3190,6101,72785,14248,3107,2669,438,11141,58537,10532,9878,654,48005,138020,58495,37344,32300,5044,21151,79525,50513,45820,4693,29012,,,,,,,,,,,,,,,,,,,,,,,,,,,,,,,,,,,,,,,,,,,,,,,,,,,,,,,,,,,,,,,,,,,,,,,,,,,
ACSSF,2010e1,al,000,0051,0000007,1701163,436560,422353,14207,901038,867446,33592,38878,37424,1454,115733,114141,1592,208954,205077,3877,1672213,407739,224802,141607,111809,29798,83195,182937,114024,95676,18348,68913,900909,452639,335349,313733,21616,117290,448270,259499,240326,19173,188771,38878,16110,11071,9220,1851,5039,22768,14244,11379,2865,8524,115733,21581,5552,5007,545,16029,94152,17770,16225,1545,76382,208954,89706,56669,49892,6777,33037,119248,75789,66729,9060,43459,,,,,,,,,,,,,,,,,,,,,,,,,,,,,,,,,,,,,,,,,,,,,,,,,,,,,,,,,,,,,,,,,,,,,,,,,,,
ACSSF,2010e1,al,000,0051,0000008,704047,180849,171505,9344,356967,339663,17304,20895,20741,154,54985,54153,832,90351,88615,1736,692572,169387,92891,54899,40255,14644,37992,76496,43964,33352,10612,32532,356967,181583,124734,116424,8310,56849,175384,98266,91359,6907,77118,20882,8721,5053,4538,515,3668,12161,7143,6118,1025,5018,54985,11311,2515,2243,272,8796,43674,8262,7760,502,35412,90351,41624,26544,22733,3811,15080,48727,27979,23613,4366,20748,,,,,,,,,,,,,,,,,,,,,,,,,,,,,,,,,,,,,,,,,,,,,,,,,,,,,,,,,,,,,,,,,,,,,,,,,,,
ACSSF,2010e1,al,000,0051,0000009,230738,63581,58556,5025,109166,100365,8801,5453,5453,0,19506,19333,173,33032,31723,1309,227817,60660,30175,17326,13823,3503,12849,30485,17110,13060,4050,13375,109166,56193,38265,35457,2808,17928,52973,30067,27987,2080,22906,5453,2161,1318,1258,60,843,3292,2283,1871,412,1009,19506,4200,586,447,139,3614,15306,1868,1743,125,13438,33032,12885,8732,7731,1001,4153,20147,11785,10114,1671,8362,,,,,,,,,,,,,,,,,,,,,,,,,,,,,,,,,,,,,,,,,,,,,,,,,,,,,,,,,,,,,,,,,,,,,,,,,,,
ACSSF,2010e1,al,000,0051,0000010,473309,117268,112949,4319,247801,239298,8503,15442,15288,154,35479,34820,659,57319,56892,427,464755,108727,62716,37573,26432,11141,25143,46011,26854,20292,6562,19157,247801,125390,86469,80967,5502,38921,122411,68199,63372,4827,54212,15429,6560,3735,3280,455,2825,8869,4860,4247,613,4009,35479,7111,1929,1796,133,5182,28368,6394,6017,377,21974,57319,28739,17812,15002,2810,10927,28580,16194,13499,2695,12386,,,,,,,,,,,,,,,,,,,,,,,,,,,,,,,,,,,,,,,,,,,,,,,,,,,,,,,,,,,,,,,,,,,,,,,,,,,
ACSSF,2010e1,al,000,0051,0000011,393615,111697,109289,2408,186416,182999,3417,12410,12214,196,37046,37002,44,46046,45737,309,386480,104562,57188,26734,18543,8191,30454,47374,22490,16104,6386,24884,186416,94034,61281,57854,3427,32753,92382,50157,46110,4047,42225,12410,4596,3270,2696,574,1326,7814,3576,3011,565,4238,37046,7935,1307,1307,0,6628,29111,3841,3722,119,25270,46046,21041,13135,10816,2319,7906,25005,12914,11007,1907,12091,,,,,,,,,,,,,,,,,,,,,,,,,,,,,,,,,,,,,,,,,,,,,,,,,,,,,,,,,,,,,,,,,,,,,,,,,,,
ACSSF,2010e1,al,000,0051,0000012,1097662,292546,280794,11752,543383,522662,20721,33305,32955,350,92031,91155,876,136397,134352,2045,1079052,273949,150079,81633,58798,22835,68446,123870,66454,49456,16998,57416,543383,275617,186015,174278,11737,89602,267766,148423,137469,10954,119343,33292,13317,8323,7234,1089,4994,19975,10719,9129,1590,9256,92031,19246,3822,3550,272,15424,72785,12103,11482,621,60682,136397,62665,39679,33549,6130,22986,73732,40893,34620,6273,32839,,,,,,,,,,,,,,,,,,,,,,,,,,,,,,,,,,,,,,,,,,,,,,,,,,,,,,,,,,,,,,,,,,,,,,,,,,,
ACSSF,2010e1,al,000,0051,0000013,148108,34242,32396,1846,81629,78183,3446,2360,2360,0,10668,10506,162,19209,18307,902,145994,32128,17323,9623,7788,1835,7700,14805,9461,7482,1979,5344,81629,42057,29342,27584,1758,12715,39572,20726,19273,1453,18846,2360,612,510,510,0,102,1748,1336,1278,58,412,10668,2400,415,415,0,1985,8268,1969,1788,181,6299,19209,8798,7078,6054,1024,1720,10411,6059,5316,743,4352,,,,,,,,,,,,,,,,,,,,,,,,,,,,,,,,,,,,,,,,,,,,,,,,,,,,,,,,,,,,,,,,,,,,,,,,,,,
ACSSF,2010e1,al,000,0051,0000014,96020,26291,25744,547,45323,43718,1605,4025,3804,221,7137,6778,359,13244,13138,106,94819,25090,13674,8059,5733,2326,5615,11416,6358,4099,2259,5058,45323,22596,14005,13465,540,8591,22727,10812,9431,1381,11915,4025,1231,636,636,0,595,2794,1828,1295,533,966,7137,1303,311,276,35,992,5834,978,978,0,4856,13244,6287,3688,3084,604,2599,6957,4283,3858,425,2674,,,,,,,,,,,,,,,,,,,,,,,,,,,,,,,,,,,,,,,,,,,,,,,,,,,,,,,,,,,,,,,,,,,,,,,,,,,
ACSSF,2010e1,al,000,0051,0000015,64877,15436,14292,1144,32937,32207,730,2285,2131,154,6097,5925,172,8122,8122,0,63513,14072,9068,5449,3278,2171,3619,5004,2298,1412,886,2706,32937,16021,10466,9707,759,5555,16916,10309,9656,653,6607,2285,1064,529,507,22,535,1221,802,693,109,419,6097,1400,495,362,133,905,4697,922,806,116,3775,8122,3639,1826,1668,158,1813,4483,2635,2402,233,1848,,,,,,,,,,,,,,,,,,,,,,,,,,,,,,,,,,,,,,,,,,,,,,,,,,,,,,,,,,,,,,,,,,,,,,,,,,,
ACSSF,2010e1,al,000,0051,0000016,55436,11521,9912,1609,31992,28789,3203,1977,1977,0,4999,4999,0,4947,4947,0,54385,10483,6556,4954,3298,1656,1602,3927,2463,2194,269,1464,31992,15942,11350,10077,1273,4592,16050,8428,7771,657,7622,1964,1016,392,332,60,624,948,192,175,17,756,4999,620,131,131,0,489,4379,1533,1462,71,2846,4947,2214,1529,1364,165,685,2733,1447,1143,304,1286,,,,,,,,,,,,,,,,,,,,,,,,,,,,,,,,,,,,,,,,,,,,,,,,,,,,,,,,,,,,,,,,,,,,,,,,,,,
ACSSF,2010e1,al,000,0051,0000017,64586,14907,14842,65,36107,35016,1091,1668,1668,0,4623,4623,0,7281,7199,82,63302,13623,7897,3114,2579,535,4783,5726,3314,2836,478,2412,36107,17124,13305,13146,159,3819,18983,11463,10861,602,7520,1668,784,366,317,49,418,884,612,593,19,272,4623,1301,449,449,0,852,3322,653,653,0,2669,7281,3282,1708,1324,384,1574,3999,2673,2422,251,1326,,,,,,,,,,,,,,,,,,,,,,,,,,,,,,,,,,,,,,,,,,,,,,,,,,,,,,,,,,,,,,,,,,,,,,,,,,,
ACSSF,2010e1,al,000,0051,0000018,85252,21409,20886,523,41355,40945,410,2888,2888,0,8569,8419,150,11031,10915,116,83957,20114,11550,7501,6109,1392,4049,8564,4541,3196,1345,4023,41355,21229,13277,11900,1377,7952,20126,10343,9599,744,9783,2888,830,721,554,167,109,2058,840,493,347,1218,8569,1480,199,199,0,1281,7089,1040,960,80,6049,11031,5380,3374,3003,371,2006,5651,2987,2618,369,2664,,,,,,,,,,,,,,,,,,,,,,,,,,,,,,,,,,,,,,,,,,,,,,,,,,,,,,,,,,,,,,,,,,,,,,,,,,,
ACSSF,2010e1,al,000,0051,0000019,81220,20716,20190,526,41003,39568,1435,2374,2313,61,5674,5624,50,11453,11126,327,80119,19615,10494,6369,5365,1004,4125,9121,5821,4978,843,3300,41003,20826,14714,14401,313,6112,20177,12498,12076,422,7679,2374,829,594,594,0,235,1545,1024,911,113,521,5674,776,162,148,14,614,4898,832,814,18,4066,11453,4829,3319,2878,441,1510,6624,4108,3823,285,2516,,,,,,,,,,,,,,,,,,,,,,,,,,,,,,,,,,,,,,,,,,,,,,,,,,,,,,,,,,,,,,,,,,,,,,,,,,,
ACSSF,2010e1,al,000,0051,0000020,531176,178226,169687,8539,224482,209763,14719,15292,14243,1049,41969,41344,625,71207,69848,1359,523376,170426,86989,56449,45804,10645,30540,83437,54901,45140,9761,28536,224482,112081,83918,78572,5346,28163,112401,68114,62944,5170,44287,15292,7626,5005,4501,504,2621,7666,5687,4626,1061,1979,41969,7910,1709,1253,456,6201,34059,7335,6674,661,26724,71207,28368,18032,16249,1783,10336,42839,27777,24523,3254,15062,,,,,,,,,,,,,,,,,,,,,,,,,,,,,,,,,,,,,,,,,,,,,,,,,,,,,,,,,,,,,,,,,,,,,,,,,,,
ACSSF,2010e1,al,000,0051,0000021,76160,20418,20064,354,38450,37574,876,853,853,0,6564,6564,0,9875,9666,209,74590,18848,9582,6385,5599,786,3197,9266,5499,4814,685,3767,38450,19470,13804,13009,795,5666,18980,10307,9088,1219,8673,853,170,30,0,30,140,683,535,518,17,148,6564,1141,203,203,0,938,5423,959,914,45,4464,9875,4420,2388,2120,268,2032,5455,3469,3350,119,1986,,,,,,,,,,,,,,,,,,,,,,,,,,,,,,,,,,,,,,,,,,,,,,,,,,,,,,,,,,,,,,,,,,,,,,,,,,,
ACSSF,2010e1,al,000,0051,0000022,114420,43660,41093,2567,54233,50288,3945,2100,1811,289,4670,4653,17,9757,9326,431,112657,42056,21268,12982,10310,2672,8286,20788,11661,9441,2220,9127,54074,26872,21289,19900,1389,5583,27202,17542,16330,1212,9660,2100,1011,864,864,0,147,1089,586,574,12,503,4670,1112,334,334,0,778,3558,831,659,172,2727,9757,4682,3218,2737,481,1464,5075,3556,3517,39,1519,,,,,,,,,,,,,,,,,,,,,,,,,,,,,,,,,,,,,,,,,,,,,,,,,,,,,,,,,,,,,,,,,,,,,,,,,,,
ACSSF,2010e1,al,000,0051,0000023,66467,15359,15014,345,38044,35859,2185,1222,1222,0,3673,3646,27,8169,8072,97,65140,14032,7686,4775,4038,737,2911,6346,4671,3784,887,1675,38044,19738,14310,13266,1044,5428,18306,10424,9582,842,7882,1222,701,327,105,222,374,521,289,289,0,232,3673,525,71,71,0,454,3148,389,389,0,2759,8169,4152,1505,1378,127,2647,4017,2531,1812,719,1486,,,,,,,,,,,,,,,,,,,,,,,,,,,,,,,,,,,,,,,,,,,,,,,,,,,,,,,,,,,,,,,,,,,,,,,,,,,
ACSSF,2010e1,al,000,0051,0000024,270573,82779,76644,6135,135616,124091,11525,5128,4902,226,16250,15791,459,30800,30224,576,265426,77680,43709,30946,23623,7323,12763,33971,24862,20421,4441,9109,135568,66984,51977,49912,2065,15007,68584,39876,37818,2058,28708,5128,1746,1573,1401,172,173,3382,2849,2506,343,533,16250,3779,1318,1318,0,2461,12471,2823,2567,256,9648,30800,12831,9031,8040,991,3800,17969,13631,11264,2367,4338,,,,,,,,,,,,,,,,,,,,,,,,,,,,,,,,,,,,,,,,,,,,,,,,,,,,,,,,,,,,,,,,,,,,,,,,,,,
ACSSF,2010e1,al,000,0051,0000025,73665,15529,12661,2868,41776,37023,4753,974,974,0,5857,5857,0,9529,9529,0,72071,13935,8758,5748,4509,1239,3010,5177,3045,2442,603,2132,41776,20615,15414,14693,721,5201,21161,12179,11639,540,8982,974,484,321,261,60,163,490,165,165,0,325,5857,1243,377,377,0,866,4614,530,530,0,4084,9529,4372,2640,2471,169,1732,5157,2891,2565,326,2266,,,,,,,,,,,,,,,,,,,,,,,,,,,,,,,,,,,,,,,,,,,,,,,,,,,,,,,,,,,,,,,,,,,,,,,,,,,
ACSSF,2010e1,al,000,0051,0000026,328401,103933,99578,4355,143736,137923,5813,11495,11495,0,23021,22240,781,46216,44322,1894,323741,99273,50936,32506,25696,6810,18430,48337,28529,24039,4490,19808,143736,72556,52570,48815,3755,19986,71180,39313,35794,3519,31867,11495,4642,3200,2378,822,1442,6853,4496,3179,1317,2357,23021,3981,1136,874,262,2845,19040,3536,3185,351,15504,46216,19381,13017,10485,2532,6364,26835,18401,16614,1787,8434,,,,,,,,,,,,,,,,,,,,,,,,,,,,,,,,,,,,,,,,,,,,,,,,,,,,,,,,,,,,,,,,,,,,,,,,,,,
ACSSF,2010e1,al,000,0051,0000027,183860,68424,64305,4119,73861,69105,4756,6361,5889,472,10712,10434,278,24502,23947,555,180410,64974,31742,19295,16628,2667,12447,33232,20089,17906,2183,13143,73861,37035,28181,26714,1467,8854,36826,23040,21724,1316,13786,6361,2957,1743,1347,396,1214,3404,1886,1480,406,1518,10712,1939,374,374,0,1565,8773,1487,1487,0,7286,24502,10308,5548,5124,424,4760,14194,8702,8156,546,5492,,,,,,,,,,,,,,,,,,,,,,,,,,,,,,,,,,,,,,,,,,,,,,,,,,,,,,,,,,,,,,,,,,,,,,,,,,,
ACSSF,2010e1,al,000,0051,0000028,96303,23965,22311,1654,50546,47318,3228,2495,2369,126,6350,6181,169,12947,12810,137,94329,21991,12670,8491,5981,2510,4179,9321,6836,6174,662,2485,50546,25878,19335,18041,1294,6543,24668,14013,13107,906,10655,2495,771,646,445,201,125,1724,1125,820,305,599,6350,1192,348,298,50,844,5158,766,693,73,4392,12947,5717,3806,3600,206,1911,7230,4680,4039,641,2550,,,,,,,,,,,,,,,,,,,,,,,,,,,,,,,,,,,,,,,,,,,,,,,,,,,,,,,,,,,,,,,,,,,,,,,,,,,
ACSSF,2010e1,al,000,0051,0000029,67611,14510,14034,476,36883,35974,909,1590,1419,171,5941,5941,0,8687,8557,130,66095,12994,7924,5031,4408,623,2893,5070,2723,2632,91,2347,36883,19003,14407,13795,612,4596,17880,10100,8702,1398,7780,1590,304,90,47,43,214,1286,971,809,162,315,5941,873,163,163,0,710,5068,1145,1076,69,3923,8687,4037,2484,2240,244,1553,4650,2733,2414,319,1917,,,,,,,,,,,,,,,,,,,,,,,,,,,,,,,,,,,,,,,,,,,,,,,,,,,,,,,,,,,,,,,,,,,,,,,,,,,
ACSSF,2010e1,al,000,0051,0000030,153991,38592,34946,3646,87063,81722,5341,2145,1674,471,7942,7885,57,18249,17474,775,150890,35539,19037,13436,11112,2324,5601,16502,11826,10524,1302,4676,87015,43917,36484,34907,1577,7433,43098,26328,24788,1540,16770,2145,764,764,764,0,0,1381,1107,451,656,274,7942,1721,322,322,0,1399,6221,1852,1565,287,4369,18249,7391,6461,6068,393,930,10858,7376,6815,561,3482,,,,,,,,,,,,,,,,,,,,,,,,,,,,,,,,,,,,,,,,,,,,,,,,,,,,,,,,,,,,,,,,,,,,,,,,,,,
ACSSF,2010e1,al,000,0051,0000031,66319,16839,16509,330,31964,31374,590,3537,3537,0,4771,4771,0,9208,9081,127,65027,15547,8010,3942,2246,1696,4068,7537,4291,2420,1871,3246,31964,16522,11087,9846,1241,5435,15442,9611,8847,764,5831,3537,1485,591,591,0,894,2052,969,507,462,1083,4771,1485,117,48,69,1368,3286,213,213,0,3073,9208,3692,2499,1927,572,1193,5516,2403,2072,331,3113,,,,,,,,,,,,,,,,,,,,,,,,,,,,,,,,,,,,,,,,,,,,,,,,,,,,,,,,,,,,,,,,,,,,,,,,,,,
ACSSF,2010e1,al,000,0051,0000032,159310,62746,60475,2271,70286,66892,3394,2049,2049,0,8522,8358,164,15707,15445,262,157220,60656,31947,19080,16137,2943,12867,28709,14691,12313,2378,14018,70286,34008,24459,23706,753,9549,36278,22654,22165,489,13624,2049,961,672,580,92,289,1088,439,336,103,649,8522,1931,358,322,36,1573,6591,1342,1286,56,5249,15707,6343,4502,4116,386,1841,9364,5354,4670,684,4010,,,,,,,,,,,,,,,,,,,,,,,,,,,,,,,,,,,,,,,,,,,,,,,,,,,,,,,,,,,,,,,,,,,,,,,,,,,
ACSSF,2010e1,al,000,0051,0000033,54470,13209,13209,0,26170,25213,957,2039,2039,0,4385,4385,0,8667,8631,36,53639,12378,7017,3932,2020,1912,3085,5361,3190,2221,969,2171,26170,13755,8181,7331,850,5574,12415,6669,5598,1071,5746,2039,1191,441,441,0,750,848,650,605,45,198,4385,850,141,74,67,709,3535,242,184,58,3293,8667,2932,1470,1016,454,1462,5735,2743,2490,253,2992,,,,,,,,,,,,,,,,,,,,,,,,,,,,,,,,,,,,,,,,,,,,,,,,,,,,,,,,,,,,,,,,,,,,,,,,,,,
ACSSF,2010e1,al,000,0051,0000034,174305,75881,72826,3055,46586,43817,2769,8715,8508,207,15460,15339,121,27663,27139,524,172166,73742,36799,23285,18228,5057,13514,36943,24072,19231,4841,12871,46586,23149,15381,13788,1593,7768,23437,13644,11994,1650,9793,8715,5365,3226,2806,420,2139,3350,2671,2001,670,679,15460,2973,877,647,230,2096,12487,2719,2627,92,9768,27663,11435,6803,5973,830,4632,16228,9195,8128,1067,7033,,,,,,,,,,,,,,,,,,,,,,,,,,,,,,,,,,,,,,,,,,,,,,,,,,,,,,,,,,,,,,,,,,,,,,,,,,,
ACSSF,2010e1,al,000,0051,0000035,52585,14833,14499,334,24683,23675,1008,1721,1660,61,3334,3284,50,8014,7735,279,51772,14020,7479,4143,3355,788,3336,6541,3980,3248,732,2561,24683,12603,8904,8705,199,3699,12080,7467,7182,285,4613,1721,572,391,391,0,181,1149,718,652,66,431,3334,325,35,21,14,290,3009,433,415,18,2576,8014,3421,2186,1863,323,1235,4593,2914,2677,237,1679,,,,,,,,,,,,,,,,,,,,,,,,,,,,,,,,,,,,,,,,,,,,,,,,,,,,,,,,,,,,,,,,,,,,,,,,,,,
ACSSF,2010e1,al,000,0051,0000036,61664,15019,12734,2285,36889,30722,6167,1596,979,617,3429,3429,0,4731,4230,501,60543,13898,6432,4384,4254,130,2048,7466,4355,3905,450,3111,36889,18714,15711,14828,883,3003,18175,10457,9342,1115,7718,1596,606,606,606,0,0,990,930,634,296,60,3429,601,0,0,0,601,2828,401,401,0,2427,4731,1756,1534,1356,178,222,2975,2023,1920,103,952,,,,,,,,,,,,,,,,,,,,,,,,,,,,,,,,,,,,,,,,,,,,,,,,,,,,,,,,,,,,,,,,,,,,,,,,,,,
ACSSF,2010e1,al,000,0051,0000037,148585,50819,45671,5148,65922,58217,7705,3768,3542,226,9019,8650,369,19057,18662,395,145813,48095,26132,19098,14859,4239,7034,21963,16271,12762,3509,5692,65874,32437,23711,22857,854,8726,33437,19484,18588,896,13953,3768,1280,1169,997,172,111,2488,2153,1810,343,335,9019,2049,651,651,0,1398,6970,1476,1421,55,5494,19057,7889,5712,4917,795,2177,11168,8465,7211,1254,2703,,,,,,,,,,,,,,,,,,,,,,,,,,,,,,,,,,,,,,,,,,,,,,,,,,,,,,,,,,,,,,,,,,,,,,,,,,,
ACSSF,2010e1,al,000,0051,0000038,157913,60202,57838,2364,54714,51797,2917,7771,7771,0,12293,12074,219,22933,22107,826,155995,58284,28976,18078,14123,3955,10898,29308,17912,14693,3219,11396,54714,27807,19439,18306,1133,8368,26907,15026,13448,1578,11881,7771,3400,2292,1653,639,1108,4371,2904,1998,906,1467,12293,2159,552,479,73,1607,10134,1585,1393,192,8549,22933,9791,6583,5316,1267,3208,13142,8779,8142,637,4363,,,,,,,,,,,,,,,,,,,,,,,,,,,,,,,,,,,,,,,,,,,,,,,,,,,,,,,,,,,,,,,,,,,,,,,,,,,
ACSSF,2010e1,al,000,0051,0000039,164282,63086,59141,3945,63765,59348,4417,5817,5399,418,9029,8751,278,22585,22030,555,161368,60172,28908,17835,15394,2441,11073,31264,19106,16983,2123,12158,63765,31891,24412,23054,1358,7479,31874,20568,19252,1316,11306,5817,2544,1460,1199,261,1084,3273,1809,1403,406,1464,9029,1598,275,275,0,1323,7431,1290,1290,0,6141,22585,9942,5397,4973,424,4545,12643,7856,7310,546,4787,,,,,,,,,,,,,,,,,,,,,,,,,,,,,,,,,,,,,,,,,,,,,,,,,,,,,,,,,,,,,,,,,,,,,,,,,,,
ACSSF,2010e1,al,000,0051,0000040,75030,36657,34936,1721,26329,24745,1584,1153,1153,0,4500,4378,122,6391,6275,116,74158,35785,18167,10196,9348,848,7971,17618,8251,7129,1122,9367,26329,12864,8740,8284,456,4124,13465,8348,8230,118,5117,1153,672,467,375,92,205,481,149,95,54,332,4500,1116,114,78,36,1002,3384,618,618,0,2766,6391,2387,1818,1630,188,569,4004,2284,2041,243,1720,,,,,,,,,,,,,,,,,,,,,,,,,,,,,,,,,,,,,,,,,,,,,,,,,,,,,,,,,,,,,,,,,,,,,,,,,,,
ACSSF,2010e1,al,000,0051,0000041,174305,75881,72826,3055,46586,43817,2769,8715,8508,207,15460,15339,121,27663,27139,524,172166,73742,36799,23285,18228,5057,13514,36943,24072,19231,4841,12871,46586,23149,15381,13788,1593,7768,23437,13644,11994,1650,9793,8715,5365,3226,2806,420,2139,3350,2671,2001,670,679,15460,2973,877,647,230,2096,12487,2719,2627,92,9768,27663,11435,6803,5973,830,4632,16228,9195,8128,1067,7033,,,,,,,,,,,,,,,,,,,,,,,,,,,,,,,,,,,,,,,,,,,,,,,,,,,,,,,,,,,,,,,,,,,,,,,,,,,
ACSSF,2010e1,al,000,0051,0000042,61664,15019,12734,2285,36889,30722,6167,1596,979,617,3429,3429,0,4731,4230,501,60543,13898,6432,4384,4254,130,2048,7466,4355,3905,450,3111,36889,18714,15711,14828,883,3003,18175,10457,9342,1115,7718,1596,606,606,606,0,0,990,930,634,296,60,3429,601,0,0,0,601,2828,401,401,0,2427,4731,1756,1534,1356,178,222,2975,2023,1920,103,952,,,,,,,,,,,,,,,,,,,,,,,,,,,,,,,,,,,,,,,,,,,,,,,,,,,,,,,,,,,,,,,,,,,,,,,,,,,
ACSSF,2010e1,al,000,0051,0000043,51687,14430,14096,334,24472,23464,1008,1721,1660,61,3334,3284,50,7730,7451,279,50874,13617,7219,4143,3355,788,3076,6398,3837,3105,732,2561,24472,12482,8851,8652,199,3631,11990,7377,7092,285,4613,1721,572,391,391,0,181,1149,718,652,66,431,3334,325,35,21,14,290,3009,433,415,18,2576,7730,3293,2143,1820,323,1150,4437,2758,2521,237,1679,,,,,,,,,,,,,,,,,,,,,,,,,,,,,,,,,,,,,,,,,,,,,,,,,,,,,,,,,,,,,,,,,,,,,,,,,,,
ACSSF,2010e1,al,000,0051,0000044,148585,50819,45671,5148,65922,58217,7705,3768,3542,226,9019,8650,369,19057,18662,395,145813,48095,26132,19098,14859,4239,7034,21963,16271,12762,3509,5692,65874,32437,23711,22857,854,8726,33437,19484,18588,896,13953,3768,1280,1169,997,172,111,2488,2153,1810,343,335,9019,2049,651,651,0,1398,6970,1476,1421,55,5494,19057,7889,5712,4917,795,2177,11168,8465,7211,1254,2703,,,,,,,,,,,,,,,,,,,,,,,,,,,,,,,,,,,,,,,,,,,,,,,,,,,,,,,,,,,,,,,,,,,,,,,,,,,
ACSSF,2010e1,al,000,0051,0000045,157913,60202,57838,2364,54714,51797,2917,7771,7771,0,12293,12074,219,22933,22107,826,155995,58284,28976,18078,14123,3955,10898,29308,17912,14693,3219,11396,54714,27807,19439,18306,1133,8368,26907,15026,13448,1578,11881,7771,3400,2292,1653,639,1108,4371,2904,1998,906,1467,12293,2159,552,479,73,1607,10134,1585,1393,192,8549,22933,9791,6583,5316,1267,3208,13142,8779,8142,637,4363,,,,,,,,,,,,,,,,,,,,,,,,,,,,,,,,,,,,,,,,,,,,,,,,,,,,,,,,,,,,,,,,,,,,,,,,,,,
ACSSF,2010e1,al,000,0051,0000046,164282,63086,59141,3945,63765,59348,4417,5817,5399,418,9029,8751,278,22585,22030,555,161368,60172,28908,17835,15394,2441,11073,31264,19106,16983,2123,12158,63765,31891,24412,23054,1358,7479,31874,20568,19252,1316,11306,5817,2544,1460,1199,261,1084,3273,1809,1403,406,1464,9029,1598,275,275,0,1323,7431,1290,1290,0,6141,22585,9942,5397,4973,424,4545,12643,7856,7310,546,4787,,,,,,,,,,,,,,,,,,,,,,,,,,,,,,,,,,,,,,,,,,,,,,,,,,,,,,,,,,,,,,,,,,,,,,,,,,,
ACSSF,2010e1,al,000,0051,0000047,75030,36657,34936,1721,26329,24745,1584,1153,1153,0,4500,4378,122,6391,6275,116,74158,35785,18167,10196,9348,848,7971,17618,8251,7129,1122,9367,26329,12864,8740,8284,456,4124,13465,8348,8230,118,5117,1153,672,467,375,92,205,481,149,95,54,332,4500,1116,114,78,36,1002,3384,618,618,0,2766,6391,2387,1818,1630,188,569,4004,2284,2041,243,1720,,,,,,,,,,,,,,,,,,,,,,,,,,,,,,,,,,,,,,,,,,,,,,,,,,,,,,,,,,,,,,,,,,,,,,,,,,,
ACSSF,2010e1,al,000,0051,0000048,551775,163684,157128,6556,257692,247353,10339,16019,16019,0,40214,39271,943,74166,71227,2939,543528,155437,83065,48396,37882,10514,34669,72372,42236,33825,8411,30136,257692,130779,92758,86909,5849,38021,126913,68590,62931,5659,58323,16019,6209,4471,3485,986,1738,9810,6228,4706,1522,3582,40214,7686,1956,1694,262,5730,32528,6197,5665,532,26331,74166,32566,22480,18328,4152,10086,41600,26478,23715,2763,15122,,,,,,,,,,,,,,,,,,,,,,,,,,,,,,,,,,,,,,,,,,,,,,,,,,,,,,,,,,,,,,,,,,,,,,,,,,,
ACSSF,2010e1,al,000,0051,0000049,534062,152201,148411,3790,254613,246420,8193,17866,17558,308,37588,37074,514,71794,69882,1912,525568,143707,74591,42500,34872,7628,32091,69116,41444,35346,6098,27672,254613,127638,92568,87742,4826,35070,126975,76304,71745,4559,50671,17866,7267,4758,4180,578,2509,10599,6202,5890,312,4397,37588,7100,2094,2080,14,5006,30488,5384,5187,197,25104,71794,31880,20614,18494,2120,11266,39914,25653,23127,2526,14261,,,,,,,,,,,,,,,,,,,,,,,,,,,,,,,,,,,,,,,,,,,,,,,,,,,,,,,,,,,,,,,,,,,,,,,,,,,
ACSSF,2010e1,al,000,0051,0000050,557595,174004,167703,6301,258122,246642,11480,18768,17721,1047,38299,37550,749,68402,67562,840,549542,166110,85632,49084,37198,11886,36548,80478,45445,34887,10558,35033,257963,129682,88734,82137,6597,40948,128281,74336,68331,6005,53945,18768,7183,4126,3707,419,3057,11585,6579,4826,1753,5006,38299,8572,1751,1647,104,6821,29727,4866,4582,284,24861,68402,32308,19204,15794,3410,13104,36094,19722,17399,2323,16372,,,,,,,,,,,,,,,,,,,,,,,,,,,,,,,,,,,,,,,,,,,,,,,,,,,,,,,,,,,,,,,,,,,,,,,,,,,
ACSSF,2010e1,al,000,0051,0000051,530492,116961,108318,8643,288293,274064,14229,15109,14759,350,46223,45857,366,63906,63645,261,520938,107420,66256,41501,29888,11613,24755,41164,23086,17748,5338,18078,288293,145525,98268,89802,8466,47257,142768,77474,70973,6501,65294,15096,6430,4001,3226,775,2429,8666,4221,3282,939,4445,46223,8623,1638,1438,200,6985,37600,5594,5196,398,32006,63906,27790,16564,14551,2013,11226,36116,18947,16707,2240,17169,,,,,,,,,,,,,,,,,,,,,,,,,,,,,,,,,,,,,,,,,,,,,,,,,,,,,,,,,,,,,,,,,,,,,,,,,,,
ACSSF,2010e1,al,000,0051,0000052,580228,157581,149090,8491,302248,283597,18651,11493,11141,352,37334,36661,673,71572,70441,1131,569402,146803,79300,53727,41755,11972,25573,67503,45691,38062,7629,21812,302200,152198,113423,107225,6198,38775,150002,84490,78670,5820,65512,11493,4608,3442,2386,1056,1166,6885,5151,4600,551,1734,37334,7510,2085,2035,50,5425,29824,5000,4690,310,24824,71572,31365,18823,16777,2046,12542,40207,26917,22690,4227,13290,,,,,,,,,,,,,,,,,,,,,,,,,,,,,,,,,,,,,,,,,,,,,,,,,,,,,,,,,,,,,,,,,,,,,,,,,,,
ACSSF,2010e1,al,000,0051,0000053,599487,153340,143225,10115,324768,305395,19373,10837,9353,1484,39350,39008,342,71192,69166,2026,589205,143106,77957,50732,42732,8000,27225,65149,41419,36016,5403,23730,324720,163731,126888,121586,5302,36843,160989,96482,89793,6689,64507,10837,4445,3674,3501,173,771,6392,4924,3595,1329,1468,39350,7283,1422,1350,72,5861,32067,7088,6176,912,24979,71192,29385,21056,18970,2086,8329,41807,26875,23824,3051,14932,,,,,,,,,,,,,,,,,,,,,,,,,,,,,,,,,,,,,,,,,,,,,,,,,,,,,,,,,,,,,,,,,,,,,,,,,,,
ACSSF,2010e1,al,000,0051,0000054,495472,204830,198634,6196,168601,162747,5854,18161,17954,207,41541,41021,520,62339,61782,557,487372,196730,98411,56686,43124,13562,41725,98319,56404,43939,12465,41915,168601,84262,57939,54000,3939,26323,84339,50094,46787,3307,34245,18161,9705,6010,5105,905,3695,8456,5207,3968,1239,3249,41541,8301,1535,982,553,6766,33240,6276,6089,187,26964,62339,25572,14951,12827,2124,10621,36767,22603,19707,2896,14164,,,,,,,,,,,,,,,,,,,,,,,,,,,,,,,,,,,,,,,,,,,,,,,,,,,,,,,,,,,,,,,,,,,,,,,,,,,
ACSSF,2010e1,al,000,0051,0000055,120339,29213,28859,354,63862,62865,997,2184,2184,0,9147,9147,0,15933,15678,255,118390,27264,13505,8495,7315,1180,5010,13759,7659,6335,1324,6100,63862,32168,22812,21533,1279,9356,31694,17168,15618,1550,14526,2184,641,163,57,106,478,1543,919,902,17,624,9147,1595,203,203,0,1392,7552,1016,971,45,6536,15933,7447,3792,3236,556,3655,8486,5188,4967,221,3298,,,,,,,,,,,,,,,,,,,,,,,,,,,,,,,,,,,,,,,,,,,,,,,,,,,,,,,,,,,,,,,,,,,,,,,,,,,
ACSSF,2010e1,al,000,0051,0000056,144014,50255,45255,5000,62203,54774,7429,3711,3485,226,8863,8494,369,18982,18587,395,141242,47531,25723,18810,14632,4178,6913,21808,16178,12669,3509,5630,62155,30587,22014,21218,796,8573,31568,18282,17501,781,13286,3711,1280,1169,997,172,111,2431,2096,1753,343,335,8863,2049,651,651,0,1398,6814,1384,1329,55,5430,18982,7889,5712,4917,795,2177,11093,8390,7136,1254,2703,,,,,,,,,,,,,,,,,,,,,,,,,,,,,,,,,,,,,,,,,,,,,,,,,,,,,,,,,,,,,,,,,,,,,,,,,,,
ACSSF,2010e1,al,000,0051,0000057,193026,47883,46403,1480,111457,105176,6281,2639,2639,0,11060,10943,117,19987,19709,278,189324,44181,25672,16911,13029,3882,8761,18509,13355,11536,1819,5154,111457,56135,44273,41960,2313,11862,55322,32018,29899,2119,23304,2639,1167,731,509,222,436,1472,1042,1042,0,430,11060,2255,738,738,0,1517,8805,1828,1627,201,6977,19987,9094,4824,4501,323,4270,10893,7772,5940,1832,3121,,,,,,,,,,,,,,,,,,,,,,,,,,,,,,,,,,,,,,,,,,,,,,,,,,,,,,,,,,,,,,,,,,,,,,,,,,,
ACSSF,2010e1,al,000,0051,0000058,98597,20447,18658,1789,57274,53459,3815,2867,2867,0,8165,8103,62,9844,9778,66,97024,18887,11233,7969,5627,2342,3264,7654,4758,4163,595,2896,57274,28800,20182,18537,1645,8618,28474,15063,13891,1172,13411,2854,1598,907,847,60,691,1256,360,343,17,896,8165,1215,252,252,0,963,6950,2052,1972,80,4898,9844,4213,2453,2220,233,1760,5631,2687,2127,560,2944,,,,,,,,,,,,,,,,,,,,,,,,,,,,,,,,,,,,,,,,,,,,,,,,,,,,,,,,,,,,,,,,,,,,,,,,,,,
ACSSF,2010e1,al,000,0051,0000059,157215,34556,30544,4012,85466,79937,5529,3435,3281,154,13736,13564,172,20022,20022,0,153988,31329,19967,12807,8536,4271,7160,11362,6088,4581,1507,5274,85466,42096,29341,27543,1798,12755,43370,24966,23525,1441,18404,3435,1556,858,776,82,698,1879,1053,944,109,826,13736,2901,872,739,133,2029,10835,1595,1479,116,9240,20022,9281,5344,4787,557,3937,10741,6001,5442,559,4740,,,,,,,,,,,,,,,,,,,,,,,,,,,,,,,,,,,,,,,,,,,,,,,,,,,,,,,,,,,,,,,,,,,,,,,,,,,
ACSSF,2010e1,al,000,0051,0000060,124128,31015,29361,1654,64562,60923,3639,3468,3342,126,8876,8707,169,16207,16070,137,121548,28435,16161,10839,7771,3068,5322,12274,8131,7246,885,4143,64562,33163,24542,22252,2290,8621,31399,17338,16082,1256,14061,3468,1256,1131,445,686,125,2212,1471,1166,305,741,8876,1687,414,364,50,1273,7189,957,884,73,6232,16207,6960,4527,4223,304,2433,9247,5372,4608,764,3875,,,,,,,,,,,,,,,,,,,,,,,,,,,,,,,,,,,,,,,,,,,,,,,,,,,,,,,,,,,,,,,,,,,,,,,,,,,
ACSSF,2010e1,al,000,0051,0000061,102425,24294,22459,1835,55910,54352,1558,3042,2846,196,8839,8839,0,10340,10231,109,100047,21916,12596,6407,4864,1543,6189,9320,5085,3712,1373,4235,55910,28633,18960,18046,914,9673,27277,14571,13141,1430,12706,3042,1127,854,695,159,273,1915,902,486,416,1013,8839,1622,78,78,0,1544,7217,699,699,0,6518,10340,3540,2406,2063,343,1134,6800,3187,2667,520,3613,,,,,,,,,,,,,,,,,,,,,,,,,,,,,,,,,,,,,,,,,,,,,,,,,,,,,,,,,,,,,,,,,,,,,,,,,,,
ACSSF,2010e1,al,000,0051,0000062,167897,36141,35178,963,91076,87420,3656,4872,4701,171,13259,13259,0,22549,22383,166,165143,33387,19921,11726,8834,2892,8195,13466,7567,6099,1468,5899,91076,46531,32007,29300,2707,14524,44545,23983,20701,3282,20562,4872,2161,1114,835,279,1047,2711,2041,1562,479,670,13259,2286,479,412,67,1807,10973,1444,1317,127,9529,22549,9351,5395,4529,866,3956,13198,7424,6717,707,5774,,,,,,,,,,,,,,,,,,,,,,,,,,,,,,,,,,,,,,,,,,,,,,,,,,,,,,,,,,,,,,,,,,,,,,,,,,,
ACSSF,2010e1,al,000,0051,0000063,76355,34035,32546,1489,20791,18863,1928,3597,3390,207,5629,5508,121,12303,11851,452,75797,33477,17068,11437,8899,2538,5631,16409,11166,8351,2815,5243,20791,10372,7119,6211,908,3253,10419,5946,5098,848,4473,3597,2196,1260,1047,213,936,1401,1116,1040,76,285,5629,950,537,495,42,413,4679,955,909,46,3724,12303,5206,3429,2787,642,1777,7097,4244,3477,767,2853,,,,,,,,,,,,,,,,,,,,,,,,,,,,,,,,,,,,,,,,,,,,,,,,,,,,,,,,,,,,,,,,,,,,,,,,,,,
ACSSF,2010e1,al,000,0051,0000064,89063,38884,37278,1606,21076,20514,562,3746,3746,0,10567,10185,382,14790,14790,0,87467,37288,18536,11111,8213,2898,7425,18752,11239,8328,2911,7513,21076,10573,6456,5387,1069,4117,10503,5539,4771,768,4964,3746,2474,1138,972,166,1336,1272,896,425,471,376,10567,1899,96,96,0,1803,8668,1946,1900,46,6722,14790,6041,3050,2830,220,2991,8749,4368,4006,362,4381,,,,,,,,,,,,,,,,,,,,,,,,,,,,,,,,,,,,,,,,,,,,,,,,,,,,,,,,,,,,,,,,,,,,,,,,,,,
ACSSF,2010e1,al,000,0051,0000065,132141,38232,34442,3790,70143,60182,9961,2931,2314,617,7962,7962,0,12873,12311,562,130845,36936,19106,13436,12447,989,5670,17830,12121,10914,1207,5709,70143,35083,28597,27808,789,6486,35060,21141,19698,1443,13919,2931,912,850,804,46,62,2019,1895,1547,348,124,7962,1511,87,87,0,1424,6451,1410,1244,166,5041,12873,4498,3777,3614,163,721,8375,5999,5351,648,2376,,,,,,,,,,,,,,,,,,,,,,,,,,,,,,,,,,,,,,,,,,,,,,,,,,,,,,,,,,,,,,,,,,,,,,,,,,,
ACSSF,2010e1,al,000,0051,0000066,147676,42604,41741,863,71874,70702,1172,2818,2593,225,9534,9412,122,20846,20797,49,144588,39516,18692,12201,10090,2111,6491,20824,14036,12112,1924,6788,71874,35826,27045,25364,1681,8781,36048,23218,21738,1480,12830,2818,1188,1124,1045,79,64,1630,941,893,48,689,9534,1779,727,385,342,1052,7755,1692,1353,339,6063,20846,8199,5195,4667,528,3004,12647,8505,7528,977,4142,,,,,,,,,,,,,,,,,,,,,,,,,,,,,,,,,,,,,,,,,,,,,,,,,,,,,,,,,,,,,,,,,,,,,,,,,,,
ACSSF,2010e1,al,000,0051,0000067,85941,24471,23680,791,40598,39502,1096,2200,2200,0,8277,8277,0,10395,10099,296,84679,23209,13587,8264,6155,2109,5323,9622,6339,5435,904,3283,40598,20227,14701,13802,899,5526,20371,12270,11639,631,8101,2200,856,633,633,0,223,1344,839,721,118,505,8277,1771,262,190,72,1509,6506,1332,1268,64,5174,10395,4424,2581,2351,230,1843,5971,4661,4161,500,1310,,,,,,,,,,,,,,,,,,,,,,,,,,,,,,,,,,,,,,,,,,,,,,,,,,,,,,,,,,,,,,,,,,,,,,,,,,,
ACSSF,2010e1,al,000,0051,0000068,85252,21409,20886,523,41355,40945,410,2888,2888,0,8569,8419,150,11031,10915,116,83957,20114,11550,7501,6109,1392,4049,8564,4541,3196,1345,4023,41355,21229,13277,11900,1377,7952,20126,10343,9599,744,9783,2888,830,721,554,167,109,2058,840,493,347,1218,8569,1480,199,199,0,1281,7089,1040,960,80,6049,11031,5380,3374,3003,371,2006,5651,2987,2618,369,2664,,,,,,,,,,,,,,,,,,,,,,,,,,,,,,,,,,,,,,,,,,,,,,,,,,,,,,,,,,,,,,,,,,,,,,,,,,,
ACSSF,2010e1,al,000,0051,0000069,129672,30666,30215,451,64825,63890,935,5352,5352,0,11260,11216,44,17569,17442,127,127250,28244,14710,7245,4754,2491,7465,13534,7087,4345,2742,6447,64825,33034,20985,18853,2132,12049,31791,18511,16952,1559,13280,5352,2173,994,977,17,1179,3179,1381,919,462,1798,11260,2688,344,275,69,2344,8572,1265,1215,50,7307,17569,8388,5155,4174,981,3233,9181,4166,3387,779,5015,,,,,,,,,,,,,,,,,,,,,,,,,,,,,,,,,,,,,,,,,,,,,,,,,,,,,,,,,,,,,,,,,,,,,,,,,,,
ACSSF,2010e1,al,000,0051,0000070,96020,26291,25744,547,45323,43718,1605,4025,3804,221,7137,6778,359,13244,13138,106,94819,25090,13674,8059,5733,2326,5615,11416,6358,4099,2259,5058,45323,22596,14005,13465,540,8591,22727,10812,9431,1381,11915,4025,1231,636,636,0,595,2794,1828,1295,533,966,7137,1303,311,276,35,992,5834,978,978,0,4856,13244,6287,3688,3084,604,2599,6957,4283,3858,425,2674,,,,,,,,,,,,,,,,,,,,,,,,,,,,,,,,,,,,,,,,,,,,,,,,,,,,,,,,,,,,,,,,,,,,,,,,,,,
ACSSF,2010e1,al,000,0051,0000071,153991,38592,34946,3646,87063,81722,5341,2145,1674,471,7942,7885,57,18249,17474,775,150890,35539,19037,13436,11112,2324,5601,16502,11826,10524,1302,4676,87015,43917,36484,34907,1577,7433,43098,26328,24788,1540,16770,2145,764,764,764,0,0,1381,1107,451,656,274,7942,1721,322,322,0,1399,6221,1852,1565,287,4369,18249,7391,6461,6068,393,930,10858,7376,6815,561,3482,,,,,,,,,,,,,,,,,,,,,,,,,,,,,,,,,,,,,,,,,,,,,,,,,,,,,,,,,,,,,,,,,,,,,,,,,,,
ACSSF,2010e1,al,000,0051,0000072,159310,62746,60475,2271,70286,66892,3394,2049,2049,0,8522,8358,164,15707,15445,262,157220,60656,31947,19080,16137,2943,12867,28709,14691,12313,2378,14018,70286,34008,24459,23706,753,9549,36278,22654,22165,489,13624,2049,961,672,580,92,289,1088,439,336,103,649,8522,1931,358,322,36,1573,6591,1342,1286,56,5249,15707,6343,4502,4116,386,1841,9364,5354,4670,684,4010,,,,,,,,,,,,,,,,,,,,,,,,,,,,,,,,,,,,,,,,,,,,,,,,,,,,,,,,,,,,,,,,,,,,,,,,,,,
ACSSF,2010e1,al,000,0051,0000073,101415,36269,36131,138,38684,38684,0,4794,4794,0,9635,9619,16,12033,12033,0,99215,34069,15430,7431,4525,2906,7999,18639,8628,6154,2474,10011,38684,20487,13406,12752,654,7081,18197,9221,8490,731,8976,4794,3599,2444,2156,288,1155,1195,639,624,15,556,9635,1717,371,238,133,1346,7918,739,724,15,7179,12033,5325,2701,1560,1141,2624,6708,3768,3091,677,2940,,,,,,,,,,,,,,,,,,,,,,,,,,,,,,,,,,,,,,,,,,,,,,,,,,,,,,,,,,,,,,,,,,,,,,,,,,,
ACSSF,2010e1,al,000,0051,0000074,103636,27077,25836,1241,52466,50239,2227,3132,3132,0,8074,8003,71,12887,12887,0,102862,26303,15529,8919,6675,2244,6610,10774,6490,4693,1797,4284,52466,26965,17723,16703,1020,9242,25501,14780,13721,1059,10721,3132,746,660,476,184,86,2386,1344,976,368,1042,8074,1326,225,225,0,1101,6748,940,929,11,5808,12887,7134,3989,2929,1060,3145,5753,3263,2176,1087,2490,,,,,,,,,,,,,,,,,,,,,,,,,,,,,,,,,,,,,,,,,,,,,,,,,,,,,,,,,,,,,,,,,,,,,,,,,,,
ACSSF,2010e1,al,000,0051,0000075,114420,43660,41093,2567,54233,50288,3945,2100,1811,289,4670,4653,17,9757,9326,431,112657,42056,21268,12982,10310,2672,8286,20788,11661,9441,2220,9127,54074,26872,21289,19900,1389,5583,27202,17542,16330,1212,9660,2100,1011,864,864,0,147,1089,586,574,12,503,4670,1112,334,334,0,778,3558,831,659,172,2727,9757,4682,3218,2737,481,1464,5075,3556,3517,39,1519,,,,,,,,,,,,,,,,,,,,,,,,,,,,,,,,,,,,,,,,,,,,,,,,,,,,,,,,,,,,,,,,,,,,,,,,,,,
ACSSF,2010e1,al,000,0051,0000076,158403,53367,52643,724,66579,64108,2471,5975,5768,207,11888,11770,118,20594,20168,426,156686,51650,26778,13787,10596,3191,12991,24872,15035,12100,2935,9837,66579,33790,22330,19794,2536,11460,32789,19087,17736,1351,13702,5975,2130,1062,1006,56,1068,3845,2543,2230,313,1302,11888,2571,817,817,0,1754,9317,1676,1560,116,7641,20594,9774,6057,5246,811,3717,10820,6502,5741,761,4318,,,,,,,,,,,,,,,,,,,,,,,,,,,,,,,,,,,,,,,,,,,,,,,,,,,,,,,,,,,,,,,,,,,,,,,,,,,
ACSSF,2010e1,al,000,0051,0000077,163170,62818,58873,3945,63200,58783,4417,5817,5399,418,9029,8751,278,22306,21751,555,160256,59904,28755,17682,15241,2441,11073,31149,18991,16868,2123,12158,63200,31587,24108,22750,1358,7479,31613,20307,18991,1316,11306,5817,2544,1460,1199,261,1084,3273,1809,1403,406,1464,9029,1598,275,275,0,1323,7431,1290,1290,0,6141,22306,9942,5397,4973,424,4545,12364,7699,7153,546,4665,,,,,,,,,,,,,,,,,,,,,,,,,,,,,,,,,,,,,,,,,,,,,,,,,,,,,,,,,,,,,,,,,,,,,,,,,,,
ACSSF,2010e1,al,000,0051,0000078,127939,30593,30061,532,70311,68252,2059,3860,3806,54,9040,9040,0,14135,14053,82,124987,27641,15145,7309,6249,1060,7836,12496,7354,6442,912,5142,70311,34487,26997,26125,872,7490,35824,21499,20539,960,14325,3860,2182,1533,1151,382,649,1678,1135,1116,19,543,9040,2034,850,850,0,1184,7006,1240,1240,0,5766,14135,5646,3285,2748,537,2361,8489,5421,5029,392,3068,,,,,,,,,,,,,,,,,,,,,,,,,,,,,,,,,,,,,,,,,,,,,,,,,,,,,,,,,,,,,,,,,,,,,,,,,,,
ACSSF,2010e1,al,000,0051,0000079,125826,44754,44399,355,51328,50217,1111,4804,4804,0,11240,11240,0,13700,13500,200,123361,42289,23705,9504,5784,3720,14201,18584,7773,5044,2729,10811,51328,25693,17170,16099,1071,8523,25635,13606,12437,1169,12029,4804,1622,1384,1079,305,238,3182,1330,1164,166,1852,11240,2968,405,405,0,2563,8272,1076,1076,0,7196,13700,6257,3125,2529,596,3132,7443,3364,3046,318,4079,,,,,,,,,,,,,,,,,,,,,,,,,,,,,,,,,,,,,,,,,,,,,,,,,,,,,,,,,,,,,,,,,,,,,,,,,,,
ACSSF,2010e1,al,000,0051,0000080,153135,58496,56132,2364,53560,50643,2917,7259,7259,0,11828,11609,219,21992,21166,826,151449,56810,28084,17931,14123,3808,10153,28726,17513,14344,3169,11213,53560,27159,18961,17828,1133,8198,26401,14769,13191,1578,11632,7259,3235,2127,1653,474,1108,4024,2557,1651,906,1467,11828,1917,552,479,73,1365,9911,1544,1352,192,8367,21992,9310,6190,4923,1267,3120,12682,8319,7682,637,4363,,,,,,,,,,,,,,,,,,,,,,,,,,,,,,,,,,,,,,,,,,,,,,,,,,,,,,,,,,,,,,,,,,,,,,,,,,,
ACSSF,2010e1,al,000,0051,0000081,175266,45437,43446,1991,90176,87280,2896,4236,4236,0,11193,10631,562,24224,23156,1068,172292,42463,22852,14575,11573,3002,8277,19611,11016,9695,1321,8595,90176,45397,33609,30987,2622,11788,44779,24544,22603,1941,20235,4236,1407,1073,725,348,334,2829,1939,1528,411,890,11193,2064,584,395,189,1480,9129,1992,1833,159,7137,24224,10071,6827,5562,1265,3244,14153,10082,8932,1150,4071,,,,,,,,,,,,,,,,,,,,,,,,,,,,,,,,,,,,,,,,,,,,,,,,,,,,,,,,,,,,,,,,,,,,,,,,,,,
ACSSF,2010e1,al,000,0051,0000082,148108,34242,32396,1846,81629,78183,3446,2360,2360,0,10668,10506,162,19209,18307,902,145994,32128,17323,9623,7788,1835,7700,14805,9461,7482,1979,5344,81629,42057,29342,27584,1758,12715,39572,20726,19273,1453,18846,2360,612,510,510,0,102,1748,1336,1278,58,412,10668,2400,415,415,0,1985,8268,1969,1788,181,6299,19209,8798,7078,6054,1024,1720,10411,6059,5316,743,4352,,,,,,,,,,,,,,,,,,,,,,,,,,,,,,,,,,,,,,,,,,,,,,,,,,,,,,,,,,,,,,,,,,,,,,,,,,,
ACSSF,2010e1,al,000,0051,0000083,93566,23695,23014,681,46277,45085,1192,2428,2323,105,7182,6964,218,13984,13704,280,92221,22350,12167,7497,6109,1388,4670,10183,5329,4381,948,4854,46277,23925,16876,16105,771,7049,22352,12163,11549,614,10189,2428,965,662,614,48,303,1463,594,584,10,869,7182,1386,346,346,0,1040,5796,1011,918,93,4785,13984,5928,4351,4049,302,1577,8056,4514,3819,695,3542,,,,,,,,,,,,,,,,,,,,,,,,,,,,,,,,,,,,,,,,,,,,,,,,,,,,,,,,,,,,,,,,,,,,,,,,,,,
ACSSF,2010e1,al,000,0051,0000084,121165,30459,29815,644,60750,58620,2130,3519,3458,61,8758,8600,158,17679,16934,745,119357,28651,15491,9652,8221,1431,5839,13160,8249,7221,1028,4911,60750,30418,21508,20982,526,8910,30332,19375,18133,1242,10957,3519,1423,984,984,0,439,2096,1534,1421,113,562,8758,1339,377,363,14,962,7419,1310,1260,50,6109,17679,8067,5809,5261,548,2258,9612,6684,6192,492,2928,,,,,,,,,,,,,,,,,,,,,,,,,,,,,,,,,,,,,,,,,,,,,,,,,,,,,,,,,,,,,,,,,,,,,,,,,,,
ACSSF,2010e1,al,000,0051,0000085,60736,14948,12663,2285,36175,30195,5980,1596,979,617,3359,3359,0,4658,4157,501,59615,13827,6432,4384,4254,130,2048,7395,4355,3905,450,3040,36175,18360,15357,14474,883,3003,17815,10140,9025,1115,7675,1596,606,606,606,0,0,990,930,634,296,60,3359,601,0,0,0,601,2758,401,401,0,2357,4658,1756,1534,1356,178,222,2902,1950,1847,103,952,,,,,,,,,,,,,,,,,,,,,,,,,,,,,,,,,,,,,,,,,,,,,,,,,,,,,,,,,,,,,,,,,,,,,,,,,,,
ACSSF,2010e1,al,000,0051,0000086,148108,34242,32396,1846,81629,78183,3446,2360,2360,0,10668,10506,162,19209,18307,902,145994,32128,17323,9623,7788,1835,7700,14805,9461,7482,1979,5344,81629,42057,29342,27584,1758,12715,39572,20726,19273,1453,18846,2360,612,510,510,0,102,1748,1336,1278,58,412,10668,2400,415,415,0,1985,8268,1969,1788,181,6299,19209,8798,7078,6054,1024,1720,10411,6059,5316,743,4352,,,,,,,,,,,,,,,,,,,,,,,,,,,,,,,,,,,,,,,,,,,,,,,,,,,,,,,,,,,,,,,,,,,,,,,,,,,
ACSSF,2010e1,al,000,0051,0000087,174305,75881,72826,3055,46586,43817,2769,8715,8508,207,15460,15339,121,27663,27139,524,172166,73742,36799,23285,18228,5057,13514,36943,24072,19231,4841,12871,46586,23149,15381,13788,1593,7768,23437,13644,11994,1650,9793,8715,5365,3226,2806,420,2139,3350,2671,2001,670,679,15460,2973,877,647,230,2096,12487,2719,2627,92,9768,27663,11435,6803,5973,830,4632,16228,9195,8128,1067,7033,,,,,,,,,,,,,,,,,,,,,,,,,,,,,,,,,,,,,,,,,,,,,,,,,,,,,,,,,,,,,,,,,,,,,,,,,,,
ACSSF,2010e1,al,000,0051,0000088,49972,11907,10850,1057,26781,26284,497,2139,1985,154,3976,3804,172,5169,5169,0,48774,10709,7179,4497,2512,1985,2682,3530,1216,724,492,2314,26781,13025,8220,7681,539,4805,13756,8128,7475,653,5628,2139,1018,529,507,22,489,1121,702,593,109,419,3976,891,345,212,133,546,3085,922,806,116,2163,5169,2652,1501,1343,158,1151,2517,1675,1442,233,842,,,,,,,,,,,,,,,,,,,,,,,,,,,,,,,,,,,,,,,,,,,,,,,,,,,,,,,,,,,,,,,,,,,,,,,,,,,
ACSSF,2010e1,al,000,0051,0000089,52585,14833,14499,334,24683,23675,1008,1721,1660,61,3334,3284,50,8014,7735,279,51772,14020,7479,4143,3355,788,3336,6541,3980,3248,732,2561,24683,12603,8904,8705,199,3699,12080,7467,7182,285,4613,1721,572,391,391,0,181,1149,718,652,66,431,3334,325,35,21,14,290,3009,433,415,18,2576,8014,3421,2186,1863,323,1235,4593,2914,2677,237,1679,,,,,,,,,,,,,,,,,,,,,,,,,,,,,,,,,,,,,,,,,,,,,,,,,,,,,,,,,,,,,,,,,,,,,,,,,,,
ACSSF,2010e1,al,000,0051,0000090,59655,14171,14106,65,33966,33033,933,1517,1517,0,3608,3608,0,6393,6311,82,58437,12953,7579,2972,2528,444,4607,5374,3075,2668,407,2299,33966,16174,12520,12361,159,3654,17792,10779,10177,602,7013,1517,784,366,317,49,418,733,555,536,19,178,3608,976,306,306,0,670,2632,360,360,0,2272,6393,2803,1410,1186,224,1393,3590,2354,2103,251,1236,,,,,,,,,,,,,,,,,,,,,,,,,,,,,,,,,,,,,,,,,,,,,,,,,,,,,,,,,,,,,,,,,,,,,,,,,,,
ACSSF,2010e1,al,000,0051,0000091,141380,48129,43098,5031,62091,55514,6577,3819,3593,226,8782,8413,369,18559,18164,395,138840,45637,24757,17891,13938,3953,6866,20880,15364,11903,3461,5516,62043,30682,22306,21510,796,8376,31361,17973,17139,834,13388,3819,1280,1169,997,172,111,2539,2204,1861,343,335,8782,2049,651,651,0,1398,6733,1436,1381,55,5297,18559,7744,5567,4772,795,2177,10815,8112,6858,1254,2703,,,,,,,,,,,,,,,,,,,,,,,,,,,,,,,,,,,,,,,,,,,,,,,,,,,,,,,,,,,,,,,,,,,,,,,,,,,
ACSSF,2010e1,al,000,0051,0000092,188293,52541,50650,1891,93120,90848,2272,3154,2929,225,13154,13032,122,26324,25971,353,184869,49117,25899,17090,13994,3096,8809,23218,15919,13984,1935,7299,93120,46166,34276,31929,2347,11890,46954,29381,27474,1907,17573,3154,1258,1137,1137,0,121,1896,1018,1018,0,878,13154,2782,745,519,226,2037,10372,1848,1445,403,8524,26324,10617,7027,6392,635,3590,15707,11233,9839,1394,4474,,,,,,,,,,,,,,,,,,,,,,,,,,,,,,,,,,,,,,,,,,,,,,,,,,,,,,,,,,,,,,,,,,,,,,,,,,,
ACSSF,2010e1,al,000,0051,0000093,98253,25775,25139,636,56734,53252,3482,936,936,0,5648,5648,0,9160,8979,181,96165,23687,14672,9929,7221,2708,4743,9015,6384,5659,725,2631,56734,28045,22533,21470,1063,5512,28689,16522,15606,916,12167,936,375,313,313,0,62,561,456,456,0,105,5648,1197,280,280,0,917,4451,1073,925,148,3378,9160,4251,2991,2795,196,1260,4909,3999,3259,740,910,,,,,,,,,,,,,,,,,,,,,,,,,,,,,,,,,,,,,,,,,,,,,,,,,,,,,,,,,,,,,,,,,,,,,,,,,,,
ACSSF,2010e1,al,000,0051,0000094,318001,101500,97570,3930,138435,132774,5661,11361,11361,0,22416,21635,781,44289,42998,1291,313542,97041,49808,31697,24987,6710,18111,47233,27861,23371,4490,19372,138435,69891,50673,47139,3534,19218,68544,37940,34636,3304,30604,11361,4560,3118,2296,822,1442,6801,4444,3127,1317,2357,22416,3919,1136,874,262,2783,18497,3485,3134,351,15012,44289,18116,11948,9416,2532,6168,26173,17868,16187,1681,8305,,,,,,,,,,,,,,,,,,,,,,,,,,,,,,,,,,,,,,,,,,,,,,,,,,,,,,,,,,,,,,,,,,,,,,,,,,,
ACSSF,2010e1,al,000,0051,0000095,182019,67602,63533,4069,73013,68314,4699,6341,5869,472,10712,10434,278,24351,23796,555,178569,64152,31080,19088,16492,2596,11992,33072,19990,17807,2183,13082,73013,36496,27893,26426,1467,8603,36517,22923,21625,1298,13594,6341,2957,1743,1347,396,1214,3384,1886,1480,406,1498,10712,1939,374,374,0,1565,8773,1487,1487,0,7286,24351,10157,5548,5124,424,4609,14194,8702,8156,546,5492,,,,,,,,,,,,,,,,,,,,,,,,,,,,,,,,,,,,,,,,,,,,,,,,,,,,,,,,,,,,,,,,,,,,,,,,,,,
ACSSF,2010e1,al,000,0051,0000096,136662,34582,31074,3508,76243,71125,5118,1792,1321,471,7239,7182,57,16806,16153,653,134006,31974,17579,12304,10021,2283,5275,14395,10522,9333,1189,3873,76195,38415,31823,30479,1344,6592,37780,23455,22236,1219,14325,1792,583,583,583,0,0,1209,935,375,560,274,7239,1580,322,322,0,1258,5659,1791,1504,287,3868,16806,6886,6015,5756,259,871,9920,6733,6218,515,3187,,,,,,,,,,,,,,,,,,,,,,,,,,,,,,,,,,,,,,,,,,,,,,,,,,,,,,,,,,,,,,,,,,,,,,,,,,,
ACSSF,2010e1,al,000,0051,0000097,76175,37548,35827,1721,26453,24869,1584,1153,1153,0,4517,4395,122,6504,6388,116,75342,36715,18559,10743,9593,1150,7816,18156,8592,7083,1509,9564,26453,12939,8892,8436,456,4047,13514,8605,8487,118,4909,1153,672,467,375,92,205,481,149,95,54,332,4517,1044,114,78,36,930,3473,707,707,0,2766,6504,2387,1818,1630,188,569,4117,2397,1747,650,1720,,,,,,,,,,,,,,,,,,,,,,,,,,,,,,,,,,,,,,,,,,,,,,,,,,,,,,,,,,,,,,,,,,,,,,,,,,,
ACSSF,2010e1,al,000,0051,0000098,83135,25198,24648,550,43833,42023,1810,896,896,0,4005,3963,42,9203,9057,146,81878,23941,13388,8337,6544,1793,5051,10553,6099,5230,869,4454,43833,21069,15567,15270,297,5502,22764,14049,13678,371,8715,896,289,205,205,0,84,607,290,241,49,317,4005,887,244,244,0,643,3118,635,579,56,2483,9203,3956,2684,2486,198,1272,5247,2957,2923,34,2290,,,,,,,,,,,,,,,,,,,,,,,,,,,,,,,,,,,,,,,,,,,,,,,,,,,,,,,,,,,,,,,,,,,,,,,,,,,
