ACSSF,2010e1,al,000,0122,0000001,1978825,38237,139886,270156,55155,242965,98189,33680,113437,180415,423565,165400,101656,116084,630546,10001,22114,52820,6822,22968,14773,14631,45783,85128,265204,23483,22300,44519,332024,1391,675,6056,800,8411,2962,873,4271,37964,87682,111900,34446,34593,498720,2101,9060,29802,29009,174272,20316,12781,59548,39513,55302,24737,16393,25886,207577,19385,98811,22056,4190,9695,11984,4180,2717,3682,5249,1741,17865,6022,309958,5359,9226,159422,14334,27619,48154,1215,1118,14128,10128,3539,10652,5064
ACSSF,2010e1,al,000,0122,0000002,1059686,9702,62710,120932,26443,131579,46368,21814,66264,111298,239132,107843,56787,58814,361930,2082,10475,27292,3433,13145,7742,9487,29175,54515,152407,15082,13115,23980,190632,443,177,1586,573,4039,1415,703,1904,22691,49558,71496,20111,15936,277177,450,4546,14068,14731,96332,9553,8534,32543,24311,30700,17515,9720,14174,87549,4528,44892,8190,1433,4541,4714,2181,1792,1542,2100,1063,7981,2592,142398,2199,2620,69796,6273,13522,22944,909,850,8239,4367,2687,5860,2132
ACSSF,2010e1,al,000,0122,0000003,919139,28535,77176,149224,28712,111386,51821,11866,47173,69117,184433,57557,44869,57270,268616,7919,11639,25528,3389,9823,7031,5144,16608,30613,112797,8401,9185,20539,141392,948,498,4470,227,4372,1547,170,2367,15273,38124,40404,14335,18657,221543,1651,4514,15734,14278,77940,10763,4247,27005,15202,24602,7222,6673,11712,120028,14857,53919,13866,2757,5154,7270,1999,925,2140,3149,678,9884,3430,167560,3160,6606,89626,8061,14097,25210,306,268,5889,5761,852,4792,2932
ACSSF,2010e1,al,000,0122,0000004,1808611,28978,125900,233965,51983,221887,86067,32443,106841,173035,389710,155325,94347,108130,589237,8076,20606,48774,6554,20898,12935,14143,43332,82700,246566,21720,20414,42519,306545,1100,641,4814,777,7624,2801,873,4064,35511,79441,104749,32108,32042,460427,1328,8467,26905,27163,160583,17910,12227,55741,38326,49967,23697,15257,22856,184023,14753,88856,17733,4029,8669,10928,4028,2599,3559,4768,1620,16648,5833,268379,3721,7330,135739,13460,24113,41493,1172,1105,12939,8968,3539,9920,4880
ACSSF,2010e1,al,000,0122,0000005,1464254,20563,99444,176858,42720,178957,69485,27790,89491,147879,319790,128136,76476,86665,493985,5318,17410,40311,5374,17750,10801,12057,36470,73821,202548,19288,17114,35723,242934,842,569,3603,446,5708,2432,803,3031,28472,63830,84474,24823,23901,381058,854,6752,20560,22577,130142,14640,10617,47275,33047,42655,19659,13385,18895,139513,10446,68264,13053,3286,6676,7862,3210,1874,2513,3700,1421,12537,4671,206764,3103,6449,99331,11037,18681,33750,1103,841,10026,7057,3294,8617,3475
ACSSF,2010e1,al,000,0122,0000006,551584,4100,30256,54642,12591,65187,23121,10905,30673,59343,135391,61322,29825,34228,196124,912,5181,14218,1376,7559,3244,4365,12267,29819,85274,10147,6707,15055,106724,243,128,824,303,2311,628,620,1078,11198,29079,40888,10558,8866,135288,183,2448,5774,6645,45964,3882,3859,16264,12605,17109,7911,5042,7602,41832,1773,21071,2580,652,2528,2604,1338,706,608,1385,589,4536,1462,71616,989,1428,31246,3615,6825,12763,723,358,5113,2544,1787,2982,1243
ACSSF,2010e1,al,000,0122,0000007,912670,16463,69188,122216,30129,113770,46364,16885,58818,88536,184399,66814,46651,52437,297861,4406,12229,26093,3998,10191,7557,7692,24203,44002,117274,9141,10407,20668,136210,599,441,2779,143,3397,1804,183,1953,17274,34751,43586,14265,15035,245770,671,4304,14786,15932,84178,10758,6758,31011,20442,25546,11748,8343,11293,97681,8673,47193,10473,2634,4148,5258,1872,1168,1905,2315,832,8001,3209,135148,2114,5021,68085,7422,11856,20987,380,483,4913,4513,1507,5635,2232
ACSSF,2010e1,al,000,0122,0000008,344357,8415,26456,57107,9263,42930,16582,4653,17350,25156,69920,27189,17871,21465,95252,2758,3196,8463,1180,3148,2134,2086,6862,8879,44018,2432,3300,6796,63611,258,72,1211,331,1916,369,70,1033,7039,15611,20275,7285,8141,79369,474,1715,6345,4586,30441,3270,1610,8466,5279,7312,4038,1872,3961,44510,4307,20592,4680,743,1993,3066,818,725,1046,1068,199,4111,1162,61615,618,881,36408,2423,5432,7743,69,264,2913,1911,245,1303,1405
ACSSF,2010e1,al,000,0122,0000009,111985,2076,7182,18287,2961,13943,4295,1453,5918,9525,24671,9334,5792,6548,34070,581,1050,3047,239,1022,561,870,2843,3752,16060,815,1037,2193,19762,95,0,65,159,393,92,0,306,1979,5263,6728,2230,2452,28135,50,460,2272,1939,10917,676,494,2396,2446,2886,1542,671,1386,11715,825,5576,1630,0,335,965,89,296,288,105,66,1239,301,18303,525,96,11273,624,1276,2001,0,77,1060,357,183,615,216
ACSSF,2010e1,al,000,0122,0000010,232372,6339,19274,38820,6302,28987,12287,3200,11432,15631,45249,17855,12079,14917,61182,2177,2146,5416,941,2126,1573,1216,4019,5127,27958,1617,2263,4603,43849,163,72,1146,172,1523,277,70,727,5060,10348,13547,5055,5689,51234,424,1255,4073,2647,19524,2594,1116,6070,2833,4426,2496,1201,2575,32795,3482,15016,3050,743,1658,2101,729,429,758,963,133,2872,861,43312,93,785,25135,1799,4156,5742,69,187,1853,1554,62,688,1189
ACSSF,2010e1,al,000,0122,0000011,170214,9259,13986,36191,3172,21078,12122,1237,6596,7380,33855,10075,7309,7954,41309,1925,1508,4046,268,2070,1838,488,2451,2428,18638,1763,1886,2000,25479,291,34,1242,23,787,161,0,207,2453,8241,7151,2338,2551,38293,773,593,2897,1846,13689,2406,554,3807,1187,5335,1040,1136,3030,23554,4632,9955,4323,161,1026,1056,152,118,123,481,121,1217,189,41579,1638,1896,23683,874,3506,6661,43,13,1189,1160,0,732,184
ACSSF,2010e1,al,000,0122,0000012,514571,17674,40442,93298,12435,64008,28704,5890,23946,32536,103775,37264,25180,29419,136561,4683,4704,12509,1448,5218,3972,2574,9313,11307,62656,4195,5186,8796,89090,549,106,2453,354,2703,530,70,1240,9492,23852,27426,9623,10692,117662,1247,2308,9242,6432,44130,5676,2164,12273,6466,12647,5078,3008,6991,68064,8939,30547,9003,904,3019,4122,970,843,1169,1549,320,5328,1351,103194,2256,2777,60091,3297,8938,14404,112,277,4102,3071,245,2035,1589
ACSSF,2010e1,al,000,0122,0000013,77263,1302,6489,6134,2131,9525,3557,940,5893,9873,14753,8257,3575,4834,25285,403,866,2241,397,699,974,640,2679,3502,10008,1104,515,1257,16181,0,72,236,142,211,0,21,616,2508,2604,5693,1843,2235,18389,162,225,908,1258,7007,499,227,2301,2124,1621,1250,176,631,9903,737,5217,546,175,741,418,52,297,324,296,107,718,275,7505,0,109,2203,159,867,1666,0,0,1415,224,103,323,436
ACSSF,2010e1,al,000,0122,0000014,42768,337,1371,7868,750,5706,1626,779,2234,3776,8351,3799,2440,3731,12493,239,353,974,91,705,121,344,749,1177,5653,670,566,851,6570,0,0,349,0,58,74,73,0,700,1213,2559,946,598,10803,0,39,492,298,4424,372,322,1252,818,1219,570,197,800,4427,0,834,926,71,137,333,40,95,457,104,0,385,1045,8475,98,145,5127,290,382,726,0,138,624,162,0,346,437
ACSSF,2010e1,al,000,0122,0000015,,,,,,,,,,,,,,,,,,,,,,,,,,,,,,,,,,,,,,,,,,,,,,,,,,,,,,,,,,,,,,,,,,,,,,,,,,,,,,,,,,,,
ACSSF,2010e1,al,000,0122,0000016,,,,,,,,,,,,,,,,,,,,,,,,,,,,,,,,,,,,,,,,,,,,,,,,,,,,,,,,,,,,,,,,,,,,,,,,,,,,,,,,,,,,
ACSSF,2010e1,al,000,0122,0000017,,,,,,,,,,,,,,,,,,,,,,,,,,,,,,,,,,,,,,,,,,,,,,,,,,,,,,,,,,,,,,,,,,,,,,,,,,,,,,,,,,,,
ACSSF,2010e1,al,000,0122,0000018,,,,,,,,,,,,,,,,,,,,,,,,,,,,,,,,,,,,,,,,,,,,,,,,,,,,,,,,,,,,,,,,,,,,,,,,,,,,,,,,,,,,
ACSSF,2010e1,al,000,0122,0000019,45470,790,2967,4237,1897,6225,2838,670,1980,3458,9843,5200,2658,2707,12851,269,400,849,127,464,478,258,686,1226,6252,607,659,576,8998,24,57,27,0,300,155,17,14,830,1784,3495,907,1388,12518,14,106,518,1219,4808,597,148,1087,936,1533,798,293,461,5172,339,2197,322,120,299,542,185,193,202,39,175,468,91,5931,144,207,2521,431,354,1066,62,0,264,235,125,331,191
ACSSF,2010e1,al,000,0122,0000020,289454,1761,17682,27091,8859,34024,14727,8309,25021,29164,67630,26357,15828,13001,105912,354,3396,6224,1567,4067,3053,3575,12262,15551,42611,4954,3457,4841,46495,58,15,322,181,826,354,166,493,5665,13691,15271,5556,3897,81218,222,1220,4756,4461,24675,3605,3566,11790,6251,9178,5433,2785,3276,23735,914,12570,1666,470,1265,1384,900,374,123,584,234,2639,612,32094,213,481,14123,2180,3191,6331,102,102,1574,1566,465,1391,375
ACSSF,2010e1,al,000,0122,0000021,39581,946,3579,4285,1364,6047,2474,439,1771,2710,8624,3551,3148,643,12209,583,893,699,320,621,465,167,776,1208,5419,246,609,203,7739,0,48,259,66,67,324,0,0,990,1683,2728,1398,176,10629,0,269,663,880,4969,76,209,973,350,987,273,716,264,3785,363,2070,303,0,170,236,0,22,0,183,244,194,0,5219,0,299,2361,98,220,1373,63,0,162,352,60,231,0
ACSSF,2010e1,al,000,0122,0000022,63718,763,3315,7701,765,7232,1976,1198,3862,4520,18639,7234,3187,3326,23412,151,302,1258,71,549,462,687,1901,2133,13413,1084,585,816,11671,60,0,244,0,527,83,0,199,968,2437,5058,898,1197,13977,0,281,418,389,4877,247,347,1725,1003,2068,754,566,1302,5792,328,2500,835,276,205,11,164,37,239,273,15,909,0,8866,224,232,4946,29,1074,1173,0,0,177,448,323,229,11
ACSSF,2010e1,al,000,0122,0000023,,,,,,,,,,,,,,,,,,,,,,,,,,,,,,,,,,,,,,,,,,,,,,,,,,,,,,,,,,,,,,,,,,,,,,,,,,,,,,,,,,,,
ACSSF,2010e1,al,000,0122,0000024,156411,569,9917,18415,2697,15082,4612,4594,7674,28194,31686,12588,7637,12746,70694,341,1934,8356,184,1348,472,1926,2432,20246,21082,2673,2085,7615,21414,61,80,202,0,161,47,0,329,3148,5608,7155,2526,2097,36330,0,1034,1975,1392,11757,928,2225,4754,3699,3735,2001,1034,1796,11297,113,6427,877,0,518,421,373,19,167,621,0,1365,396,16676,54,442,7005,1121,1298,2744,70,140,934,640,759,627,842
ACSSF,2010e1,al,000,0122,0000025,39438,564,3866,8567,1635,5280,1069,827,1374,2421,7018,1647,1809,3361,9708,68,50,1519,54,266,157,61,459,1081,4559,66,386,982,6263,0,0,195,0,195,0,0,191,717,1560,1277,487,1641,8530,0,64,241,854,3963,415,489,647,402,667,240,188,360,5906,375,3633,508,182,66,0,208,0,47,51,64,605,167,9031,121,119,6104,545,790,497,69,77,174,181,0,143,211
ACSSF,2010e1,al,000,0122,0000026,170552,2025,10788,21036,5355,22541,9296,2413,8469,17946,38617,17012,8326,6728,49629,352,1753,4789,543,2244,665,1178,2363,7169,23477,1719,1233,2144,32236,190,0,283,0,949,140,274,629,3437,8535,12429,2751,2619,46652,131,1385,1771,2764,16053,2348,549,4883,5289,5452,2168,2393,1466,15014,772,6267,2007,831,952,1173,361,342,398,364,284,1057,206,27021,580,1383,12186,1217,2343,4970,51,252,1653,789,412,892,293
ACSSF,2010e1,al,000,0122,0000027,99081,535,3959,9332,2467,11904,3929,833,5802,9252,20680,10844,6779,12765,34412,269,1213,1585,190,1160,310,375,2840,3754,12574,1365,1960,6817,20005,0,0,305,0,669,241,0,33,2196,5105,7781,1429,2246,25713,51,264,715,1357,8072,1298,256,2713,2407,2552,1638,1341,3049,6033,215,2432,109,200,564,487,202,135,128,0,0,1229,332,12918,0,50,6618,720,1439,1593,0,81,767,449,60,820,321
ACSSF,2010e1,al,000,0122,0000028,53198,495,3745,11347,1692,5495,3281,783,2244,5808,7868,6052,2530,1858,14598,119,419,3309,126,785,142,72,581,2130,4843,438,451,1183,9522,0,0,59,56,37,190,171,88,1099,1467,5034,983,338,12993,0,68,1922,646,3564,664,288,1575,1686,1201,509,585,285,5297,244,2942,558,0,329,560,252,0,0,190,0,170,52,10788,132,316,5499,864,780,1725,0,0,893,167,71,341,0
ACSSF,2010e1,al,000,0122,0000029,35991,385,2902,4557,2055,4935,2201,697,2000,2932,6655,1684,1929,3059,10227,248,642,900,333,539,414,222,1192,874,3839,310,360,354,5581,137,0,0,0,289,64,0,0,701,1681,1049,285,1375,9617,0,202,709,1173,3499,288,285,678,929,894,275,327,358,3954,0,1733,86,205,40,118,152,130,121,177,50,583,559,6612,0,325,2862,344,568,1317,38,0,307,64,0,374,413
ACSSF,2010e1,al,000,0122,0000030,97212,1352,7570,6349,3661,14025,3609,3074,10130,12006,18850,7566,4696,4324,41130,234,2547,3046,696,1330,1911,1770,5021,6376,13858,1516,1466,1359,13028,43,0,150,0,313,0,0,213,1614,2078,5195,1563,1859,28548,74,297,519,2409,10932,878,1243,4774,3202,2435,638,395,752,8293,944,4530,428,0,281,233,0,56,364,250,80,922,205,6213,57,196,2206,556,1169,587,61,66,450,229,137,350,149
ACSSF,2010e1,al,000,0122,0000031,,,,,,,,,,,,,,,,,,,,,,,,,,,,,,,,,,,,,,,,,,,,,,,,,,,,,,,,,,,,,,,,,,,,,,,,,,,,,,,,,,,,
ACSSF,2010e1,al,000,0122,0000032,85616,1946,7675,9310,1941,9871,3066,1688,4077,7110,23788,7716,4465,2963,28123,205,759,1608,468,1643,143,613,1856,2703,15105,1548,694,778,13866,57,0,105,0,240,0,102,96,2699,3892,4126,1359,1190,19010,142,68,771,701,6363,749,316,2001,1107,3752,1590,603,847,10197,1209,5900,473,160,211,406,197,124,88,374,37,927,91,14420,333,948,6353,612,1414,1768,460,0,513,665,415,882,57
ACSSF,2010e1,al,000,0122,0000033,,,,,,,,,,,,,,,,,,,,,,,,,,,,,,,,,,,,,,,,,,,,,,,,,,,,,,,,,,,,,,,,,,,,,,,,,,,,,,,,,,,,
ACSSF,2010e1,al,000,0122,0000034,85306,463,5156,8174,2017,9390,4115,1865,6242,8305,21165,9975,4549,3890,24247,0,313,1102,76,844,529,550,2240,3628,11036,1531,669,1729,18690,58,0,0,47,239,75,0,137,2316,6312,6700,1961,845,21077,50,326,626,989,6238,557,784,3865,1514,3022,1543,728,835,8227,277,4268,481,111,857,249,531,0,0,206,0,1028,219,13065,78,249,5965,794,1212,2705,0,0,847,589,201,163,262
ACSSF,2010e1,al,000,0122,0000035,28315,202,1158,3034,1374,3902,1671,398,1286,2349,6175,3400,1633,1733,8590,51,208,757,99,352,274,178,435,792,4311,451,336,346,5386,0,0,0,0,263,82,0,14,379,924,2121,704,899,7903,14,43,266,856,2875,444,86,644,741,849,591,220,274,2488,69,766,138,77,182,301,72,193,173,39,148,239,91,3948,68,141,1873,342,230,570,62,0,264,52,89,134,123
ACSSF,2010e1,al,000,0122,0000036,,,,,,,,,,,,,,,,,,,,,,,,,,,,,,,,,,,,,,,,,,,,,,,,,,,,,,,,,,,,,,,,,,,,,,,,,,,,,,,,,,,,
ACSSF,2010e1,al,000,0122,0000037,85393,234,5902,9183,1185,8950,2320,1917,4273,14154,18562,8053,4162,6498,36483,234,1268,4099,102,1043,165,446,928,9576,12107,2144,869,3502,13771,0,80,202,0,161,47,0,269,1783,3816,4159,1909,1345,20480,0,787,811,720,6722,280,1280,3057,2035,2176,1153,497,962,5879,0,3630,348,0,299,260,191,19,49,274,0,468,341,8780,0,137,3723,363,725,1568,0,0,711,189,597,419,348
ACSSF,2010e1,al,000,0122,0000038,79356,779,4181,6808,1934,11242,4139,1415,3871,8676,20635,8684,3952,3040,26340,156,889,1716,305,1735,474,812,1178,3974,12931,1100,411,659,17367,125,0,58,0,238,53,274,404,1549,5001,6843,1516,1306,20724,0,450,985,1143,8037,704,169,1808,2530,2072,653,1260,913,4822,138,2354,411,47,112,583,109,342,74,128,50,414,60,10103,360,488,3638,439,1120,2325,51,139,549,503,38,351,102
ACSSF,2010e1,al,000,0122,0000039,89566,318,3109,8244,2202,10782,3517,767,5148,8623,18392,10119,6291,12054,30634,52,751,1314,190,1110,310,309,2638,3326,11092,1313,1899,6330,18703,0,0,305,0,669,241,0,33,2051,4688,7209,1429,2078,22912,51,149,609,1150,7049,1096,256,2329,2407,2163,1537,1123,2993,5490,215,2159,66,200,515,377,202,67,128,0,0,1229,332,11827,0,50,5950,662,1439,1493,0,81,711,449,60,611,321
ACSSF,2010e1,al,000,0122,0000040,,,,,,,,,,,,,,,,,,,,,,,,,,,,,,,,,,,,,,,,,,,,,,,,,,,,,,,,,,,,,,,,,,,,,,,,,,,,,,,,,,,,
ACSSF,2010e1,al,000,0122,0000041,85306,463,5156,8174,2017,9390,4115,1865,6242,8305,21165,9975,4549,3890,24247,0,313,1102,76,844,529,550,2240,3628,11036,1531,669,1729,18690,58,0,0,47,239,75,0,137,2316,6312,6700,1961,845,21077,50,326,626,989,6238,557,784,3865,1514,3022,1543,728,835,8227,277,4268,481,111,857,249,531,0,0,206,0,1028,219,13065,78,249,5965,794,1212,2705,0,0,847,589,201,163,262
ACSSF,2010e1,al,000,0122,0000042,,,,,,,,,,,,,,,,,,,,,,,,,,,,,,,,,,,,,,,,,,,,,,,,,,,,,,,,,,,,,,,,,,,,,,,,,,,,,,,,,,,,
ACSSF,2010e1,al,000,0122,0000043,27830,202,1158,2848,1321,3902,1515,398,1286,2349,6122,3400,1596,1733,8537,51,208,757,99,352,274,178,435,792,4258,451,336,346,5386,0,0,0,0,263,82,0,14,379,924,2121,704,899,7657,14,43,266,803,2875,288,86,644,741,849,591,183,274,2488,69,766,138,77,182,301,72,193,173,39,148,239,91,3762,68,141,1687,342,230,570,62,0,264,52,89,134,123
ACSSF,2010e1,al,000,0122,0000044,85393,234,5902,9183,1185,8950,2320,1917,4273,14154,18562,8053,4162,6498,36483,234,1268,4099,102,1043,165,446,928,9576,12107,2144,869,3502,13771,0,80,202,0,161,47,0,269,1783,3816,4159,1909,1345,20480,0,787,811,720,6722,280,1280,3057,2035,2176,1153,497,962,5879,0,3630,348,0,299,260,191,19,49,274,0,468,341,8780,0,137,3723,363,725,1568,0,0,711,189,597,419,348
ACSSF,2010e1,al,000,0122,0000045,79356,779,4181,6808,1934,11242,4139,1415,3871,8676,20635,8684,3952,3040,26340,156,889,1716,305,1735,474,812,1178,3974,12931,1100,411,659,17367,125,0,58,0,238,53,274,404,1549,5001,6843,1516,1306,20724,0,450,985,1143,8037,704,169,1808,2530,2072,653,1260,913,4822,138,2354,411,47,112,583,109,342,74,128,50,414,60,10103,360,488,3638,439,1120,2325,51,139,549,503,38,351,102
ACSSF,2010e1,al,000,0122,0000046,89566,318,3109,8244,2202,10782,3517,767,5148,8623,18392,10119,6291,12054,30634,52,751,1314,190,1110,310,309,2638,3326,11092,1313,1899,6330,18703,0,0,305,0,669,241,0,33,2051,4688,7209,1429,2078,22912,51,149,609,1150,7049,1096,256,2329,2407,2163,1537,1123,2993,5490,215,2159,66,200,515,377,202,67,128,0,0,1229,332,11827,0,50,5950,662,1439,1493,0,81,711,449,60,611,321
ACSSF,2010e1,al,000,0122,0000047,,,,,,,,,,,,,,,,,,,,,,,,,,,,,,,,,,,,,,,,,,,,,,,,,,,,,,,,,,,,,,,,,,,,,,,,,,,,,,,,,,,,
ACSSF,2010e1,al,000,0122,0000048,277703,4264,20544,33325,7603,34963,15035,3825,15918,29570,59102,26787,13387,13380,82340,773,2812,7886,952,3301,2149,1917,5793,11055,36708,3025,2056,3913,52650,381,106,762,142,1160,140,295,1245,6154,12068,19438,5198,5561,71455,406,1867,2865,4090,25297,3064,1092,7976,7705,8074,3418,2905,2696,28827,1947,13437,3529,1006,1787,1771,444,639,722,660,391,2013,481,42431,757,2322,18283,1413,3418,7911,77,265,3934,1592,515,1215,729
ACSSF,2010e1,al,000,0122,0000049,282675,8061,17644,35715,9090,37407,16646,2858,13604,20506,58089,24509,13552,24994,80359,1856,2296,4654,844,2553,2322,979,5111,7619,35380,3084,3630,10031,50946,155,392,919,111,1229,659,66,414,5582,13012,17560,4141,6706,75497,167,1003,4292,4570,27917,3810,1085,7659,5441,8055,3307,2542,5649,34459,4915,13409,4316,785,1633,3382,625,420,472,297,291,2261,1653,41414,968,544,21534,2780,4075,6473,103,0,1392,1345,267,978,955
ACSSF,2010e1,al,000,0122,0000050,267557,4367,16055,41748,5095,32173,10142,3616,15697,18129,62997,24060,14045,19433,84139,1877,3034,5487,777,2853,864,2360,6219,7325,40074,2724,3244,7301,47384,200,34,1287,159,1887,455,73,868,3905,12434,16947,4636,4499,63125,151,1079,4358,2721,21466,2098,788,7807,4067,7668,3924,1655,5343,26188,1425,11180,3877,527,734,1364,395,584,1070,1016,15,2603,1398,46721,714,728,26739,911,5233,5361,0,219,1762,1805,450,1907,892
ACSSF,2010e1,al,000,0122,0000051,251913,7931,20321,50680,7636,33010,13595,2819,9999,15504,48678,15851,13691,12198,63395,2273,1768,6254,370,2944,1002,712,2885,6494,30281,1572,2940,3900,37921,208,0,1174,52,1557,291,0,336,3479,11274,11772,3877,3901,60526,280,1227,5425,3829,22839,3130,1228,6193,3909,5613,2009,1714,3130,32610,4112,15814,3680,813,1832,1067,699,259,258,447,273,2824,532,57461,1058,1512,34147,2572,3838,8105,180,326,1364,1063,225,2336,735
ACSSF,2010e1,al,000,0122,0000052,315922,4070,23125,48356,7554,35073,13070,6252,14688,42027,62099,25870,16380,17358,117331,1689,4177,14558,773,3134,1927,2371,4696,26444,39300,4204,3836,10222,49505,61,128,1160,122,467,635,171,462,6437,13475,17143,6258,2986,73976,93,1954,5451,4202,26321,1992,2913,9280,6398,6868,3183,2461,2860,28910,1953,15414,2628,225,1536,1600,603,110,259,1105,370,2659,448,46200,274,1452,24559,2232,3615,6916,194,140,2489,1351,970,1166,842
ACSSF,2010e1,al,000,0122,0000053,346844,4414,26335,30133,12425,42871,16880,10205,31400,36204,75530,24935,18760,16752,141907,800,6745,9393,2080,5588,5257,4910,16346,20561,54840,5186,4914,5287,45463,237,15,431,154,988,580,166,719,5384,8616,15478,5688,7007,94954,423,1566,4964,7288,30979,3796,4227,13673,7988,9937,3758,3270,3085,31337,2279,16855,1695,400,992,1930,701,560,672,805,285,3150,1013,33183,675,1154,13650,2503,4324,5317,201,102,1599,1332,228,1738,360
ACSSF,2010e1,al,000,0122,0000054,236211,5130,15862,30199,5752,27468,12821,4105,12131,18475,57070,23388,11841,11969,61075,733,1282,4588,1026,2595,1252,1382,4733,5630,28621,3688,1680,3865,48155,149,0,323,60,1123,202,102,227,7023,16803,13562,4648,3933,59187,581,364,2447,2309,19453,2426,1448,6960,4005,9087,5138,1846,3123,25246,2754,12702,2331,434,1181,870,713,145,229,919,116,2355,497,42548,913,1514,20510,1923,3116,8071,460,66,1588,1640,884,1312,551
ACSSF,2010e1,al,000,0122,0000055,61029,1520,5452,8318,2594,8680,3716,660,2524,4358,13148,4942,3968,1149,17493,710,1157,1155,461,779,620,228,993,1556,8085,449,895,405,11114,0,48,421,66,67,324,0,0,1529,2774,3861,1708,316,16246,0,364,995,1666,7234,173,290,1509,731,1711,328,817,428,6034,810,3326,436,0,245,444,18,22,0,183,244,306,0,10142,0,557,5311,401,355,2155,124,0,542,395,60,242,0
ACSSF,2010e1,al,000,0122,0000056,82250,234,5800,8660,1032,8581,2320,1831,3869,13595,18342,7833,4162,5991,34577,234,1166,3659,102,931,165,403,857,9159,11912,2038,869,3082,13493,0,80,202,0,161,47,0,269,1732,3738,4045,1909,1310,19578,0,787,785,567,6465,280,1237,2724,1944,2229,1153,497,910,5822,0,3630,291,0,299,260,191,19,49,274,0,468,341,8780,0,137,3723,363,725,1568,0,0,711,189,597,419,348
ACSSF,2010e1,al,000,0122,0000057,108539,593,6324,17958,2592,9544,3919,3069,5896,19274,18945,6727,5137,8561,49319,340,1249,6925,82,764,720,1656,2222,13904,12805,1240,1486,5926,12724,61,0,353,0,0,158,0,60,1981,3307,4314,1623,867,24352,0,353,2326,1477,7408,1013,1057,3405,2673,1832,1011,578,1219,8088,138,4249,1012,0,403,249,286,69,154,387,0,1086,55,14056,54,473,7342,1033,969,1779,70,140,562,614,162,364,494
ACSSF,2010e1,al,000,0122,0000058,49979,1323,3931,12287,1399,6335,1980,288,1874,2408,9311,4721,3001,1121,12001,712,546,1248,48,559,93,47,577,1237,5672,281,228,753,9202,0,0,303,0,179,43,0,133,496,2965,3775,1069,239,9539,48,439,1113,590,3745,421,165,1164,356,586,557,247,108,6716,475,2837,631,195,653,334,76,0,82,49,28,1335,21,12521,88,109,8992,566,1199,1089,0,0,237,39,80,122,0
ACSSF,2010e1,al,000,0122,0000059,78104,1305,6358,16254,2303,11205,2697,1458,3639,4264,14720,4402,4350,5149,20569,227,421,2419,83,865,347,344,1432,1872,9705,277,1149,1428,12011,118,0,274,0,449,0,0,191,1400,2767,3566,1260,1986,18402,34,164,1278,1172,8090,878,734,1705,570,1599,495,385,1298,9848,773,5521,932,294,224,45,311,47,129,158,64,1124,226,17274,153,252,11351,754,1577,1427,69,264,293,491,0,432,211
ACSSF,2010e1,al,000,0122,0000060,64976,1321,4719,13998,2085,7481,3695,942,2456,6380,10113,6631,2939,2216,17281,262,498,3617,149,860,339,130,581,2390,6019,560,636,1240,11237,0,0,152,56,97,190,171,88,1210,2228,5350,1195,500,15608,93,145,1968,791,5057,664,389,1787,1757,1424,524,585,424,7628,834,3726,996,225,447,560,252,0,0,228,126,182,52,13222,132,350,7265,864,1020,1942,0,0,1023,214,71,341,0
ACSSF,2010e1,al,000,0122,0000061,46373,3374,2590,11187,1125,6203,3917,263,1281,1737,9334,2185,1371,1806,10569,952,269,687,49,781,624,61,366,476,4834,443,509,518,6659,38,0,411,23,306,95,0,0,814,2933,1325,311,403,10273,133,45,857,690,4193,702,77,857,368,1202,296,105,748,6605,1562,1974,1137,108,477,492,108,58,0,268,121,258,42,12267,689,302,8095,255,446,2004,17,0,79,97,0,188,95
ACSSF,2010e1,al,000,0122,0000062,79752,2796,7593,10162,3308,11288,5192,999,3755,5361,16794,4170,3744,4590,21294,551,1055,1562,437,775,758,361,1478,1877,10071,786,707,876,11736,189,0,218,29,773,133,0,57,1065,4025,2541,548,2158,20923,92,608,1684,1797,7982,599,311,1937,1747,2159,733,791,483,10927,1455,5265,520,319,464,338,195,221,159,277,50,1004,660,14872,509,665,6178,726,1294,3364,132,62,513,262,60,694,413
ACSSF,2010e1,al,000,0122,0000063,,,,,,,,,,,,,,,,,,,,,,,,,,,,,,,,,,,,,,,,,,,,,,,,,,,,,,,,,,,,,,,,,,,,,,,,,,,,,,,,,,,,
ACSSF,2010e1,al,000,0122,0000064,,,,,,,,,,,,,,,,,,,,,,,,,,,,,,,,,,,,,,,,,,,,,,,,,,,,,,,,,,,,,,,,,,,,,,,,,,,,,,,,,,,,
ACSSF,2010e1,al,000,0122,0000065,83514,400,5954,3891,2500,10247,3325,2853,8929,11746,19951,8489,4024,1205,44119,239,1857,1548,597,1493,1499,1599,6053,8621,16454,1760,1778,621,9583,0,0,0,134,230,67,0,0,753,1677,5619,748,355,20922,68,376,890,1518,7917,1010,993,2822,1822,1533,955,789,229,5225,93,3721,158,76,345,104,174,0,0,0,155,399,0,3665,0,0,1295,175,262,645,87,54,550,287,0,310,0
ACSSF,2010e1,al,000,0122,0000066,84862,417,5034,9354,2927,10694,5955,2915,7618,5650,19809,5466,4409,4614,26450,0,999,2218,369,1333,844,1063,3180,2325,11000,1028,901,1190,11830,0,15,322,0,147,58,166,109,905,4429,2441,1501,1737,28855,0,463,2241,1676,7617,1770,1341,3907,1981,3685,1906,840,1428,7408,285,3399,578,148,231,846,345,374,76,304,0,612,210,10319,132,158,3995,734,1366,2437,0,48,363,391,91,555,49
ACSSF,2010e1,al,000,0122,0000067,45953,559,1636,7177,1102,5644,2515,733,3619,3718,9746,2828,2895,3781,15108,115,177,1548,358,703,330,437,1478,1297,6067,738,284,1576,6729,0,0,0,0,47,154,0,247,1410,1497,1215,1203,956,12597,104,55,1002,324,3975,437,238,1894,964,1684,721,311,888,3953,259,1330,403,135,89,434,43,0,47,199,79,687,248,7566,81,74,4224,285,830,1160,15,0,0,299,75,410,113
ACSSF,2010e1,al,000,0122,0000068,,,,,,,,,,,,,,,,,,,,,,,,,,,,,,,,,,,,,,,,,,,,,,,,,,,,,,,,,,,,,,,,,,,,,,,,,,,,,,,,,,,,
ACSSF,2010e1,al,000,0122,0000069,55719,1996,4732,11054,1570,7630,2657,566,2849,2392,11474,2519,3568,2712,14324,721,890,998,317,842,76,553,898,1282,6326,174,801,446,8469,95,0,474,159,419,92,0,104,479,2639,1617,1758,633,13967,101,410,1564,920,4413,629,0,1530,412,1855,728,137,1268,6410,738,3131,1250,53,139,295,13,317,10,147,0,258,59,12549,341,301,6768,121,1817,1565,0,0,209,507,0,614,306
ACSSF,2010e1,al,000,0122,0000070,42768,337,1371,7868,750,5706,1626,779,2234,3776,8351,3799,2440,3731,12493,239,353,974,91,705,121,344,749,1177,5653,670,566,851,6570,0,0,349,0,58,74,73,0,700,1213,2559,946,598,10803,0,39,492,298,4424,372,322,1252,818,1219,570,197,800,4427,0,834,926,71,137,333,40,95,457,104,0,385,1045,8475,98,145,5127,290,382,726,0,138,624,162,0,346,437
ACSSF,2010e1,al,000,0122,0000071,97212,1352,7570,6349,3661,14025,3609,3074,10130,12006,18850,7566,4696,4324,41130,234,2547,3046,696,1330,1911,1770,5021,6376,13858,1516,1466,1359,13028,43,0,150,0,313,0,0,213,1614,2078,5195,1563,1859,28548,74,297,519,2409,10932,878,1243,4774,3202,2435,638,395,752,8293,944,4530,428,0,281,233,0,56,364,250,80,922,205,6213,57,196,2206,556,1169,587,61,66,450,229,137,350,149
ACSSF,2010e1,al,000,0122,0000072,85616,1946,7675,9310,1941,9871,3066,1688,4077,7110,23788,7716,4465,2963,28123,205,759,1608,468,1643,143,613,1856,2703,15105,1548,694,778,13866,57,0,105,0,240,0,102,96,2699,3892,4126,1359,1190,19010,142,68,771,701,6363,749,316,2001,1107,3752,1590,603,847,10197,1209,5900,473,160,211,406,197,124,88,374,37,927,91,14420,333,948,6353,612,1414,1768,460,0,513,665,415,882,57
ACSSF,2010e1,al,000,0122,0000073,,,,,,,,,,,,,,,,,,,,,,,,,,,,,,,,,,,,,,,,,,,,,,,,,,,,,,,,,,,,,,,,,,,,,,,,,,,,,,,,,,,,
ACSSF,2010e1,al,000,0122,0000074,49503,1130,4318,9307,1873,5285,3428,468,1908,3221,10244,2806,1505,4010,14405,410,563,1603,239,442,309,215,825,968,6680,120,405,1626,8949,45,0,220,0,532,364,0,55,974,2024,2415,681,1639,9643,85,112,899,763,3328,619,93,1028,805,706,271,189,745,6506,381,3380,613,64,120,911,160,0,206,492,0,179,0,10000,209,263,5972,807,863,1225,0,0,268,342,0,51,0
ACSSF,2010e1,al,000,0122,0000075,63718,763,3315,7701,765,7232,1976,1198,3862,4520,18639,7234,3187,3326,23412,151,302,1258,71,549,462,687,1901,2133,13413,1084,585,816,11671,60,0,244,0,527,83,0,199,968,2437,5058,898,1197,13977,0,281,418,389,4877,247,347,1725,1003,2068,754,566,1302,5792,328,2500,835,276,205,11,164,37,239,273,15,909,0,8866,224,232,4946,29,1074,1173,0,0,177,448,323,229,11
ACSSF,2010e1,al,000,0122,0000076,75788,2148,5023,11357,1528,9331,3724,1105,3817,4350,18124,7998,1997,5286,18476,719,825,1143,194,257,100,599,853,1372,9625,564,562,1663,17605,62,369,116,0,510,382,0,667,1820,5002,5873,956,1848,19789,36,179,1714,694,7004,1135,288,2173,650,3215,1446,86,1169,7600,1117,3442,871,101,208,467,218,124,125,51,0,358,518,12318,214,208,7513,539,1352,1640,0,0,383,231,115,35,88
ACSSF,2010e1,al,000,0122,0000077,88576,318,3109,8135,2202,10625,3517,676,5085,8547,18208,10030,6138,11986,30339,52,751,1314,190,953,310,309,2638,3326,10954,1313,1899,6330,18635,0,0,305,0,669,241,0,33,2051,4688,7209,1429,2010,22638,51,149,609,1150,7049,1096,256,2266,2331,2117,1448,1123,2993,5399,215,2159,66,200,515,377,111,67,128,0,0,1229,332,11565,0,50,5841,662,1439,1493,0,81,711,449,60,458,321
ACSSF,2010e1,al,000,0122,0000078,70085,1139,5218,9016,2007,9522,2784,614,4884,5306,14901,4550,2668,7476,23825,388,951,1395,225,993,615,194,1920,2595,9259,377,859,4054,9642,69,0,268,0,42,4,0,171,1011,3226,3055,413,1383,19353,0,368,1284,986,7051,410,288,2622,1447,2071,922,546,1358,8337,682,3818,948,327,432,728,91,171,29,117,116,299,579,8928,0,81,5121,469,1004,1027,41,0,224,228,80,551,102
ACSSF,2010e1,al,000,0122,0000079,47939,2158,4669,9509,705,5099,3178,574,1851,2500,9689,2808,2378,2821,11402,264,405,1557,65,464,599,113,901,591,4896,581,349,617,7813,191,34,355,0,128,0,0,0,640,2306,2125,872,1162,10827,239,359,557,361,3659,446,404,937,374,1705,102,731,953,6077,1089,2879,1249,18,113,201,31,0,0,71,0,426,0,11820,375,992,5791,261,735,1932,26,13,895,711,0,0,89
ACSSF,2010e1,al,000,0122,0000080,77031,779,4181,6620,1702,10959,3827,1415,3812,8068,20165,8684,3911,2908,26095,156,889,1716,305,1735,474,812,1119,3788,12931,1100,411,659,16723,125,0,58,0,238,53,274,404,1321,4626,6843,1475,1306,20008,0,450,985,1076,7809,704,169,1808,2336,1977,653,1260,781,4767,138,2354,356,47,112,583,109,342,74,128,50,414,60,9438,360,488,3505,274,1065,2013,51,139,549,503,38,351,102
ACSSF,2010e1,al,000,0122,0000081,93521,1246,6607,14416,3653,11582,5469,998,4657,9878,18452,8328,4415,3820,23534,196,864,3073,238,509,191,366,1244,3381,10546,619,822,1485,15513,65,0,225,0,711,87,0,225,2116,3909,5586,1276,1313,26644,131,935,786,1688,8244,1644,380,3075,2953,3475,1515,1133,685,10247,634,3913,1651,784,840,590,252,0,324,236,234,643,146,17583,220,895,8681,943,1278,2957,0,113,1104,286,374,541,191
ACSSF,2010e1,al,000,0122,0000082,77263,1302,6489,6134,2131,9525,3557,940,5893,9873,14753,8257,3575,4834,25285,403,866,2241,397,699,974,640,2679,3502,10008,1104,515,1257,16181,0,72,236,142,211,0,21,616,2508,2604,5693,1843,2235,18389,162,225,908,1258,7007,499,227,2301,2124,1621,1250,176,631,9903,737,5217,546,175,741,418,52,297,324,296,107,718,275,7505,0,109,2203,159,867,1666,0,0,1415,224,103,323,436
ACSSF,2010e1,al,000,0122,0000083,47318,3121,4195,6476,1699,6511,3365,297,2269,1793,8390,3372,2211,3619,11919,576,355,720,194,351,446,150,679,599,5505,669,392,1283,6600,0,0,59,81,160,36,0,12,375,1715,2484,633,1045,12180,66,160,840,932,5046,581,147,1578,552,689,219,626,744,9038,1869,3641,1259,120,230,961,0,0,132,90,0,413,323,7581,610,39,3598,372,724,1341,0,0,135,391,0,147,224
ACSSF,2010e1,al,000,0122,0000084,67450,1217,4307,6703,2554,8788,5410,897,3046,5263,13357,7154,4441,4313,18148,332,400,1006,127,555,961,325,974,1672,8876,908,805,1207,12749,24,57,91,30,300,202,66,96,1364,2186,4838,1582,1913,18407,14,425,773,1560,6703,969,148,1783,1536,1860,1094,813,729,8830,703,3209,1330,120,381,1186,296,193,216,39,175,787,195,9316,144,216,3503,717,849,2092,62,0,475,396,139,454,269
ACSSF,2010e1,al,000,0122,0000085,,,,,,,,,,,,,,,,,,,,,,,,,,,,,,,,,,,,,,,,,,,,,,,,,,,,,,,,,,,,,,,,,,,,,,,,,,,,,,,,,,,,
ACSSF,2010e1,al,000,0122,0000086,77263,1302,6489,6134,2131,9525,3557,940,5893,9873,14753,8257,3575,4834,25285,403,866,2241,397,699,974,640,2679,3502,10008,1104,515,1257,16181,0,72,236,142,211,0,21,616,2508,2604,5693,1843,2235,18389,162,225,908,1258,7007,499,227,2301,2124,1621,1250,176,631,9903,737,5217,546,175,741,418,52,297,324,296,107,718,275,7505,0,109,2203,159,867,1666,0,0,1415,224,103,323,436
ACSSF,2010e1,al,000,0122,0000087,85306,463,5156,8174,2017,9390,4115,1865,6242,8305,21165,9975,4549,3890,24247,0,313,1102,76,844,529,550,2240,3628,11036,1531,669,1729,18690,58,0,0,47,239,75,0,137,2316,6312,6700,1961,845,21077,50,326,626,989,6238,557,784,3865,1514,3022,1543,728,835,8227,277,4268,481,111,857,249,531,0,0,206,0,1028,219,13065,78,249,5965,794,1212,2705,0,0,847,589,201,163,262
ACSSF,2010e1,al,000,0122,0000088,,,,,,,,,,,,,,,,,,,,,,,,,,,,,,,,,,,,,,,,,,,,,,,,,,,,,,,,,,,,,,,,,,,,,,,,,,,,,,,,,,,,
ACSSF,2010e1,al,000,0122,0000089,28315,202,1158,3034,1374,3902,1671,398,1286,2349,6175,3400,1633,1733,8590,51,208,757,99,352,274,178,435,792,4311,451,336,346,5386,0,0,0,0,263,82,0,14,379,924,2121,704,899,7903,14,43,266,856,2875,444,86,644,741,849,591,220,274,2488,69,766,138,77,182,301,72,193,173,39,148,239,91,3948,68,141,1873,342,230,570,62,0,264,52,89,134,123
ACSSF,2010e1,al,000,0122,0000090,,,,,,,,,,,,,,,,,,,,,,,,,,,,,,,,,,,,,,,,,,,,,,,,,,,,,,,,,,,,,,,,,,,,,,,,,,,,,,,,,,,,
ACSSF,2010e1,al,000,0122,0000091,78955,0,5683,8274,1040,8469,2167,1874,3747,12318,17202,7896,4108,6177,32146,0,1049,3305,102,1043,165,446,928,7958,11030,2101,815,3204,13453,0,80,202,0,161,47,0,269,1732,3698,4045,1909,1310,18868,0,787,811,575,6241,127,1237,2531,1868,2011,1153,497,1030,5822,0,3630,291,0,299,260,191,19,49,274,0,468,341,8666,0,137,3665,363,725,1568,0,0,711,189,597,419,292
ACSSF,2010e1,al,000,0122,0000092,107016,939,6453,12449,3217,13879,6517,3297,9098,8774,23534,6865,5835,6159,34970,63,930,2927,868,2147,1203,1579,3627,3247,14233,1315,957,1874,14598,0,15,322,0,147,212,166,250,2122,3974,3153,2013,2224,34498,104,603,2219,1606,9877,1872,1413,4799,2867,4259,2227,953,1699,9953,637,4731,958,231,224,799,124,374,47,378,79,1122,249,12997,135,174,6023,512,1484,2431,15,48,491,690,91,790,113
ACSSF,2010e1,al,000,0122,0000093,57645,523,3286,7501,1480,4799,2104,1640,2582,11279,11081,3624,2975,4771,27098,295,774,3400,82,238,183,880,522,8602,7272,487,1156,3207,6115,61,0,0,0,0,0,0,60,1135,1614,2328,462,455,12940,0,247,739,640,3769,761,508,1860,1241,1397,734,469,575,4426,113,2028,523,0,219,161,182,0,118,347,0,680,55,7066,54,237,2839,758,573,999,70,140,183,451,75,208,479
ACSSF,2010e1,al,000,0122,0000094,164660,2025,10489,19202,5191,21975,9233,2413,8187,17122,38012,16808,7623,6380,48178,352,1753,4582,543,2244,665,1178,2144,6880,23198,1719,906,2014,31482,190,0,230,0,949,140,274,629,3149,8341,12307,2713,2560,45252,131,1292,1637,2600,15753,2348,549,4820,5204,5320,2168,2123,1307,14578,772,6061,2007,831,952,1173,361,342,236,364,284,989,206,25170,580,1383,10746,1217,2077,4907,51,252,1653,789,330,892,293
ACSSF,2010e1,al,000,0122,0000095,98955,535,3959,9332,2467,11904,3911,833,5802,9239,20642,10844,6779,12708,34304,269,1213,1585,190,1160,310,375,2840,3741,12536,1365,1960,6760,20005,0,0,305,0,669,241,0,33,2196,5105,7781,1429,2246,25713,51,264,715,1357,8072,1298,256,2713,2407,2552,1638,1341,3049,6033,215,2432,109,200,564,487,202,135,128,0,0,1229,332,12900,0,50,6618,720,1439,1575,0,81,767,449,60,820,321
ACSSF,2010e1,al,000,0122,0000096,86723,1164,7133,5774,3148,12825,3100,2554,8755,10068,16402,6981,4555,4264,34676,234,2171,2732,633,1269,1623,1304,3981,4953,11812,1340,1325,1299,12347,43,0,150,0,235,0,0,169,1532,1945,4851,1563,1859,25768,74,236,387,1959,9990,733,1189,4483,2831,2166,573,395,752,8105,756,4530,428,0,281,233,0,56,364,250,80,922,205,5827,57,196,2077,556,1050,511,61,66,388,229,137,350,149
ACSSF,2010e1,al,000,0122,0000097,,,,,,,,,,,,,,,,,,,,,,,,,,,,,,,,,,,,,,,,,,,,,,,,,,,,,,,,,,,,,,,,,,,,,,,,,,,,,,,,,,,,
ACSSF,2010e1,al,000,0122,0000098,47385,1366,4671,6157,1149,5979,1100,563,2799,4500,11776,2976,2795,1554,16106,205,559,1138,316,1235,76,138,1320,1792,8136,319,442,430,6043,57,0,105,0,14,0,0,96,1646,1290,1692,702,441,10941,142,68,203,471,3447,335,228,1259,914,1911,928,500,535,6571,953,3096,473,160,163,365,197,124,24,174,37,714,91,7724,9,948,4238,202,1120,324,0,0,124,265,0,437,57
