ACSSF,2010e1,al,000,0015,0000001,4785298,3324276,1262980,27768,52789,606,51693,65186,4282,60904,,,,,,,,,,,,,,,,,,,,,,,,,,,,,,,,,,,,,,,,,,,,,,,,,,,,,,,,,,,,,,,,,,,,,,,,,,,,,,,,,,,,,,,,,,,,,,,,,,,,,,,,,,,,,,,,,,,,,,52789,12240,287,597,9515,4934,0,45,2137,7009,481,154,1349,165,297,362,9591,3581,45,,,,,,,,,,,,,,,,3382838,1290667,56024,64811,2500,56447,4785298,4720112,3324276,1262980,27768,52789,606,51693,65186,4282,60904,62383,20366,22449,9299,3304,6965,2803,0,,,,,,,,,,52789,12240,9812,4934,2137,7009,9591,7066,,,,,
ACSSF,2010e1,al,000,0015,0000002,2507522,1502006,890855,7923,36527,474,35913,33824,2616,31208,,,,,,,,,,,,,,,,,,,,,,,,,,,,,,,,,,,,,,,,,,,,,,,,,,,,,,,,,,,,,,,,,,,,,,,,,,,,,,,,,,,,,,,,,,,,,,,,,,,,,,,,,,,,,,,,,,,,,,,,,,,,,,,,,,,,,,,,,,,,,,,,,,,,,,,,1531631,907481,20333,42927,2149,38742,2507522,2473698,1502006,890855,7923,36527,474,35913,33824,2616,31208,31907,11867,9084,4531,1941,4484,1917,0,,,,,,,,,,36527,9657,7114,2333,1607,4107,7106,4603,,,,,
ACSSF,2010e1,al,000,0015,0000003,2277776,1822270,372125,19845,16262,132,15780,31362,1666,29696,,,,,,,,,,,,,,,,,,,,,,,,,,,,,,,,,,,,,,,,,,,,,,,,,,,,,,,,,,,,,,,,,,,,,,,,,,,,,,,,,,,,,,,,,,,,,,,,,,,,,,,,,,,,,,,,,,,,,,,,,,,,,,,,,,,,,,,,,,,,,,,,,,,,,,,,1851207,383186,35691,21884,351,17705,2277776,2246414,1822270,372125,19845,16262,132,15780,31362,1666,29696,30476,8499,13365,4768,1363,2481,886,0,,,,,,,,,,16262,2583,2698,2601,530,2902,2485,2463,,,,,
ACSSF,2010e1,al,000,0015,0000004,4300537,2985440,1129352,23694,50472,517,49391,61671,4130,57541,,,,,,,,,,,,,,,,,,,,,,,,,,,,,,,,,,,,,,,,,,,,,,,,,,,,,,,,,,,,,,,,,,,,,,,,,,,,,,,,,,,,,,,,,,,,,,,,,,,,,,,,,,,,,,,,,,,,,,50472,11443,287,597,9515,4531,0,45,2137,6577,481,154,1349,165,297,362,8941,3546,45,,,,,,,,,,,,,,,,3040981,1154997,50338,62215,2344,53993,4300537,4238866,2985440,1129352,23694,50472,517,49391,61671,4130,57541,59011,18961,21296,9020,2988,6746,2660,0,,,,,,,,,,50472,11443,9812,4531,2137,6577,8941,7031,,,,,
ACSSF,2010e1,al,000,0015,0000005,3421459,2313329,957124,18563,46593,495,39191,46164,2402,43762,,,,,,,,,,,,,,,,,,,,,,,,,,,,,,,,,,,,,,,,,,,,,,,,,,,,,,,,,,,,,,,,,,,,,,,,,,,,,,,,,,,,,,,,,,,,,,,,,,,,,,,,,,,,,,,,,,,,,,46593,11232,223,597,8391,4149,0,45,2077,5788,449,154,1349,137,111,362,8844,2640,45,,,,,,,,,,,,,,,,2354700,976545,37950,56815,1579,42065,3421459,3375295,2313329,957124,18563,46593,495,39191,46164,2402,43762,44133,14002,15364,8165,2450,4152,2031,0,,,,,,,,,,46593,11232,8502,4149,2077,5788,8844,6001,,,,,
ACSSF,2010e1,al,000,0015,0000006,1297427,657834,571006,4248,26310,385,19244,18400,1404,16996,,,,,,,,,,,,,,,,,,,,,,,,,,,,,,,,,,,,,,,,,,,,,,,,,,,,,,,,,,,,,,,,,,,,,,,,,,,,,,,,,,,,,,,,,,,,,,,,,,,,,,,,,,,,,,,,,,,,,,,,,,,,,,,,,,,,,,,,,,,,,,,,,,,,,,,,673596,580817,10173,30515,1051,20825,1297427,1279027,657834,571006,4248,26310,385,19244,18400,1404,16996,17250,6575,3550,3300,1198,2627,1150,0,,,,,,,,,,26310,6595,6064,2268,1054,4105,2913,3311,,,,,
ACSSF,2010e1,al,000,0015,0000007,2124032,1655495,386118,14315,20283,110,19947,27764,998,26766,,,,,,,,,,,,,,,,,,,,,,,,,,,,,,,,,,,,,,,,,,,,,,,,,,,,,,,,,,,,,,,,,,,,,,,,,,,,,,,,,,,,,,,,,,,,,,,,,,,,,,,,,,,,,,,,,,,,,,,,,,,,,,,,,,,,,,,,,,,,,,,,,,,,,,,,1681104,395728,27777,26300,528,21240,2124032,2096268,1655495,386118,14315,20283,110,19947,27764,998,26766,26883,7427,11814,4865,1252,1525,881,0,,,,,,,,,,20283,4637,2438,1881,1023,1683,5931,2690,,,,,
ACSSF,2010e1,al,000,0015,0000008,879078,672111,172228,5131,3879,22,10200,15507,1728,13779,,,,,,,,,,,,,,,,,,,,,,,,,,,,,,,,,,,,,,,,,,,,,,,,,,,,,,,,,,,,,,,,,,,,,,,,,,,,,,,,,,,,,,,,,,,,,,,,,,,,,,,,,,,,,,,,,,,,,,,,,,,,,,,,,,,,,,,,,,,,,,,,,,,,,,,,686281,178452,12388,5400,765,11928,879078,863571,672111,172228,5131,3879,22,10200,15507,1728,13779,14878,4959,5932,855,538,2594,629,0,,,,,,,,,,3879,211,1310,382,60,789,97,1030,,,,,
ACSSF,2010e1,al,000,0015,0000009,288513,207801,71773,576,1337,0,3156,3870,518,3352,,,,,,,,,,,,,,,,,,,,,,,,,,,,,,,,,,,,,,,,,,,,,,,,,,,,,,,,,,,,,,,,,,,,,,,,,,,,,,,,,,,,,,,,,,,,,,,,,,,,,,,,,,,,,,,,,,,,,,,,,,,,,,,,,,,,,,,,,,,,,,,,,,,,,,,,210933,73166,2193,2085,,3674,288513,284643,207801,71773,576,1337,0,3156,3870,518,3352,3577,870,1196,194,132,1185,293,0,,,,,,,,,,,,,,,,,,,,,,
ACSSF,2010e1,al,000,0015,0000010,590565,464310,100455,4555,2542,22,7044,11637,1210,10427,,,,,,,,,,,,,,,,,,,,,,,,,,,,,,,,,,,,,,,,,,,,,,,,,,,,,,,,,,,,,,,,,,,,,,,,,,,,,,,,,,,,,,,,,,,,,,,,,,,,,,,,,,,,,,,,,,,,,,,,,,,,,,,,,,,,,,,,,,,,,,,,,,,,,,,,475348,105286,10195,3315,,8254,590565,578928,464310,100455,4555,2542,22,7044,11637,1210,10427,11301,4089,4736,661,406,1409,336,0,,,,,,,,,,,,,,,,,,,,,,
ACSSF,2010e1,al,000,0015,0000011,484761,338836,133628,4074,2317,89,2302,3515,152,3363,,,,,,,,,,,,,,,,,,,,,,,,,,,,,,,,,,,,,,,,,,,,,,,,,,,,,,,,,,,,,,,,,,,,,,,,,,,,,,,,,,,,,,,,,,,,,,,,,,,,,,,,,,,,,,,,,,,,,,,,,,,,,,,,,,,,,,,,,,,,,,,,,,,,,,,,341857,135670,5686,2596,,2454,484761,481246,338836,133628,4074,2317,89,2302,3515,152,3363,3372,1405,1153,279,316,219,143,0,,,,,,,,,,,,,,,,,,,,,,
ACSSF,2010e1,al,000,0015,0000012,1363839,1010947,305856,9205,6196,111,12502,19022,1880,17142,,,,,,,,,,,,,,,,,,,,,,,,,,,,,,,,,,,,,,,,,,,,,,,,,,,,,,,,,,,,,,,,,,,,,,,,,,,,,,,,,,,,,,,,,,,,,,,,,,,,,,,,,,,,,,,,,,,,,,,,,,,,,,,,,,,,,,,,,,,,,,,,,,,,,,,,1028138,314122,18074,7996,921,14382,1363839,1344817,1010947,305856,9205,6196,111,12502,19022,1880,17142,18250,6364,7085,1134,854,2813,772,0,,,,,,,,,,6196,1008,1310,785,60,1221,747,1065,,,,,
ACSSF,2010e1,al,000,0015,0000013,183195,159423,17230,855,1120,0,1697,2870,122,2748,,,,,,,,,,,,,,,,,,,,,,,,,,,,,,,,,,,,,,,,,,,,,,,,,,,,,,,,,,,,,,,,,,,,,,,,,,,,,,,,,,,,,,,,,,,,,,,,,,,,,,,,,,,,,,,,,,,,,,,,,,,,,,,,,,,,,,,,,,,,,,,,,,,,,,,,162119,18068,2360,1740,,1819,183195,180325,159423,17230,855,1120,0,1697,2870,122,2748,2829,704,1290,620,93,122,41,0,,,,,,,,,,,,,,,,,,,,,,
ACSSF,2010e1,al,000,0015,0000014,118510,88213,25137,345,706,41,2700,1368,0,1368,,,,,,,,,,,,,,,,,,,,,,,,,,,,,,,,,,,,,,,,,,,,,,,,,,,,,,,,,,,,,,,,,,,,,,,,,,,,,,,,,,,,,,,,,,,,,,,,,,,,,,,,,,,,,,,,,,,,,,,,,,,,,,,,,,,,,,,,,,,,,,,,,,,,,,,,89517,25510,972,1086,,2799,,,,,,,,,,,,,,,,,,,,,,,,,,,,,,,,,,,,,,,,,
ACSSF,2010e1,al,000,0015,0000015,80459,76959,1207,331,75,0,847,1040,119,921,,,,,,,,,,,,,,,,,,,,,,,,,,,,,,,,,,,,,,,,,,,,,,,,,,,,,,,,,,,,,,,,,,,,,,,,,,,,,,,,,,,,,,,,,,,,,,,,,,,,,,,,,,,,,,,,,,,,,,,,,,,,,,,,,,,,,,,,,,,,,,,,,,,,,,,,77999,1596,863,,,966,,,,,,,,,,,,,,,,,,,,,,,,,,,,,,,,,,,,,,,,,
ACSSF,2010e1,al,000,0015,0000016,71151,64530,1232,793,0,22,2300,2274,23,2251,,,,,,,,,,,,,,,,,,,,,,,,,,,,,,,,,,,,,,,,,,,,,,,,,,,,,,,,,,,,,,,,,,,,,,,,,,,,,,,,,,,,,,,,,,,,,,,,,,,,,,,,,,,,,,,,,,,,,,,,,,,,,,,,,,,,,,,,,,,,,,,,,,,,,,,,66804,2158,2182,,,,,,,,,,,,,,,,,,,,,,,,,,,,,,,,,,,,,,,,,,,,
ACSSF,2010e1,al,000,0015,0000017,79549,60656,15530,298,565,0,952,1548,102,1446,,,,,,,,,,,,,,,,,,,,,,,,,,,,,,,,,,,,,,,,,,,,,,,,,,,,,,,,,,,,,,,,,,,,,,,,,,,,,,,,,,,,,,,,,,,,,,,,,,,,,,,,,,,,,,,,,,,,,,,,,,,,,,,,,,,,,,,,,,,,,,,,,,,,,,,,61869,16499,858,817,,1054,79549,78001,60656,15530,298,565,0,952,1548,102,1446,1548,634,489,43,71,311,0,0,,,,,,,,,,,,,,,,,,,,,,
ACSSF,2010e1,al,000,0015,0000018,104462,86116,16553,611,336,0,83,763,55,708,,,,,,,,,,,,,,,,,,,,,,,,,,,,,,,,,,,,,,,,,,,,,,,,,,,,,,,,,,,,,,,,,,,,,,,,,,,,,,,,,,,,,,,,,,,,,,,,,,,,,,,,,,,,,,,,,,,,,,,,,,,,,,,,,,,,,,,,,,,,,,,,,,,,,,,,86707,17009,952,419,,,,,,,,,,,,,,,,,,,,,,,,,,,,,,,,,,,,,,,,,,,
ACSSF,2010e1,al,000,0015,0000019,101888,71348,25787,345,979,0,1537,1892,0,1892,,,,,,,,,,,,,,,,,,,,,,,,,,,,,,,,,,,,,,,,,,,,,,,,,,,,,,,,,,,,,,,,,,,,,,,,,,,,,,,,,,,,,,,,,,,,,,,,,,,,,,,,,,,,,,,,,,,,,,,,,,,,,,,,,,,,,,,,,,,,,,,,,,,,,,,,73192,27100,857,1094,,1537,101888,99996,71348,25787,345,979,0,1537,1892,0,1892,1892,1265,496,83,16,32,0,0,,,,,,,,,,,,,,,,,,,,,,
ACSSF,2010e1,al,000,0015,0000020,658555,353301,278496,1407,9387,0,11109,4855,393,4462,,,,,,,,,,,,,,,,,,,,,,,,,,,,,,,,,,,,,,,,,,,,,,,,,,,,,,,,,,,,,,,,,,,,,,,,,,,,,,,,,,,,,,,,,,,,,,,,,,,,,,,,,,,,,,,,,,,,,,,,,,,,,,,,,,,,,,,,,,,,,,,,,,,,,,,,357705,279939,3349,10915,,11554,658555,653700,353301,278496,1407,9387,0,11109,4855,393,4462,4803,1044,1760,1383,130,486,52,0,,,,,,,,,,9387,2647,3552,147,230,106,928,1777,,,,,
ACSSF,2010e1,al,000,0015,0000021,92679,80704,8884,1174,733,0,127,1057,11,1046,,,,,,,,,,,,,,,,,,,,,,,,,,,,,,,,,,,,,,,,,,,,,,,,,,,,,,,,,,,,,,,,,,,,,,,,,,,,,,,,,,,,,,,,,,,,,,,,,,,,,,,,,,,,,,,,,,,,,,,,,,,,,,,,,,,,,,,,,,,,,,,,,,,,,,,,81714,9219,1821,844,,,,,,,,,,,,,,,,,,,,,,,,,,,,,,,,,,,,,,,,,,,
ACSSF,2010e1,al,000,0015,0000022,140780,102223,32688,219,3657,81,613,1299,31,1268,,,,,,,,,,,,,,,,,,,,,,,,,,,,,,,,,,,,,,,,,,,,,,,,,,,,,,,,,,,,,,,,,,,,,,,,,,,,,,,,,,,,,,,,,,,,,,,,,,,,,,,,,,,,,,,,,,,,,,,,,,,,,,,,,,,,,,,,,,,,,,,,,,,,,,,,103344,32995,819,4133,222,644,140780,139481,102223,32688,219,3657,81,613,1299,31,1268,1221,171,485,356,103,106,78,0,,,,,,,,,,3657,405,1001,235,164,996,18,838,,,,,
ACSSF,2010e1,al,000,0015,0000023,83193,67818,10935,614,956,0,2175,695,60,635,,,,,,,,,,,,,,,,,,,,,,,,,,,,,,,,,,,,,,,,,,,,,,,,,,,,,,,,,,,,,,,,,,,,,,,,,,,,,,,,,,,,,,,,,,,,,,,,,,,,,,,,,,,,,,,,,,,,,,,,,,,,,,,,,,,,,,,,,,,,,,,,,,,,,,,,68362,11074,1011,1225,,2235,83193,82498,67818,10935,614,956,0,2175,695,60,635,676,48,318,159,0,151,19,0,,,,,,,,,,,,,,,,,,,,,,
ACSSF,2010e1,al,000,0015,0000024,335988,233774,80207,2940,8147,230,2945,7745,557,7188,,,,,,,,,,,,,,,,,,,,,,,,,,,,,,,,,,,,,,,,,,,,,,,,,,,,,,,,,,,,,,,,,,,,,,,,,,,,,,,,,,,,,,,,,,,,,,,,,,,,,,,,,,,,,,,,,,,,,,,,,,,,,,,,,,,,,,,,,,,,,,,,,,,,,,,,240993,83936,5313,10094,422,3550,335988,328243,233774,80207,2940,8147,230,2945,7745,557,7188,7170,2905,1540,1645,110,970,575,0,,,,,,,,,,8147,1545,1621,1016,190,1955,1045,775,,,,,
ACSSF,2010e1,al,000,0015,0000025,93235,86786,1391,883,567,0,2274,1334,408,926,,,,,,,,,,,,,,,,,,,,,,,,,,,,,,,,,,,,,,,,,,,,,,,,,,,,,,,,,,,,,,,,,,,,,,,,,,,,,,,,,,,,,,,,,,,,,,,,,,,,,,,,,,,,,,,,,,,,,,,,,,,,,,,,,,,,,,,,,,,,,,,,,,,,,,,,88120,1904,1272,591,,2682,,,,,,,,,,,,,,,,,,,,,,,,,,,,,,,,,,,,,,,,,
ACSSF,2010e1,al,000,0015,0000026,413277,250956,143819,4033,7745,53,1953,4718,276,4442,,,,,,,,,,,,,,,,,,,,,,,,,,,,,,,,,,,,,,,,,,,,,,,,,,,,,,,,,,,,,,,,,,,,,,,,,,,,,,,,,,,,,,,,,,,,,,,,,,,,,,,,,,,,,,,,,,,,,,,,,,,,,,,,,,,,,,,,,,,,,,,,,,,,,,,,254992,145819,6213,8616,,2229,413277,408559,250956,143819,4033,7745,53,1953,4718,276,4442,4663,1318,1720,816,460,349,55,0,,,,,,,,,,,,,,,,,,,,,,
ACSSF,2010e1,al,000,0015,0000027,229844,91993,125222,571,4836,90,3553,3579,209,3370,,,,,,,,,,,,,,,,,,,,,,,,,,,,,,,,,,,,,,,,,,,,,,,,,,,,,,,,,,,,,,,,,,,,,,,,,,,,,,,,,,,,,,,,,,,,,,,,,,,,,,,,,,,,,,,,,,,,,,,,,,,,,,,,,,,,,,,,,,,,,,,,,,,,,,,,94850,127575,1721,5484,,3762,229844,226265,91993,125222,571,4836,90,3553,3579,209,3370,3287,1339,303,481,555,609,292,0,,,,,,,,,,4836,453,966,239,496,1756,0,926,,,,,
ACSSF,2010e1,al,000,0015,0000028,119626,100091,13910,1027,788,0,864,2946,225,2721,,,,,,,,,,,,,,,,,,,,,,,,,,,,,,,,,,,,,,,,,,,,,,,,,,,,,,,,,,,,,,,,,,,,,,,,,,,,,,,,,,,,,,,,,,,,,,,,,,,,,,,,,,,,,,,,,,,,,,,,,,,,,,,,,,,,,,,,,,,,,,,,,,,,,,,,102774,15164,2555,956,,1139,,,,,,,,,,,,,,,,,,,,,,,,,,,,,,,,,,,,,,,,,
ACSSF,2010e1,al,000,0015,0000029,,,,,,,,,,,,,,,,,,,,,,,,,,,,,,,,,,,,,,,,,,,,,,,,,,,,,,,,,,,,,,,,,,,,,,,,,,,,,,,,,,,,,,,,,,,,,,,,,,,,,,,,,,,,,,,,,,,,,,,,,,,,,,,,,,,,,,,,,,,,,,,,,,,,,,,,,,,,,,,,,,74428,8731,415,629,,,,,,,,,,,,,,,,,,,,,,,,,,,,,,,,,,,,,,,,,,,
ACSSF,2010e1,al,000,0015,0000030,195828,162337,20884,489,3614,0,6074,2430,265,2165,,,,,,,,,,,,,,,,,,,,,,,,,,,,,,,,,,,,,,,,,,,,,,,,,,,,,,,,,,,,,,,,,,,,,,,,,,,,,,,,,,,,,,,,,,,,,,,,,,,,,,,,,,,,,,,,,,,,,,,,,,,,,,,,,,,,,,,,,,,,,,,,,,,,,,,,164767,21746,1065,4423,,6487,195828,193398,162337,20884,489,3614,0,6074,2430,265,2165,2200,780,576,579,0,265,230,0,,,,,,,,,,,,,,,,,,,,,,
ACSSF,2010e1,al,000,0015,0000031,,,,,,,,,,,,,,,,,,,,,,,,,,,,,,,,,,,,,,,,,,,,,,,,,,,,,,,,,,,,,,,,,,,,,,,,,,,,,,,,,,,,,,,,,,,,,,,,,,,,,,,,,,,,,,,,,,,,,,,,,,,,,,,,,,,,,,,,,,,,,,,,,,,,,,,,,,,,,,,,,,54950,26990,334,,,277,,,,,,,,,,,,,,,,,,,,,,,,,,,,,,,,,,,,,,,,,
ACSSF,2010e1,al,000,0015,0000032,195036,130697,58303,47,1813,0,1747,2429,109,2320,,,,,,,,,,,,,,,,,,,,,,,,,,,,,,,,,,,,,,,,,,,,,,,,,,,,,,,,,,,,,,,,,,,,,,,,,,,,,,,,,,,,,,,,,,,,,,,,,,,,,,,,,,,,,,,,,,,,,,,,,,,,,,,,,,,,,,,,,,,,,,,,,,,,,,,,132870,59185,821,2875,,1856,195036,192607,130697,58303,47,1813,0,1747,2429,109,2320,2287,484,680,867,0,256,142,0,,,,,,,,,,,,,,,,,,,,,,
ACSSF,2010e1,al,000,0015,0000033,,,,,,,,,,,,,,,,,,,,,,,,,,,,,,,,,,,,,,,,,,,,,,,,,,,,,,,,,,,,,,,,,,,,,,,,,,,,,,,,,,,,,,,,,,,,,,,,,,,,,,,,,,,,,,,,,,,,,,,,,,,,,,,,,,,,,,,,,,,,,,,,,,,,,,,,,,,,,,,,,,62099,3875,1956,,,,,,,,,,,,,,,,,,,,,,,,,,,,,,,,,,,,,,,,,,,,
ACSSF,2010e1,al,000,0015,0000034,211670,47657,158193,593,1528,0,2683,1016,161,855,,,,,,,,,,,,,,,,,,,,,,,,,,,,,,,,,,,,,,,,,,,,,,,,,,,,,,,,,,,,,,,,,,,,,,,,,,,,,,,,,,,,,,,,,,,,,,,,,,,,,,,,,,,,,,,,,,,,,,,,,,,,,,,,,,,,,,,,,,,,,,,,,,,,,,,,48289,158688,829,2036,,2896,,,,,,,,,,,,,,,,,,,,,,,,,,,,,,,,,,,,,,,,,
ACSSF,2010e1,al,000,0015,0000035,66121,41867,21123,186,916,0,1121,908,0,908,,,,,,,,,,,,,,,,,,,,,,,,,,,,,,,,,,,,,,,,,,,,,,,,,,,,,,,,,,,,,,,,,,,,,,,,,,,,,,,,,,,,,,,,,,,,,,,,,,,,,,,,,,,,,,,,,,,,,,,,,,,,,,,,,,,,,,,,,,,,,,,,,,,,,,,,42727,21774,376,1031,,1121,,,,,,,,,,,,,,,,,,,,,,,,,,,,,,,,,,,,,,,,,
ACSSF,2010e1,al,000,0015,0000036,80376,57507,11555,235,5345,0,5524,210,94,116,,,,,,,,,,,,,,,,,,,,,,,,,,,,,,,,,,,,,,,,,,,,,,,,,,,,,,,,,,,,,,,,,,,,,,,,,,,,,,,,,,,,,,,,,,,,,,,,,,,,,,,,,,,,,,,,,,,,,,,,,,,,,,,,,,,,,,,,,,,,,,,,,,,,,,,,57717,11623,,5345,,5618,,,,,,,,,,,,,,,,,,,,,,,,,,,,,,,,,,,,,,,,,
ACSSF,2010e1,al,000,0015,0000037,181126,114796,53460,434,5734,161,1384,5157,424,4733,,,,,,,,,,,,,,,,,,,,,,,,,,,,,,,,,,,,,,,,,,,,,,,,,,,,,,,,,,,,,,,,,,,,,,,,,,,,,,,,,,,,,,,,,,,,,,,,,,,,,,,,,,,,,,,,,,,,,,,,,,,,,,,,,,,,,,,,,,,,,,,,,,,,,,,,119614,56264,1969,6814,325,1808,181126,175969,114796,53460,434,5734,161,1384,5157,424,4733,4646,2102,824,859,52,809,511,0,,,,,,,,,,5734,1134,820,960,190,1531,732,367,,,,,
ACSSF,2010e1,al,000,0015,0000038,195249,89418,98746,474,2621,53,1503,2434,167,2267,,,,,,,,,,,,,,,,,,,,,,,,,,,,,,,,,,,,,,,,,,,,,,,,,,,,,,,,,,,,,,,,,,,,,,,,,,,,,,,,,,,,,,,,,,,,,,,,,,,,,,,,,,,,,,,,,,,,,,,,,,,,,,,,,,,,,,,,,,,,,,,,,,,,,,,,91405,99691,1679,3112,,1670,195249,192815,89418,98746,474,2621,53,1503,2434,167,2267,2379,498,980,436,225,240,55,0,,,,,,,,,,,,,,,,,,,,,,
ACSSF,2010e1,al,000,0015,0000039,206655,78817,115853,571,4368,90,3553,3403,209,3194,,,,,,,,,,,,,,,,,,,,,,,,,,,,,,,,,,,,,,,,,,,,,,,,,,,,,,,,,,,,,,,,,,,,,,,,,,,,,,,,,,,,,,,,,,,,,,,,,,,,,,,,,,,,,,,,,,,,,,,,,,,,,,,,,,,,,,,,,,,,,,,,,,,,,,,,81498,118030,1721,5016,,3762,206655,203252,78817,115853,571,4368,90,3553,3403,209,3194,3111,1163,303,481,555,609,292,0,,,,,,,,,,4368,453,966,239,496,1288,0,926,,,,,
ACSSF,2010e1,al,000,0015,0000040,90637,48895,38870,0,861,0,879,1132,109,1023,,,,,,,,,,,,,,,,,,,,,,,,,,,,,,,,,,,,,,,,,,,,,,,,,,,,,,,,,,,,,,,,,,,,,,,,,,,,,,,,,,,,,,,,,,,,,,,,,,,,,,,,,,,,,,,,,,,,,,,,,,,,,,,,,,,,,,,,,,,,,,,,,,,,,,,,49918,39387,,1387,,988,,,,,,,,,,,,,,,,,,,,,,,,,,,,,,,,,,,,,,,,,
ACSSF,2010e1,al,000,0015,0000041,211670,47657,158193,593,1528,0,2683,1016,161,855,,,,,,,,,,,,,,,,,,,,,,,,,,,,,,,,,,,,,,,,,,,,,,,,,,,,,,,,,,,,,,,,,,,,,,,,,,,,,,,,,,,,,,,,,,,,,,,,,,,,,,,,,,,,,,,,,,,,,,,,,,,,,,,,,,,,,,,,,,,,,,,,,,,,,,,,48289,158688,829,2036,,2896,,,,,,,,,,,,,,,,,,,,,,,,,,,,,,,,,,,,,,,,,
ACSSF,2010e1,al,000,0015,0000042,80376,57507,11555,235,5345,0,5524,210,94,116,,,,,,,,,,,,,,,,,,,,,,,,,,,,,,,,,,,,,,,,,,,,,,,,,,,,,,,,,,,,,,,,,,,,,,,,,,,,,,,,,,,,,,,,,,,,,,,,,,,,,,,,,,,,,,,,,,,,,,,,,,,,,,,,,,,,,,,,,,,,,,,,,,,,,,,,57717,11623,,5345,,5618,,,,,,,,,,,,,,,,,,,,,,,,,,,,,,,,,,,,,,,,,
ACSSF,2010e1,al,000,0015,0000043,64816,40562,21123,186,916,0,1121,908,0,908,,,,,,,,,,,,,,,,,,,,,,,,,,,,,,,,,,,,,,,,,,,,,,,,,,,,,,,,,,,,,,,,,,,,,,,,,,,,,,,,,,,,,,,,,,,,,,,,,,,,,,,,,,,,,,,,,,,,,,,,,,,,,,,,,,,,,,,,,,,,,,,,,,,,,,,,41422,21774,376,1031,,1121,,,,,,,,,,,,,,,,,,,,,,,,,,,,,,,,,,,,,,,,,
ACSSF,2010e1,al,000,0015,0000044,181126,114796,53460,434,5734,161,1384,5157,424,4733,,,,,,,,,,,,,,,,,,,,,,,,,,,,,,,,,,,,,,,,,,,,,,,,,,,,,,,,,,,,,,,,,,,,,,,,,,,,,,,,,,,,,,,,,,,,,,,,,,,,,,,,,,,,,,,,,,,,,,,,,,,,,,,,,,,,,,,,,,,,,,,,,,,,,,,,119614,56264,1969,6814,325,1808,181126,175969,114796,53460,434,5734,161,1384,5157,424,4733,4646,2102,824,859,52,809,511,0,,,,,,,,,,5734,1134,820,960,190,1531,732,367,,,,,
ACSSF,2010e1,al,000,0015,0000045,195249,89418,98746,474,2621,53,1503,2434,167,2267,,,,,,,,,,,,,,,,,,,,,,,,,,,,,,,,,,,,,,,,,,,,,,,,,,,,,,,,,,,,,,,,,,,,,,,,,,,,,,,,,,,,,,,,,,,,,,,,,,,,,,,,,,,,,,,,,,,,,,,,,,,,,,,,,,,,,,,,,,,,,,,,,,,,,,,,91405,99691,1679,3112,,1670,195249,192815,89418,98746,474,2621,53,1503,2434,167,2267,2379,498,980,436,225,240,55,0,,,,,,,,,,,,,,,,,,,,,,
ACSSF,2010e1,al,000,0015,0000046,206655,78817,115853,571,4368,90,3553,3403,209,3194,,,,,,,,,,,,,,,,,,,,,,,,,,,,,,,,,,,,,,,,,,,,,,,,,,,,,,,,,,,,,,,,,,,,,,,,,,,,,,,,,,,,,,,,,,,,,,,,,,,,,,,,,,,,,,,,,,,,,,,,,,,,,,,,,,,,,,,,,,,,,,,,,,,,,,,,81498,118030,1721,5016,,3762,206655,203252,78817,115853,571,4368,90,3553,3403,209,3194,3111,1163,303,481,555,609,292,0,,,,,,,,,,4368,453,966,239,496,1288,0,926,,,,,
ACSSF,2010e1,al,000,0015,0000047,90637,48895,38870,0,861,0,879,1132,109,1023,,,,,,,,,,,,,,,,,,,,,,,,,,,,,,,,,,,,,,,,,,,,,,,,,,,,,,,,,,,,,,,,,,,,,,,,,,,,,,,,,,,,,,,,,,,,,,,,,,,,,,,,,,,,,,,,,,,,,,,,,,,,,,,,,,,,,,,,,,,,,,,,,,,,,,,,49918,39387,,1387,,988,,,,,,,,,,,,,,,,,,,,,,,,,,,,,,,,,,,,,,,,,
ACSSF,2010e1,al,000,0015,0000048,689835,464769,194656,8000,9816,53,4551,7990,427,7563,,,,,,,,,,,,,,,,,,,,,,,,,,,,,,,,,,,,,,,,,,,,,,,,,,,,,,,,,,,,,,,,,,,,,,,,,,,,,,,,,,,,,,,,,,,,,,,,,,,,,,,,,,,,,,,,,,,,,,,,,,,,,,,,,,,,,,,,,,,,,,,,,,,,,,,,471705,197745,12005,11307,,4978,689835,681845,464769,194656,8000,9816,53,4551,7990,427,7563,7894,2075,3132,1436,751,500,96,0,,,,,,,,,,9816,1552,613,625,393,345,5395,893,,,,,
ACSSF,2010e1,al,000,0015,0000049,666779,431666,206236,2713,5874,179,5838,14273,1391,12882,,,,,,,,,,,,,,,,,,,,,,,,,,,,,,,,,,,,,,,,,,,,,,,,,,,,,,,,,,,,,,,,,,,,,,,,,,,,,,,,,,,,,,,,,,,,,,,,,,,,,,,,,,,,,,,,,,,,,,,,,,,,,,,,,,,,,,,,,,,,,,,,,,,,,,,,444135,213944,7909,7850,878,7229,666779,652506,431666,206236,2713,5874,179,5838,14273,1391,12882,13380,5563,3735,1029,559,2494,893,0,,,,,,,,,,5874,1536,960,863,496,929,682,408,,,,,
ACSSF,2010e1,al,000,0015,0000050,690081,445480,221144,1187,8472,122,7118,6558,143,6415,,,,,,,,,,,,,,,,,,,,,,,,,,,,,,,,,,,,,,,,,,,,,,,,,,,,,,,,,,,,,,,,,,,,,,,,,,,,,,,,,,,,,,,,,,,,,,,,,,,,,,,,,,,,,,,,,,,,,,,,,,,,,,,,,,,,,,,,,,,,,,,,,,,,,,,,451009,223414,4603,9849,914,7360,690081,683523,445480,221144,1187,8472,122,7118,6558,143,6415,6048,1285,2319,909,852,683,510,0,,,,,,,,,,8472,633,1892,463,370,3068,18,2028,,,,,
ACSSF,2010e1,al,000,0015,0000051,659152,600810,34217,4352,2385,22,7120,10246,701,9545,,,,,,,,,,,,,,,,,,,,,,,,,,,,,,,,,,,,,,,,,,,,,,,,,,,,,,,,,,,,,,,,,,,,,,,,,,,,,,,,,,,,,,,,,,,,,,,,,,,,,,,,,,,,,,,,,,,,,,,,,,,,,,,,,,,,,,,,,,,,,,,,,,,,,,,,610780,38522,9745,2572,,7871,659152,648906,600810,34217,4352,2385,22,7120,10246,701,9545,10132,3965,5098,187,181,701,114,0,,,,,,,,,,,,,,,,,,,,,,
ACSSF,2010e1,al,000,0015,0000052,719906,552254,126927,8925,10577,230,6705,14288,853,13435,,,,,,,,,,,,,,,,,,,,,,,,,,,,,,,,,,,,,,,,,,,,,,,,,,,,,,,,,,,,,,,,,,,,,,,,,,,,,,,,,,,,,,,,,,,,,,,,,,,,,,,,,,,,,,,,,,,,,,,,,,,,,,,,,,,,,,,,,,,,,,,,,,,,,,,,564834,133416,15345,13131,493,7681,719906,705618,552254,126927,8925,10577,230,6705,14288,853,13435,13582,4577,4675,1977,831,1522,706,0,,,,,,,,,,10577,1837,2124,1244,261,2284,1635,1192,,,,,
ACSSF,2010e1,al,000,0015,0000053,747579,620042,89301,1634,12775,0,15165,8662,591,8071,,,,,,,,,,,,,,,,,,,,,,,,,,,,,,,,,,,,,,,,,,,,,,,,,,,,,,,,,,,,,,,,,,,,,,,,,,,,,,,,,,,,,,,,,,,,,,,,,,,,,,,,,,,,,,,,,,,,,,,,,,,,,,,,,,,,,,,,,,,,,,,,,,,,,,,,628444,91364,4426,16487,,15904,747579,738917,620042,89301,1634,12775,0,15165,8662,591,8071,8278,1679,2586,3323,0,690,384,0,,,,,,,,,,12775,5050,2991,1554,217,153,1172,1638,,,,,
ACSSF,2010e1,al,000,0015,0000054,611966,209255,390499,957,2890,0,5196,3169,176,2993,,,,,,,,,,,,,,,,,,,,,,,,,,,,,,,,,,,,,,,,,,,,,,,,,,,,,,,,,,,,,,,,,,,,,,,,,,,,,,,,,,,,,,,,,,,,,,,,,,,,,,,,,,,,,,,,,,,,,,,,,,,,,,,,,,,,,,,,,,,,,,,,,,,,,,,,211931,392262,1991,3615,,5424,611966,608797,209255,390499,957,2890,0,5196,3169,176,2993,3069,1222,904,438,130,375,100,0,,,,,,,,,,,,,,,,,,,,,,
ACSSF,2010e1,al,000,0015,0000055,147112,124128,19132,1577,733,0,277,1265,11,1254,,,,,,,,,,,,,,,,,,,,,,,,,,,,,,,,,,,,,,,,,,,,,,,,,,,,,,,,,,,,,,,,,,,,,,,,,,,,,,,,,,,,,,,,,,,,,,,,,,,,,,,,,,,,,,,,,,,,,,,,,,,,,,,,,,,,,,,,,,,,,,,,,,,,,,,,125346,19563,2336,844,,363,,,,,,,,,,,,,,,,,,,,,,,,,,,,,,,,,,,,,,,,,
ACSSF,2010e1,al,000,0015,0000056,175602,110848,52201,399,5703,161,1384,4906,318,4588,,,,,,,,,,,,,,,,,,,,,,,,,,,,,,,,,,,,,,,,,,,,,,,,,,,,,,,,,,,,,,,,,,,,,,,,,,,,,,,,,,,,,,,,,,,,,,,,,,,,,,,,,,,,,,,,,,,,,,,,,,,,,,,,,,,,,,,,,,,,,,,,,,,,,,,,115415,55005,1789,6783,325,1702,175602,170696,110848,52201,399,5703,161,1384,4906,318,4588,4395,2102,679,859,52,703,511,0,,,,,,,,,,5703,1134,820,929,190,1531,732,367,,,,,
ACSSF,2010e1,al,000,0015,0000057,243579,190744,38941,3155,3400,69,3736,3534,299,3235,,,,,,,,,,,,,,,,,,,,,,,,,,,,,,,,,,,,,,,,,,,,,,,,,,,,,,,,,,,,,,,,,,,,,,,,,,,,,,,,,,,,,,,,,,,,,,,,,,,,,,,,,,,,,,,,,,,,,,,,,,,,,,,,,,,,,,,,,,,,,,,,,,,,,,,,193940,40005,4535,4536,,4083,243579,240045,190744,38941,3155,3400,69,3736,3534,299,3235,3451,851,1179,945,58,418,83,0,,,,,,,,,,3400,441,993,192,0,587,437,750,,,,,
ACSSF,2010e1,al,000,0015,0000058,124279,113544,3200,2175,211,22,2454,2673,23,2650,,,,,,,,,,,,,,,,,,,,,,,,,,,,,,,,,,,,,,,,,,,,,,,,,,,,,,,,,,,,,,,,,,,,,,,,,,,,,,,,,,,,,,,,,,,,,,,,,,,,,,,,,,,,,,,,,,,,,,,,,,,,,,,,,,,,,,,,,,,,,,,,,,,,,,,,116217,4363,3711,,,2477,124279,121606,113544,3200,2175,211,22,2454,2673,23,2650,2609,1099,1472,15,0,23,64,0,,,,,,,,,,,,,,,,,,,,,,
ACSSF,2010e1,al,000,0015,0000059,196365,185783,2662,1254,642,0,3244,2780,527,2253,,,,,,,,,,,,,,,,,,,,,,,,,,,,,,,,,,,,,,,,,,,,,,,,,,,,,,,,,,,,,,,,,,,,,,,,,,,,,,,,,,,,,,,,,,,,,,,,,,,,,,,,,,,,,,,,,,,,,,,,,,,,,,,,,,,,,,,,,,,,,,,,,,,,,,,,188563,3564,2581,666,,3771,196365,193585,185783,2662,1254,642,0,3244,2780,527,2253,2780,902,1327,24,0,527,0,0,,,,,,,,,,,,,,,,,,,,,,
ACSSF,2010e1,al,000,0015,0000060,153968,126776,16942,2581,934,0,1154,5581,225,5356,,,,,,,,,,,,,,,,,,,,,,,,,,,,,,,,,,,,,,,,,,,,,,,,,,,,,,,,,,,,,,,,,,,,,,,,,,,,,,,,,,,,,,,,,,,,,,,,,,,,,,,,,,,,,,,,,,,,,,,,,,,,,,,,,,,,,,,,,,,,,,,,,,,,,,,,131373,19325,6292,1146,,1429,153968,148387,126776,16942,2581,934,0,1154,5581,225,5356,5494,1433,2903,94,721,343,87,0,,,,,,,,,,,,,,,,,,,,,,
ACSSF,2010e1,al,000,0015,0000061,,,,,,,,,,,,,,,,,,,,,,,,,,,,,,,,,,,,,,,,,,,,,,,,,,,,,,,,,,,,,,,,,,,,,,,,,,,,,,,,,,,,,,,,,,,,,,,,,,,,,,,,,,,,,,,,,,,,,,,,,,,,,,,,,,,,,,,,,,,,,,,,,,,,,,,,,,,,,,,,,,103511,23800,414,,,1253,,,,,,,,,,,,,,,,,,,,,,,,,,,,,,,,,,,,,,,,,
ACSSF,2010e1,al,000,0015,0000062,208046,190080,12991,1671,612,0,326,2366,96,2270,,,,,,,,,,,,,,,,,,,,,,,,,,,,,,,,,,,,,,,,,,,,,,,,,,,,,,,,,,,,,,,,,,,,,,,,,,,,,,,,,,,,,,,,,,,,,,,,,,,,,,,,,,,,,,,,,,,,,,,,,,,,,,,,,,,,,,,,,,,,,,,,,,,,,,,,192342,13942,2895,871,,422,,,,,,,,,,,,,,,,,,,,,,,,,,,,,,,,,,,,,,,,,
ACSSF,2010e1,al,000,0015,0000063,89898,31495,53898,435,1349,0,1656,1065,52,1013,,,,,,,,,,,,,,,,,,,,,,,,,,,,,,,,,,,,,,,,,,,,,,,,,,,,,,,,,,,,,,,,,,,,,,,,,,,,,,,,,,,,,,,,,,,,,,,,,,,,,,,,,,,,,,,,,,,,,,,,,,,,,,,,,,,,,,,,,,,,,,,,,,,,,,,,32378,54191,1243,1443,,1760,,,,,,,,,,,,,,,,,,,,,,,,,,,,,,,,,,,,,,,,,
ACSSF,2010e1,al,000,0015,0000064,,,,,,,,,,,,,,,,,,,,,,,,,,,,,,,,,,,,,,,,,,,,,,,,,,,,,,,,,,,,,,,,,,,,,,,,,,,,,,,,,,,,,,,,,,,,,,,,,,,,,,,,,,,,,,,,,,,,,,,,,,,,,,,,,,,,,,,,,,,,,,,,,,,,,,,,,,,,,,,,,,9613,100953,,,,,,,,,,,,,,,,,,,,,,,,,,,,,,,,,,,,,,,,,,,,,
ACSSF,2010e1,al,000,0015,0000065,168030,134556,17292,276,6865,0,7269,1772,161,1611,,,,,,,,,,,,,,,,,,,,,,,,,,,,,,,,,,,,,,,,,,,,,,,,,,,,,,,,,,,,,,,,,,,,,,,,,,,,,,,,,,,,,,,,,,,,,,,,,,,,,,,,,,,,,,,,,,,,,,,,,,,,,,,,,,,,,,,,,,,,,,,,,,,,,,,,136261,17748,666,7697,,7430,,,,,,,,,,,,,,,,,,,,,,,,,,,,,,,,,,,,,,,,,
ACSSF,2010e1,al,000,0015,0000066,182142,120794,58175,327,576,0,773,1497,0,1497,,,,,,,,,,,,,,,,,,,,,,,,,,,,,,,,,,,,,,,,,,,,,,,,,,,,,,,,,,,,,,,,,,,,,,,,,,,,,,,,,,,,,,,,,,,,,,,,,,,,,,,,,,,,,,,,,,,,,,,,,,,,,,,,,,,,,,,,,,,,,,,,,,,,,,,,122291,58528,984,1063,,,,,,,,,,,,,,,,,,,,,,,,,,,,,,,,,,,,,,,,,,,
ACSSF,2010e1,al,000,0015,0000067,,,,,,,,,,,,,,,,,,,,,,,,,,,,,,,,,,,,,,,,,,,,,,,,,,,,,,,,,,,,,,,,,,,,,,,,,,,,,,,,,,,,,,,,,,,,,,,,,,,,,,,,,,,,,,,,,,,,,,,,,,,,,,,,,,,,,,,,,,,,,,,,,,,,,,,,,,,,,,,,,,57162,48519,456,619,,538,,,,,,,,,,,,,,,,,,,,,,,,,,,,,,,,,,,,,,,,,
ACSSF,2010e1,al,000,0015,0000068,104462,86116,16553,611,336,0,83,763,55,708,,,,,,,,,,,,,,,,,,,,,,,,,,,,,,,,,,,,,,,,,,,,,,,,,,,,,,,,,,,,,,,,,,,,,,,,,,,,,,,,,,,,,,,,,,,,,,,,,,,,,,,,,,,,,,,,,,,,,,,,,,,,,,,,,,,,,,,,,,,,,,,,,,,,,,,,86707,17009,952,419,,,,,,,,,,,,,,,,,,,,,,,,,,,,,,,,,,,,,,,,,,,
ACSSF,2010e1,al,000,0015,0000069,159924,124081,34014,408,103,0,238,1080,64,1016,,,,,,,,,,,,,,,,,,,,,,,,,,,,,,,,,,,,,,,,,,,,,,,,,,,,,,,,,,,,,,,,,,,,,,,,,,,,,,,,,,,,,,,,,,,,,,,,,,,,,,,,,,,,,,,,,,,,,,,,,,,,,,,,,,,,,,,,,,,,,,,,,,,,,,,,124902,34545,737,,,302,,,,,,,,,,,,,,,,,,,,,,,,,,,,,,,,,,,,,,,,,
ACSSF,2010e1,al,000,0015,0000070,118510,88213,25137,345,706,41,2700,1368,0,1368,,,,,,,,,,,,,,,,,,,,,,,,,,,,,,,,,,,,,,,,,,,,,,,,,,,,,,,,,,,,,,,,,,,,,,,,,,,,,,,,,,,,,,,,,,,,,,,,,,,,,,,,,,,,,,,,,,,,,,,,,,,,,,,,,,,,,,,,,,,,,,,,,,,,,,,,89517,25510,972,1086,,2799,,,,,,,,,,,,,,,,,,,,,,,,,,,,,,,,,,,,,,,,,
ACSSF,2010e1,al,000,0015,0000071,195828,162337,20884,489,3614,0,6074,2430,265,2165,,,,,,,,,,,,,,,,,,,,,,,,,,,,,,,,,,,,,,,,,,,,,,,,,,,,,,,,,,,,,,,,,,,,,,,,,,,,,,,,,,,,,,,,,,,,,,,,,,,,,,,,,,,,,,,,,,,,,,,,,,,,,,,,,,,,,,,,,,,,,,,,,,,,,,,,164767,21746,1065,4423,,6487,195828,193398,162337,20884,489,3614,0,6074,2430,265,2165,2200,780,576,579,0,265,230,0,,,,,,,,,,,,,,,,,,,,,,
ACSSF,2010e1,al,000,0015,0000072,195036,130697,58303,47,1813,0,1747,2429,109,2320,,,,,,,,,,,,,,,,,,,,,,,,,,,,,,,,,,,,,,,,,,,,,,,,,,,,,,,,,,,,,,,,,,,,,,,,,,,,,,,,,,,,,,,,,,,,,,,,,,,,,,,,,,,,,,,,,,,,,,,,,,,,,,,,,,,,,,,,,,,,,,,,,,,,,,,,132870,59185,821,2875,,1856,195036,192607,130697,58303,47,1813,0,1747,2429,109,2320,2287,484,680,867,0,256,142,0,,,,,,,,,,,,,,,,,,,,,,
ACSSF,2010e1,al,000,0015,0000073,,,,,,,,,,,,,,,,,,,,,,,,,,,,,,,,,,,,,,,,,,,,,,,,,,,,,,,,,,,,,,,,,,,,,,,,,,,,,,,,,,,,,,,,,,,,,,,,,,,,,,,,,,,,,,,,,,,,,,,,,,,,,,,,,,,,,,,,,,,,,,,,,,,,,,,,,,,,,,,,,,51507,72045,364,,,,,,,,,,,,,,,,,,,,,,,,,,,,,,,,,,,,,,,,,,,,
ACSSF,2010e1,al,000,0015,0000074,130889,90726,34758,363,551,0,2476,2015,0,2015,,,,,,,,,,,,,,,,,,,,,,,,,,,,,,,,,,,,,,,,,,,,,,,,,,,,,,,,,,,,,,,,,,,,,,,,,,,,,,,,,,,,,,,,,,,,,,,,,,,,,,,,,,,,,,,,,,,,,,,,,,,,,,,,,,,,,,,,,,,,,,,,,,,,,,,,92510,35365,1092,1461,,2476,,,,,,,,,,,,,,,,,,,,,,,,,,,,,,,,,,,,,,,,,
ACSSF,2010e1,al,000,0015,0000075,140780,102223,32688,219,3657,81,613,1299,31,1268,,,,,,,,,,,,,,,,,,,,,,,,,,,,,,,,,,,,,,,,,,,,,,,,,,,,,,,,,,,,,,,,,,,,,,,,,,,,,,,,,,,,,,,,,,,,,,,,,,,,,,,,,,,,,,,,,,,,,,,,,,,,,,,,,,,,,,,,,,,,,,,,,,,,,,,,103344,32995,819,4133,222,644,140780,139481,102223,32688,219,3657,81,613,1299,31,1268,1221,171,485,356,103,106,78,0,,,,,,,,,,3657,405,1001,235,164,996,18,838,,,,,
ACSSF,2010e1,al,000,0015,0000076,197788,98726,90872,377,2313,89,1477,3934,761,3173,,,,,,,,,,,,,,,,,,,,,,,,,,,,,,,,,,,,,,,,,,,,,,,,,,,,,,,,,,,,,,,,,,,,,,,,,,,,,,,,,,,,,,,,,,,,,,,,,,,,,,,,,,,,,,,,,,,,,,,,,,,,,,,,,,,,,,,,,,,,,,,,,,,,,,,,101834,93004,2078,2784,,2238,197788,193854,98726,90872,377,2313,89,1477,3934,761,3173,3574,1198,1001,219,88,1068,360,0,,,,,,,,,,,,,,,,,,,,,,
ACSSF,2010e1,al,000,0015,0000077,205486,78080,115421,571,4368,90,3553,3403,209,3194,,,,,,,,,,,,,,,,,,,,,,,,,,,,,,,,,,,,,,,,,,,,,,,,,,,,,,,,,,,,,,,,,,,,,,,,,,,,,,,,,,,,,,,,,,,,,,,,,,,,,,,,,,,,,,,,,,,,,,,,,,,,,,,,,,,,,,,,,,,,,,,,,,,,,,,,80761,117598,1721,5016,,3762,205486,202083,78080,115421,571,4368,90,3553,3403,209,3194,3111,1163,303,481,555,609,292,0,,,,,,,,,,4368,453,966,239,496,1288,0,926,,,,,
ACSSF,2010e1,al,000,0015,0000078,158539,117925,35437,534,1085,0,1013,2545,115,2430,,,,,,,,,,,,,,,,,,,,,,,,,,,,,,,,,,,,,,,,,,,,,,,,,,,,,,,,,,,,,,,,,,,,,,,,,,,,,,,,,,,,,,,,,,,,,,,,,,,,,,,,,,,,,,,,,,,,,,,,,,,,,,,,,,,,,,,,,,,,,,,,,,,,,,,,120122,36781,1352,1701,,1128,158539,155994,117925,35437,534,1085,0,1013,2545,115,2430,2545,1009,734,407,71,324,0,0,,,,,,,,,,,,,,,,,,,,,,
ACSSF,2010e1,al,000,0015,0000079,154542,82117,66216,3692,1000,0,901,616,29,587,,,,,,,,,,,,,,,,,,,,,,,,,,,,,,,,,,,,,,,,,,,,,,,,,,,,,,,,,,,,,,,,,,,,,,,,,,,,,,,,,,,,,,,,,,,,,,,,,,,,,,,,,,,,,,,,,,,,,,,,,,,,,,,,,,,,,,,,,,,,,,,,,,,,,,,,82535,66467,4226,1000,,,,,,,,,,,,,,,,,,,,,,,,,,,,,,,,,,,,,,,,,,,
ACSSF,2010e1,al,000,0015,0000080,189020,88134,93801,474,2621,53,1503,2434,167,2267,,,,,,,,,,,,,,,,,,,,,,,,,,,,,,,,,,,,,,,,,,,,,,,,,,,,,,,,,,,,,,,,,,,,,,,,,,,,,,,,,,,,,,,,,,,,,,,,,,,,,,,,,,,,,,,,,,,,,,,,,,,,,,,,,,,,,,,,,,,,,,,,,,,,,,,,90121,94746,1679,3112,,1670,189020,186586,88134,93801,474,2621,53,1503,2434,167,2267,2379,498,980,436,225,240,55,0,,,,,,,,,,,,,,,,,,,,,,
ACSSF,2010e1,al,000,0015,0000081,224257,162822,50018,3559,5124,0,450,2284,109,2175,,,,,,,,,,,,,,,,,,,,,,,,,,,,,,,,,,,,,,,,,,,,,,,,,,,,,,,,,,,,,,,,,,,,,,,,,,,,,,,,,,,,,,,,,,,,,,,,,,,,,,,,,,,,,,,,,,,,,,,,,,,,,,,,,,,,,,,,,,,,,,,,,,,,,,,,164871,51073,4534,5504,,559,224257,221973,162822,50018,3559,5124,0,450,2284,109,2175,2284,820,740,380,235,109,0,0,,,,,,,,,,,,,,,,,,,,,,
ACSSF,2010e1,al,000,0015,0000082,183195,159423,17230,855,1120,0,1697,2870,122,2748,,,,,,,,,,,,,,,,,,,,,,,,,,,,,,,,,,,,,,,,,,,,,,,,,,,,,,,,,,,,,,,,,,,,,,,,,,,,,,,,,,,,,,,,,,,,,,,,,,,,,,,,,,,,,,,,,,,,,,,,,,,,,,,,,,,,,,,,,,,,,,,,,,,,,,,,162119,18068,2360,1740,,1819,183195,180325,159423,17230,855,1120,0,1697,2870,122,2748,2829,704,1290,620,93,122,41,0,,,,,,,,,,,,,,,,,,,,,,
ACSSF,2010e1,al,000,0015,0000083,115008,94752,16409,356,753,0,318,2420,134,2286,,,,,,,,,,,,,,,,,,,,,,,,,,,,,,,,,,,,,,,,,,,,,,,,,,,,,,,,,,,,,,,,,,,,,,,,,,,,,,,,,,,,,,,,,,,,,,,,,,,,,,,,,,,,,,,,,,,,,,,,,,,,,,,,,,,,,,,,,,,,,,,,,,,,,,,,97046,17105,1775,1050,,452,115008,112588,94752,16409,356,753,0,318,2420,134,2286,2164,570,1293,41,126,134,256,0,,,,,,,,,,,,,,,,,,,,,,
ACSSF,2010e1,al,000,0015,0000084,152246,109147,35747,372,1242,0,1913,3825,220,3605,,,,,,,,,,,,,,,,,,,,,,,,,,,,,,,,,,,,,,,,,,,,,,,,,,,,,,,,,,,,,,,,,,,,,,,,,,,,,,,,,,,,,,,,,,,,,,,,,,,,,,,,,,,,,,,,,,,,,,,,,,,,,,,,,,,,,,,,,,,,,,,,,,,,,,,,112893,37919,1575,1447,,2133,152246,148421,109147,35747,372,1242,0,1913,3825,220,3605,3774,2073,1136,142,16,407,51,0,,,,,,,,,,,,,,,,,,,,,,
ACSSF,2010e1,al,000,0015,0000085,78757,56309,11484,235,4995,0,5524,210,94,116,,,,,,,,,,,,,,,,,,,,,,,,,,,,,,,,,,,,,,,,,,,,,,,,,,,,,,,,,,,,,,,,,,,,,,,,,,,,,,,,,,,,,,,,,,,,,,,,,,,,,,,,,,,,,,,,,,,,,,,,,,,,,,,,,,,,,,,,,,,,,,,,,,,,,,,,56519,11552,,4995,,5618,,,,,,,,,,,,,,,,,,,,,,,,,,,,,,,,,,,,,,,,,
ACSSF,2010e1,al,000,0015,0000086,183195,159423,17230,855,1120,0,1697,2870,122,2748,,,,,,,,,,,,,,,,,,,,,,,,,,,,,,,,,,,,,,,,,,,,,,,,,,,,,,,,,,,,,,,,,,,,,,,,,,,,,,,,,,,,,,,,,,,,,,,,,,,,,,,,,,,,,,,,,,,,,,,,,,,,,,,,,,,,,,,,,,,,,,,,,,,,,,,,162119,18068,2360,1740,,1819,183195,180325,159423,17230,855,1120,0,1697,2870,122,2748,2829,704,1290,620,93,122,41,0,,,,,,,,,,,,,,,,,,,,,,
ACSSF,2010e1,al,000,0015,0000087,211670,47657,158193,593,1528,0,2683,1016,161,855,,,,,,,,,,,,,,,,,,,,,,,,,,,,,,,,,,,,,,,,,,,,,,,,,,,,,,,,,,,,,,,,,,,,,,,,,,,,,,,,,,,,,,,,,,,,,,,,,,,,,,,,,,,,,,,,,,,,,,,,,,,,,,,,,,,,,,,,,,,,,,,,,,,,,,,,48289,158688,829,2036,,2896,,,,,,,,,,,,,,,,,,,,,,,,,,,,,,,,,,,,,,,,,
ACSSF,2010e1,al,000,0015,0000088,,,,,,,,,,,,,,,,,,,,,,,,,,,,,,,,,,,,,,,,,,,,,,,,,,,,,,,,,,,,,,,,,,,,,,,,,,,,,,,,,,,,,,,,,,,,,,,,,,,,,,,,,,,,,,,,,,,,,,,,,,,,,,,,,,,,,,,,,,,,,,,,,,,,,,,,,,,,,,,,,,59991,1420,863,,,,,,,,,,,,,,,,,,,,,,,,,,,,,,,,,,,,,,,,,,,,
ACSSF,2010e1,al,000,0015,0000089,66121,41867,21123,186,916,0,1121,908,0,908,,,,,,,,,,,,,,,,,,,,,,,,,,,,,,,,,,,,,,,,,,,,,,,,,,,,,,,,,,,,,,,,,,,,,,,,,,,,,,,,,,,,,,,,,,,,,,,,,,,,,,,,,,,,,,,,,,,,,,,,,,,,,,,,,,,,,,,,,,,,,,,,,,,,,,,,42727,21774,376,1031,,1121,,,,,,,,,,,,,,,,,,,,,,,,,,,,,,,,,,,,,,,,,
ACSSF,2010e1,al,000,0015,0000090,73471,55841,14697,232,565,0,794,1342,102,1240,,,,,,,,,,,,,,,,,,,,,,,,,,,,,,,,,,,,,,,,,,,,,,,,,,,,,,,,,,,,,,,,,,,,,,,,,,,,,,,,,,,,,,,,,,,,,,,,,,,,,,,,,,,,,,,,,,,,,,,,,,,,,,,,,,,,,,,,,,,,,,,,,,,,,,,,56848,15497,755,817,,896,73471,72129,55841,14697,232,565,0,794,1342,102,1240,1342,465,452,43,71,311,0,0,,,,,,,,,,,,,,,,,,,,,,
ACSSF,2010e1,al,000,0015,0000091,172690,110825,50669,399,4686,101,1384,4626,424,4202,,,,,,,,,,,,,,,,,,,,,,,,,,,,,,,,,,,,,,,,,,,,,,,,,,,,,,,,,,,,,,,,,,,,,,,,,,,,,,,,,,,,,,,,,,,,,,,,,,,,,,,,,,,,,,,,,,,,,,,,,,,,,,,,,,,,,,,,,,,,,,,,,,,,,,,,115112,52942,1934,5766,265,1808,172690,168064,110825,50669,399,4686,101,1384,4626,424,4202,4115,1571,824,859,52,809,511,0,,,,,,,,,,,,,,,,,,,,,,
ACSSF,2010e1,al,000,0015,0000092,230514,164351,61219,486,984,0,1847,1627,0,1627,,,,,,,,,,,,,,,,,,,,,,,,,,,,,,,,,,,,,,,,,,,,,,,,,,,,,,,,,,,,,,,,,,,,,,,,,,,,,,,,,,,,,,,,,,,,,,,,,,,,,,,,,,,,,,,,,,,,,,,,,,,,,,,,,,,,,,,,,,,,,,,,,,,,,,,,165978,61569,1430,1317,,1847,230514,228887,164351,61219,486,984,0,1847,1627,0,1627,1627,350,944,333,0,0,0,0,,,,,,,,,,,,,,,,,,,,,,
ACSSF,2010e1,al,000,0015,0000093,123666,91670,23017,2410,2459,129,1214,2767,52,2715,,,,,,,,,,,,,,,,,,,,,,,,,,,,,,,,,,,,,,,,,,,,,,,,,,,,,,,,,,,,,,,,,,,,,,,,,,,,,,,,,,,,,,,,,,,,,,,,,,,,,,,,,,,,,,,,,,,,,,,,,,,,,,,,,,,,,,,,,,,,,,,,,,,,,,,,94331,24281,3197,3245,129,1314,123666,120899,91670,23017,2410,2459,129,1214,2767,52,2715,2703,1142,665,786,58,52,64,0,,,,,,,,,,,,,,,,,,,,,,
ACSSF,2010e1,al,000,0015,0000094,399787,239445,142439,3812,7745,53,1915,4378,276,4102,,,,,,,,,,,,,,,,,,,,,,,,,,,,,,,,,,,,,,,,,,,,,,,,,,,,,,,,,,,,,,,,,,,,,,,,,,,,,,,,,,,,,,,,,,,,,,,,,,,,,,,,,,,,,,,,,,,,,,,,,,,,,,,,,,,,,,,,,,,,,,,,,,,,,,,,243141,144099,5992,8616,,2191,399787,395409,239445,142439,3812,7745,53,1915,4378,276,4102,4323,978,1720,816,460,349,55,0,,,,,,,,,,,,,,,,,,,,,,
ACSSF,2010e1,al,000,0015,0000095,227605,90555,124646,571,4732,90,3503,3508,209,3299,,,,,,,,,,,,,,,,,,,,,,,,,,,,,,,,,,,,,,,,,,,,,,,,,,,,,,,,,,,,,,,,,,,,,,,,,,,,,,,,,,,,,,,,,,,,,,,,,,,,,,,,,,,,,,,,,,,,,,,,,,,,,,,,,,,,,,,,,,,,,,,,,,,,,,,,93341,126999,1721,5309,,3712,227605,224097,90555,124646,571,4732,90,3503,3508,209,3299,3216,1339,303,410,555,609,292,0,,,,,,,,,,4732,401,966,239,496,1756,0,874,,,,,
ACSSF,2010e1,al,000,0015,0000096,173156,142363,18894,489,2954,0,6074,2382,265,2117,,,,,,,,,,,,,,,,,,,,,,,,,,,,,,,,,,,,,,,,,,,,,,,,,,,,,,,,,,,,,,,,,,,,,,,,,,,,,,,,,,,,,,,,,,,,,,,,,,,,,,,,,,,,,,,,,,,,,,,,,,,,,,,,,,,,,,,,,,,,,,,,,,,,,,,,144745,19756,1017,3763,,6487,173156,170774,142363,18894,489,2954,0,6074,2382,265,2117,2152,780,528,579,0,265,230,0,,,,,,,,,,,,,,,,,,,,,,
ACSSF,2010e1,al,000,0015,0000097,91209,47677,40958,0,861,0,690,1023,0,1023,,,,,,,,,,,,,,,,,,,,,,,,,,,,,,,,,,,,,,,,,,,,,,,,,,,,,,,,,,,,,,,,,,,,,,,,,,,,,,,,,,,,,,,,,,,,,,,,,,,,,,,,,,,,,,,,,,,,,,,,,,,,,,,,,,,,,,,,,,,,,,,,,,,,,,,,48700,41366,,1387,,690,,,,,,,,,,,,,,,,,,,,,,,,,,,,,,,,,,,,,,,,,
ACSSF,2010e1,al,000,0015,0000098,103827,83020,17345,47,952,0,1057,1406,109,1297,,,,,,,,,,,,,,,,,,,,,,,,,,,,,,,,,,,,,,,,,,,,,,,,,,,,,,,,,,,,,,,,,,,,,,,,,,,,,,,,,,,,,,,,,,,,,,,,,,,,,,,,,,,,,,,,,,,,,,,,,,,,,,,,,,,,,,,,,,,,,,,,,,,,,,,,84170,17819,732,1488,,1166,,,,,,,,,,,,,,,,,,,,,,,,,,,,,,,,,,,,,,,,,
