ACSSF,2010e1,al,000,0002,0000001,3829781,1110096,1849885,481713,107624,280463,3269324,862279,1674489,400435,76261,255860,341612,153627,99663,52213,21540,14569,137167,62785,43301,17904,6660,6517,81678,31405,32432,11161,3163,3517,3150669,562147,984471,913193,438346,252512,2765567,480972,873551,792573,390579,227892,236904,51083,70782,76872,26321,11846,89172,22247,26212,25071,10458,5184,59026,7845,13926,18677,10988,7590,3829781,544684,3285097,840145,414965,590970,413125,413329,253559,96339,262665,3269324,457686,2811638,680166,345227,500913,358793,366910,229267,87050,243312,341612,52244,289368,93366,45402,58162,34259,30650,13265,4662,9602,137167,23508,113659,45413,13943,20033,13186,9932,4540,2586,4026,81678,11246,70432,21200,10393,11862,6887,5837,6487,2041,5725,21146,22069,15865,13612,17486,4590876,860982,521029,3208865,3927104,645970,426703,2854431,435030,155000,67915,212115,140481,42646,16428,81407,88261,17366,9983,60912,4593317,3274317,1319000,3929813,3055205,874608,435987,141606,294381,138961,49782,89179,88556,27724,60832,3829781,1110096,1849885,589337,280463,3269324,862279,1674489,476696,255860,341612,153627,99663,73753,14569,137167,62785,43301,24564,6517,81678,31405,32432,14324,3517
ACSSF,2010e1,al,000,0002,0000002,,,,,,,,,,,,,,,,,,,,,,,,,,,,,,,,,,,,,,,,,,,,,,,,,,,,,,,,,,,,,,,,,,,,,,,,,,,,,,,,,,,,,,,,,,,,,,,,,,,,,,,,,,,,,,,,,,,,,,,,,,,,,,,,,,,,,,,,,,,,,,,,,,,,,,,,,,,,,,,,,,,,,,,,,,,,,,,,,,,,
ACSSF,2010e1,al,000,0002,0000003,,,,,,,,,,,,,,,,,,,,,,,,,,,,,,,,,,,,,,,,,,,,,,,,,,,,,,,,,,,,,,,,,,,,,,,,,,,,,,,,,,,,,,,,,,,,,,,,,,,,,,,,,,,,,,,,,,,,,,,,,,,,,,,,,,,,,,,,,,,,,,,,,,,,,,,,,,,,,,,,,,,,,,,,,,,,,,,,,,,,
ACSSF,2010e1,al,000,0002,0000004,,,,,,,,,,,,,,,,,,,,,,,,,,,,,,,,,,,,,,,,,,,,,,,,,,,,,,,,,,,,,,,,,,,,,,,,,,,,,,,,,,,,,,,,,,,,,,,,,,,,,,,,,,,,,,,,,,,,,,,,,,,,,,,,,,,,,,,,,,,,,,,,,,,,,,,,,,,,,,,,,,,,,,,,,,,,,,,,,,,,
ACSSF,2010e1,al,000,0002,0000005,,,,,,,,,,,,,,,,,,,,,,,,,,,,,,,,,,,,,,,,,,,,,,,,,,,,,,,,,,,,,,,,,,,,,,,,,,,,,,,,,,,,,,,,,,,,,,,,,,,,,,,,,,,,,,,,,,,,,,,,,,,,,,,,,,,,,,,,,,,,,,,,,,,,,,,,,,,,,,,,,,,,,,,,,,,,,,,,,,,,
ACSSF,2010e1,al,000,0002,0000006,,,,,,,,,,,,,,,,,,,,,,,,,,,,,,,,,,,,,,,,,,,,,,,,,,,,,,,,,,,,,,,,,,,,,,,,,,,,,,,,,,,,,,,,,,,,,,,,,,,,,,,,,,,,,,,,,,,,,,,,,,,,,,,,,,,,,,,,,,,,,,,,,,,,,,,,,,,,,,,,,,,,,,,,,,,,,,,,,,,,
ACSSF,2010e1,al,000,0002,0000007,,,,,,,,,,,,,,,,,,,,,,,,,,,,,,,,,,,,,,,,,,,,,,,,,,,,,,,,,,,,,,,,,,,,,,,,,,,,,,,,,,,,,,,,,,,,,,,,,,,,,,,,,,,,,,,,,,,,,,,,,,,,,,,,,,,,,,,,,,,,,,,,,,,,,,,,,,,,,,,,,,,,,,,,,,,,,,,,,,,,
ACSSF,2010e1,al,000,0002,0000008,,,,,,,,,,,,,,,,,,,,,,,,,,,,,,,,,,,,,,,,,,,,,,,,,,,,,,,,,,,,,,,,,,,,,,,,,,,,,,,,,,,,,,,,,,,,,,,,,,,,,,,,,,,,,,,,,,,,,,,,,,,,,,,,,,,,,,,,,,,,,,,,,,,,,,,,,,,,,,,,,,,,,,,,,,,,,,,,,,,,
ACSSF,2010e1,al,000,0002,0000009,,,,,,,,,,,,,,,,,,,,,,,,,,,,,,,,,,,,,,,,,,,,,,,,,,,,,,,,,,,,,,,,,,,,,,,,,,,,,,,,,,,,,,,,,,,,,,,,,,,,,,,,,,,,,,,,,,,,,,,,,,,,,,,,,,,,,,,,,,,,,,,,,,,,,,,,,,,,,,,,,,,,,,,,,,,,,,,,,,,,
ACSSF,2010e1,al,000,0002,0000010,,,,,,,,,,,,,,,,,,,,,,,,,,,,,,,,,,,,,,,,,,,,,,,,,,,,,,,,,,,,,,,,,,,,,,,,,,,,,,,,,,,,,,,,,,,,,,,,,,,,,,,,,,,,,,,,,,,,,,,,,,,,,,,,,,,,,,,,,,,,,,,,,,,,,,,,,,,,,,,,,,,,,,,,,,,,,,,,,,,,
ACSSF,2010e1,al,000,0002,0000011,,,,,,,,,,,,,,,,,,,,,,,,,,,,,,,,,,,,,,,,,,,,,,,,,,,,,,,,,,,,,,,,,,,,,,,,,,,,,,,,,,,,,,,,,,,,,,,,,,,,,,,,,,,,,,,,,,,,,,,,,,,,,,,,,,,,,,,,,,,,,,,,,,,,,,,,,,,,,,,,,,,,,,,,,,,,,,,,,,,,
ACSSF,2010e1,al,000,0002,0000012,,,,,,,,,,,,,,,,,,,,,,,,,,,,,,,,,,,,,,,,,,,,,,,,,,,,,,,,,,,,,,,,,,,,,,,,,,,,,,,,,,,,,,,,,,,,,,,,,,,,,,,,,,,,,,,,,,,,,,,,,,,,,,,,,,,,,,,,,,,,,,,,,,,,,,,,,,,,,,,,,,,,,,,,,,,,,,,,,,,,
ACSSF,2010e1,al,000,0002,0000013,143855,33363,79093,18018,2855,10526,122494,27150,70216,14802,1798,8528,12801,3308,5467,2216,510,1300,3577,1991,218,686,291,391,4983,914,3192,314,256,307,124332,15589,38609,36477,24594,9063,106613,12339,33646,30983,21478,8167,11050,2195,3084,3519,2053,199,2331,414,866,382,394,275,4338,641,1013,1593,669,422,143855,17328,126527,27162,15241,25827,14813,15621,11356,4633,11874,122494,14540,107954,22269,12046,22111,12863,13793,9691,4442,10739,12801,1601,11200,2664,2027,2675,877,1376,707,112,762,3577,507,3070,1474,390,472,225,304,205,0,0,4983,680,4303,755,778,569,848,148,753,79,373,22751,23666,17154,10578,26014,169771,21541,15251,132979,143347,14732,12502,116113,17615,5179,2474,9962,2786,842,275,1669,6023,788,0,5235,169089,124683,44406,142905,114899,28006,17504,6497,11007,2657,961,1696,6023,2326,3697,143855,33363,79093,20873,10526,122494,27150,70216,16600,8528,12801,3308,5467,2726,1300,3577,1991,218,977,391,4983,914,3192,570,307
ACSSF,2010e1,al,000,0002,0000014,96202,25937,45397,13375,4086,7407,79502,18864,40435,10521,3061,6621,9930,4359,2615,1922,757,277,4123,1636,1066,784,244,393,2647,1078,1281,148,24,116,79454,16913,27029,23225,7902,4385,67932,13556,23577,20102,6959,3738,6641,1670,2174,1967,645,185,3062,1214,747,561,109,431,1819,473,531,595,189,31,96202,13586,82616,24939,12109,13445,9434,8187,6733,2216,5553,79502,11067,68435,19809,8702,11621,8099,6687,6158,2187,5172,9930,1451,8479,2980,1703,964,1085,1091,444,0,212,4123,629,3494,1587,1065,361,70,208,131,0,72,2647,439,2208,563,639,499,180,201,0,29,97,17132,18939,13957,10575,12411,116599,27072,16202,73325,97079,21976,13352,61751,11845,3683,2250,5912,4913,1413,380,3120,2762,0,220,2542,116210,80307,35903,97109,73242,23867,11426,3900,7526,4913,1678,3235,2762,1487,1275,96202,25937,45397,17461,7407,79502,18864,40435,13582,6621,9930,4359,2615,2679,277,4123,1636,1066,1028,393,2647,1078,1281,172,116
ACSSF,2010e1,al,000,0002,0000015,66525,15809,33543,8837,2239,6097,55818,12198,29511,6647,1428,6034,7453,2605,2726,1248,811,63,2248,734,985,529,0,0,1006,272,321,413,0,0,55713,10038,18914,18820,5163,2778,47619,8196,15789,16188,4668,2778,5368,1361,2019,1703,285,0,1720,225,727,655,113,0,1006,256,379,274,97,0,66525,8964,57561,15935,7979,12276,6573,7805,2884,1256,2853,55818,7484,48334,12753,6843,10134,5810,7127,2407,729,2531,7453,1228,6225,2309,581,1766,763,136,121,227,322,2248,224,2024,334,387,118,0,529,356,300,0,1006,28,978,539,168,258,0,13,0,0,0,18579,19382,15670,40934,9686,80014,15735,9567,54712,67227,10663,8337,48227,9247,4576,717,3954,2508,260,258,1990,1032,236,255,541,79793,62941,16852,66897,57092,9805,9402,3240,6162,2462,2000,462,1032,609,423,66525,15809,33543,11076,6097,55818,12198,29511,8075,6034,7453,2605,2726,2059,63,2248,734,985,529,0,1006,272,321,413,0
ACSSF,2010e1,al,000,0002,0000016,56965,11853,33608,4680,1684,5140,49161,10168,29389,3929,1231,4444,3968,726,2003,382,453,404,3109,899,1716,202,0,292,727,60,500,167,0,0,46696,12505,16226,12622,3424,1919,41129,11137,13996,11302,2809,1885,3000,811,1044,554,557,34,1943,490,742,711,0,0,624,67,444,55,58,0,,,,,,,,,,,,,,,,,,,,,,,,,,,,,,,,,,,,,,,,,,,,,,,,,,,,,,,,18927,19281,11771,16363,35859,72837,13504,13441,45892,60992,10877,8381,41734,6260,1831,2514,1915,4075,796,1436,1843,1510,0,1110,400,73148,56744,16404,61303,53225,8078,6260,3170,3090,4075,145,3930,1510,204,1306,56965,11853,33608,6364,5140,49161,10168,29389,5160,4444,3968,726,2003,835,404,3109,899,1716,202,292,727,60,500,167,0
ACSSF,2010e1,al,000,0002,0000017,62221,13525,35662,7022,1344,4668,53796,10736,31669,6141,907,4343,3337,903,2073,300,54,7,3813,1886,1035,581,125,186,1275,0,885,0,258,132,52311,6935,16721,16907,7516,4232,46336,5638,14674,15258,6758,4008,2024,476,587,798,102,61,2738,612,1329,282,352,163,1213,209,131,569,304,0,62221,7997,54224,12516,4427,9465,8160,8054,5316,1522,4764,53796,6714,47082,10295,3562,8296,6644,7204,5000,1378,4703,3337,484,2853,807,324,504,689,468,0,0,61,3813,648,3165,1205,381,379,719,165,316,0,0,1275,151,1124,209,160,286,108,217,0,144,0,25699,26814,21244,14964,21687,70583,7324,4774,58485,62338,5946,4067,52325,4157,641,394,3122,2696,528,239,1929,1392,209,74,1109,70414,57710,12704,62486,54045,8441,4157,1572,2585,2379,1091,1288,1392,1002,390,62221,13525,35662,8366,4668,53796,10736,31669,7048,4343,3337,903,2073,354,7,3813,1886,1035,706,186,1275,0,885,258,132
ACSSF,2010e1,al,000,0002,0000018,83185,21041,40601,10475,2730,8338,71249,16719,36734,8450,2018,7328,9384,3146,3110,1555,617,956,2360,1093,697,421,95,54,192,83,60,49,0,0,69830,13463,23258,24395,5440,3274,61384,11036,21147,21569,4460,3172,6920,2048,1769,2081,980,42,1417,379,342,696,0,0,109,0,0,49,0,60,83185,12849,70336,19158,9632,14071,9104,9546,4776,1650,2399,71249,10550,60699,16018,8267,11641,7596,8765,4622,1391,2399,9384,1709,7675,2381,1096,1922,1293,610,154,219,0,2360,590,1770,627,269,508,215,111,0,40,0,192,0,192,132,0,0,0,60,0,0,0,20156,20687,17558,14534,4318,98849,18245,15049,65555,84886,14769,10782,59335,11462,2490,3829,5143,2309,854,438,1017,192,132,0,60,99345,74848,24497,85182,69421,15761,11662,4635,7027,2309,649,1660,192,143,49,83185,21041,40601,13205,8338,71249,16719,36734,10468,7328,9384,3146,3110,2172,956,2360,1093,697,516,54,192,83,60,49,0
ACSSF,2010e1,al,000,0002,0000019,81815,21869,40890,11129,1887,6040,68879,15432,37480,9542,1338,5087,6798,2968,1677,1216,549,388,4138,1833,1405,335,0,565,2000,1636,328,36,0,0,68376,11513,23189,20956,7905,4813,59933,9808,20686,17988,7171,4280,4676,1162,1727,1402,189,196,2867,437,552,1112,493,273,900,106,224,454,52,64,81815,10326,71489,17991,9481,12517,10007,9557,5567,1533,4836,68879,8159,60720,13370,7506,11261,8522,8984,5333,1491,4253,6798,1070,5728,2433,1036,793,660,401,234,42,129,4138,558,3580,1278,747,220,825,172,0,0,338,2000,539,1461,910,192,243,0,0,0,0,116,21234,23094,11832,12058,7442,99243,19783,12642,66818,83236,13022,10258,59956,8569,3274,1935,3360,5133,1783,429,2921,2305,1704,20,581,99672,62430,37242,83399,58798,24601,8775,2084,6691,5193,1085,4108,2305,463,1842,81815,21869,40890,13016,6040,68879,15432,37480,10880,5087,6798,2968,1677,1765,388,4138,1833,1405,335,565,2000,1636,328,36,0
ACSSF,2010e1,al,000,0002,0000020,529208,177898,225139,69830,14740,41601,441460,132507,203459,57542,10015,37937,61520,32528,12509,9610,4093,2780,17662,9093,5595,1641,632,701,8566,3770,3576,1037,0,183,437980,61346,120235,131944,77723,46732,377692,50685,104026,111880,70126,40975,42320,7077,12122,14927,5123,3071,11680,2946,2933,3409,1480,912,6288,638,1154,1728,994,1774,529208,71010,458198,110002,56685,76675,57304,62185,38859,13896,42592,441460,56966,384494,86337,46927,63423,48268,52795,34860,12186,39698,61520,10189,51331,15952,6974,10470,5784,6930,2500,1283,1438,17662,3244,14418,5638,1272,1966,2434,1526,624,285,673,8566,611,7955,2075,1512,816,818,934,875,142,783,22475,24103,17338,16032,18342,635389,116073,66734,452582,530562,81138,51222,398202,77430,29243,12080,36107,18376,4120,2934,11322,9021,1572,498,6951,634681,423639,211042,530137,393139,136998,77264,20290,56974,18187,6866,11321,9093,3344,5749,529208,177898,225139,84570,41601,441460,132507,203459,67557,37937,61520,32528,12509,13703,2780,17662,9093,5595,2273,701,8566,3770,3576,1037,183
ACSSF,2010e1,al,000,0002,0000021,74828,20146,37807,9560,943,6372,65321,15316,34891,8538,771,5805,5374,2821,1251,739,82,481,2609,1541,917,61,90,0,1524,468,748,222,0,86,59593,8696,20091,16481,8795,5530,54547,8180,17889,15627,7922,4929,3078,387,1414,429,465,383,912,129,303,56,274,150,1056,0,485,369,134,68,,,,,,,,,,,,,,,,,,,,,,,,,,,,,,,,,,,,,,,,,,,,,,,,,,,,,,,,20577,21877,17038,6206,9059,87454,16256,8654,62544,75832,12073,7604,56155,6791,2277,861,3653,3000,1562,0,1438,1831,344,189,1298,87498,67677,19821,75890,62955,12935,6791,2471,4320,3000,1041,1959,1817,1210,607,74828,20146,37807,10503,6372,65321,15316,34891,9309,5805,5374,2821,1251,821,481,2609,1541,917,151,0,1524,468,748,222,86
ACSSF,2010e1,al,000,0002,0000022,108011,39009,52797,9860,1928,4417,83451,23306,46577,8529,1067,3972,15397,10504,3564,600,535,194,3937,2468,918,106,194,251,5226,2731,1738,625,132,0,76977,10285,19459,22537,13238,11458,66732,8619,17329,20020,11129,9635,5683,1112,1439,1317,1033,782,1404,371,218,447,184,184,3158,183,473,753,892,857,108011,13643,94368,26755,12322,15362,10678,11370,7341,3705,6835,83451,10638,72813,18160,8440,11138,8530,9884,6599,3513,6549,15397,1300,14097,6065,2687,2947,1153,751,318,68,108,3937,997,2940,902,707,429,473,396,0,0,33,5226,708,4518,1628,488,848,522,339,424,124,145,20430,23544,11745,12423,16021,129634,26008,13338,90288,102941,16562,9359,77020,16767,7331,2712,6724,3922,1030,673,2219,6004,1085,594,4325,129784,85512,44272,103138,77792,25346,16767,4647,12120,3875,1380,2495,6004,1693,4311,108011,39009,52797,11788,4417,83451,23306,46577,9596,3972,15397,10504,3564,1135,194,3937,2468,918,300,251,5226,2731,1738,757,0
ACSSF,2010e1,al,000,0002,0000023,64267,15600,35928,7794,1110,3835,56732,12184,33680,6696,783,3389,3614,1215,1382,702,277,38,2036,1049,364,267,50,306,1885,1152,502,129,0,102,53954,9779,15695,15315,9205,3960,49448,8295,14521,14189,8773,3670,2705,737,677,645,399,247,1020,272,272,443,33,0,781,475,225,38,0,43,64267,10289,53978,11000,5777,8814,7927,8144,4253,2086,5977,56732,8703,48029,8868,4684,8289,6988,7503,4138,2043,5516,3614,725,2889,888,728,179,465,221,77,43,288,2036,449,1587,699,183,279,161,92,0,0,173,1885,412,1473,545,182,67,313,328,38,0,0,26433,27603,14314,13791,18490,76211,9785,7298,59128,67840,7222,6474,54144,4505,1473,524,2508,1961,196,272,1493,1905,894,28,983,75985,60431,15554,67840,56812,11028,4505,2003,2502,1735,934,801,1905,682,1223,64267,15600,35928,8904,3835,56732,12184,33680,7479,3389,3614,1215,1382,979,38,2036,1049,364,317,306,1885,1152,502,129,102
ACSSF,2010e1,al,000,0002,0000024,272538,83020,136137,30863,5589,16929,235969,66605,125019,25150,3643,15552,21323,9271,6421,3979,1292,360,8085,4551,2211,795,369,159,7161,2593,2486,939,285,858,224270,28416,49243,64542,48806,33263,198218,23440,42959,58490,42809,30520,16015,2402,3800,4194,4134,1485,4235,1209,1182,1048,591,205,5802,1365,1302,810,1272,1053,272538,37825,234713,54545,21959,34960,27808,28041,20187,9005,38208,235969,32821,203148,44845,18718,28766,23916,25354,17738,7744,36067,21323,2027,19296,4967,1859,3730,3336,1979,1686,641,1098,8085,1842,6243,3364,655,681,170,300,410,497,166,7161,1135,6026,1369,727,1783,386,408,353,123,877,26750,28462,21836,9420,19307,328590,43169,26938,258483,285385,31101,22191,232093,27627,7284,3320,17023,8053,3807,220,4026,7525,977,1207,5341,328648,240249,88399,285482,222693,62789,27796,11636,16160,7815,4059,3756,7555,1861,5694,272538,83020,136137,36452,16929,235969,66605,125019,28793,15552,21323,9271,6421,5271,360,8085,4551,2211,1164,159,7161,2593,2486,1224,858
ACSSF,2010e1,al,000,0002,0000025,71969,14550,40609,9770,1062,5978,62521,12203,36242,7749,579,5748,6452,1809,2844,1355,335,109,2579,538,1293,479,148,121,417,0,230,187,0,0,59649,13126,19463,18768,4973,3319,52470,11083,17730,16096,4242,3319,5092,1510,1268,1958,356,0,1670,533,271,678,188,0,417,0,194,36,187,0,,,,,,,,,,,,,,,,,,,,,,,,,,,,,,,,,,,,,,,,,,,,,,,,,,,,,,,,21058,21405,20467,15068,24368,88747,16062,9635,63050,75876,12000,7861,56015,9850,3260,1517,5073,2562,724,257,1581,459,78,0,381,88782,62925,25857,75892,57815,18077,9915,4586,5329,2516,524,1992,459,0,459,71969,14550,40609,10832,5978,62521,12203,36242,8328,5748,6452,1809,2844,1690,109,2579,538,1293,627,121,417,0,230,187,0
ACSSF,2010e1,al,000,0002,0000026,332296,104375,144781,48346,12091,22703,283719,84051,131577,38950,8301,20840,32738,14147,8350,5961,2768,1512,6160,2501,2330,972,134,223,9679,3676,2524,2463,888,128,272506,46234,87131,83077,37315,18749,236323,39270,74833,70344,34312,17564,24394,5191,8273,8142,2007,781,4713,1107,1207,1523,693,183,7076,666,2818,3068,303,221,332296,51755,280541,72296,33835,51581,35805,38823,19862,7878,20461,283719,43707,240012,59271,28044,43313,31066,34335,18461,7041,18481,32738,5008,27730,7708,4744,5847,3540,3080,1070,493,1248,6160,1336,4824,1704,143,1407,469,809,0,69,223,9679,1704,7975,3613,904,1014,730,599,331,275,509,21072,21800,18133,20413,12497,403306,80999,50384,271923,344353,61386,40605,242362,42658,14485,6114,22059,6794,2577,1838,2379,9501,2551,1827,5123,404545,276228,128317,344844,258890,85954,42874,12469,30405,7068,2965,4103,9759,1904,7855,332296,104375,144781,60437,22703,283719,84051,131577,47251,20840,32738,14147,8350,8729,1512,6160,2501,2330,1106,223,9679,3676,2524,3351,128
ACSSF,2010e1,al,000,0002,0000027,181779,65028,74750,24539,6537,10925,143823,45519,65582,19458,3353,9911,25506,14671,4115,3905,2282,533,7294,3286,2687,461,507,353,5156,1552,2366,715,395,128,147420,22641,41713,37720,26165,19181,120854,18277,33655,29443,22593,16886,17300,3236,5130,5521,1986,1427,5072,862,1789,1508,664,249,4194,266,1139,1248,922,619,181779,23117,158662,40104,17891,27714,19015,20277,12180,6098,15383,143823,17032,126791,30616,13690,20136,15325,17428,11004,5452,13140,25506,4353,21153,6833,3661,4606,2367,1830,619,129,1108,7294,1081,6213,1914,145,1867,557,702,120,446,462,5156,651,4505,741,395,1105,766,317,437,71,673,22194,24416,15134,20752,25120,217212,44734,19355,153123,169944,29630,13836,126478,33488,13113,4737,15638,7673,1555,368,5750,6107,436,414,5257,218104,127851,90253,170345,115507,54838,33857,7697,26160,7655,3108,4547,6247,1539,4708,181779,65028,74750,31076,10925,143823,45519,65582,22811,9911,25506,14671,4115,6187,533,7294,3286,2687,968,353,5156,1552,2366,1110,128
ACSSF,2010e1,al,000,0002,0000028,98296,25237,51345,12751,2523,6440,85695,20108,47034,11084,1890,5579,6243,2176,2570,913,201,383,5158,2674,1151,519,383,431,1200,279,590,235,49,47,82120,17274,26382,25378,8859,4227,73287,14677,23440,22960,8104,4106,4350,905,1706,1208,463,68,3469,1326,1101,882,107,53,1014,366,135,328,185,0,98296,11815,86481,20870,10871,15547,11710,12101,7286,1932,6164,85695,9690,76005,17942,8852,13552,10153,10983,6802,1831,5890,6243,679,5564,1623,858,974,643,841,371,30,224,5158,1245,3913,1106,1044,593,780,277,113,0,0,1200,201,999,199,117,428,134,0,0,71,50,21159,22537,16805,12593,19117,118938,17402,10673,90863,103835,12011,9189,82635,8045,1943,681,5421,5328,2460,803,2065,1730,988,0,742,118232,85671,32561,103276,79589,23687,7995,3822,4173,5231,1465,3766,1730,795,935,98296,25237,51345,15274,6440,85695,20108,47034,12974,5579,6243,2176,2570,1114,383,5158,2674,1151,902,431,1200,279,590,284,47
ACSSF,2010e1,al,000,0002,0000029,68418,15863,36048,8857,1549,6101,59575,12280,33303,7323,1071,5598,4581,1477,1943,663,187,311,3796,1946,564,871,291,124,466,160,238,0,0,68,58272,11732,20522,17894,6230,1894,51702,10653,17742,15559,5854,1894,3536,613,1468,1303,152,0,2641,398,1151,959,133,0,393,68,161,73,91,0,68418,10576,57842,11456,6758,11161,6658,9132,5401,2291,4985,59575,9501,50074,9058,5818,9390,6140,7790,5079,2218,4581,4581,884,3697,591,312,1001,416,956,322,0,99,3796,117,3679,1647,628,702,102,386,0,0,214,466,74,392,160,0,68,0,0,0,73,91,24366,26525,23368,10880,21324,81814,9296,9841,62677,71460,7874,7455,56131,6028,504,1902,3622,3933,855,484,2594,393,63,0,330,82069,67752,14317,71715,63168,8547,6028,3254,2774,3933,1238,2695,393,92,301,68418,15863,36048,10406,6101,59575,12280,33303,8394,5598,4581,1477,1943,850,311,3796,1946,564,1162,124,466,160,238,0,68
ACSSF,2010e1,al,000,0002,0000030,153227,36283,87963,18740,2411,7830,134070,29121,80522,15558,1617,7252,9130,4285,2847,1304,302,392,6520,2196,2527,1213,431,153,3507,681,2067,665,61,33,130248,10709,27910,39658,36693,15278,114850,9199,25352,33336,32592,14371,7280,779,1446,3738,1106,211,4931,479,815,1952,1499,186,3187,252,297,632,1496,510,153227,18841,134386,23504,14067,18834,17312,17578,14480,6471,22140,134070,16849,117221,19745,11392,16029,14886,15385,13185,5639,20960,9130,1113,8017,1577,1168,1214,1441,946,782,754,135,6520,333,6187,1392,1333,1306,758,714,156,26,502,3507,546,2961,790,174,285,227,533,357,52,543,31102,32016,25221,16990,35262,189975,18639,13156,158180,167694,14956,10242,142496,11153,2740,1415,6998,6802,668,1306,4828,4326,275,193,3858,189961,153016,36945,167738,146272,21466,11153,3594,7559,6802,2650,4152,4268,500,3768,153227,36283,87963,21151,7830,134070,29121,80522,17175,7252,9130,4285,2847,1606,392,6520,2196,2527,1644,153,3507,681,2067,726,33
ACSSF,2010e1,al,000,0002,0000031,64525,15382,31375,9320,3096,5352,55292,12600,28037,8204,2402,4049,4306,1530,1506,606,289,375,3653,918,1603,244,405,483,1274,334,229,266,0,445,53911,12526,20575,13473,4532,2805,47311,10277,18397,12184,4027,2426,2998,1051,934,845,46,122,2558,832,916,289,264,257,1044,366,328,155,195,0,64525,9803,54722,16120,6246,12218,7760,6235,3178,1184,1781,55292,8283,47009,12901,5160,11056,6888,5490,2874,1184,1456,4306,784,3522,1517,384,815,202,207,269,0,128,3653,584,3069,1496,94,299,548,400,35,0,197,1274,152,1122,206,608,48,122,138,0,0,0,17896,19026,12285,12188,11460,75645,16923,8294,50428,65893,13352,7907,44634,4863,2272,311,2280,4029,1092,0,2937,860,207,76,577,75496,50297,25199,65939,46251,19688,4710,1540,3170,4029,2005,2024,818,501,317,64525,15382,31375,12416,5352,55292,12600,28037,10606,4049,4306,1530,1506,895,375,3653,918,1603,649,483,1274,334,229,266,445
ACSSF,2010e1,al,000,0002,0000032,155526,59363,70652,14835,2160,8516,130729,43715,63152,13818,1736,8308,17800,11979,4843,635,207,136,4195,1712,1953,259,199,72,2802,1957,704,123,18,0,112975,14543,35407,32126,17818,13081,101329,12928,32798,29013,15873,10717,8031,1308,2224,2409,1168,922,2695,254,371,464,777,829,920,53,14,240,0,613,155526,22764,132762,35620,17124,22886,16312,15449,11006,3706,10659,130729,20377,110352,27346,12962,19425,13474,14070,9688,3477,9910,17800,1974,15826,6037,3225,2121,2091,1070,665,149,468,4195,124,4071,1259,637,787,693,66,268,80,281,2802,289,2513,978,300,553,54,243,385,0,0,20522,22108,12383,15775,12321,182092,29530,19452,133110,154018,20847,16519,116652,20878,7861,2592,10425,4533,581,341,3611,2663,241,0,2422,183568,127779,55789,155615,120070,35545,20878,5137,15741,4412,1632,2780,2663,940,1723,155526,59363,70652,16995,8516,130729,43715,63152,15554,8308,17800,11979,4843,842,136,4195,1712,1953,458,72,2802,1957,704,141,0
ACSSF,2010e1,al,000,0002,0000033,54231,12984,26831,7926,2122,4368,48289,11195,24189,6929,1953,4023,3833,882,1735,835,86,295,1630,636,737,149,58,50,479,271,170,13,25,0,46609,13152,15771,13949,2481,1256,41863,11703,13789,12858,2340,1173,3117,818,1568,688,23,20,1264,545,318,350,51,0,365,86,96,53,67,63,,,,,,,,,,,,,,,,,,,,,,,,,,,,,,,,,,,,,,,,,,,,,,,,,,,,,,,,17270,18640,9638,13250,16997,65176,16268,6682,42226,57587,13167,5621,38799,5416,2247,551,2618,1515,518,510,487,658,336,0,322,65408,50383,15025,57587,47266,10321,5540,2408,3132,1515,352,1163,766,357,409,54231,12984,26831,10048,4368,48289,11195,24189,8882,4023,3833,882,1735,921,295,1630,636,737,207,50,479,271,170,38,0
ACSSF,2010e1,al,000,0002,0000034,174165,75183,46863,27983,8532,15604,135280,53341,40804,21407,5871,13857,30032,16887,4310,5094,2521,1220,4650,2986,430,567,140,527,4203,1969,1319,915,0,0,144744,25636,43576,45701,19416,10415,116376,20376,35429,36636,15219,8716,21668,4632,6703,6980,2355,998,3617,628,995,832,933,229,3083,0,449,1253,909,472,174165,24372,149793,43730,23750,28563,19106,15974,9252,2482,6936,135280,18410,116870,31678,19644,22036,15308,12568,7671,1801,6164,30032,4915,25117,9018,3469,5928,2575,2549,923,339,316,4650,836,3814,1838,292,381,602,262,64,285,90,4203,211,3992,1196,345,218,621,595,594,57,366,17235,17916,15094,12658,28764,204476,59233,25904,119339,155731,38234,18694,98803,40219,19073,6571,14575,4124,1226,478,2420,4402,700,161,3541,203695,109822,93873,154931,99347,55584,40224,6717,33507,4132,1988,2144,4408,1770,2638,174165,75183,46863,36515,15604,135280,53341,40804,27278,13857,30032,16887,4310,7615,1220,4650,2986,430,707,527,4203,1969,1319,915,0
ACSSF,2010e1,al,000,0002,0000035,52205,15762,23817,7773,1324,3529,42795,10784,21618,6631,877,2885,5157,2279,1230,932,447,269,2948,1564,815,194,0,375,1305,1135,154,16,0,0,42394,6723,12905,13769,5700,3297,36396,5457,11021,11704,5123,3091,3385,829,1285,986,162,123,1907,437,395,693,363,19,706,0,204,386,52,64,52205,7370,44835,12062,5583,7818,6074,5527,3542,967,3262,42795,5624,37171,8449,4306,6692,5317,5271,3374,942,2820,5157,823,4334,1964,628,663,589,243,168,25,54,2948,469,2479,1195,611,220,168,13,0,0,272,1305,454,851,454,38,243,0,0,0,0,116,20590,23324,11053,10199,9321,62928,13925,7339,41664,51292,8308,5444,37540,6713,2841,1518,2354,3251,1682,357,1212,1672,1094,20,558,63125,36667,26458,51322,34171,17151,6820,1329,5491,3311,815,2496,1672,352,1320,52205,15762,23817,9097,3529,42795,10784,21618,7508,2885,5157,2279,1230,1379,269,2948,1564,815,194,375,1305,1135,154,16,0
ACSSF,2010e1,al,000,0002,0000036,59645,13728,36570,4985,1001,3361,50734,9797,32922,4292,676,3047,5219,2668,1705,249,325,272,2708,858,1516,292,0,42,984,405,427,152,0,0,50926,2070,7173,12445,17862,11376,44295,1682,5289,10503,16262,10559,3824,39,1280,1160,880,465,2113,349,501,718,381,164,694,0,103,64,339,188,59645,6266,53379,10458,4087,6370,5967,6691,6055,1882,11869,50734,5113,45621,8444,3174,5286,5171,5468,5189,1577,11312,5219,936,4283,681,892,727,355,324,631,305,368,2708,162,2546,724,21,293,441,825,168,0,74,984,55,929,609,0,64,0,74,67,0,115,34664,36482,21644,28972,3543,76203,4054,5283,66866,64892,2244,2494,60154,6859,1583,1671,3605,3374,75,1054,2245,1078,152,64,862,76203,52493,23710,64892,49689,15203,6859,1758,5101,3374,781,2593,1078,265,813,59645,13728,36570,5986,3361,50734,9797,32922,4968,3047,5219,2668,1705,574,272,2708,858,1516,292,42,984,405,427,152,0
ACSSF,2010e1,al,000,0002,0000037,147125,50077,64724,18620,3999,9705,125760,39623,59848,15182,2498,8609,13416,6462,2996,2627,1026,305,4497,2503,1074,425,336,159,3452,1489,806,386,139,632,120484,16109,23503,36635,26331,17906,105133,12784,19365,32970,23537,16477,9891,1409,2623,2473,2467,919,2808,907,686,793,234,188,2652,1009,829,399,93,322,147125,17337,129788,32647,13138,21030,15732,15442,10776,4149,16874,125760,14437,111323,26745,10952,17118,12847,13888,9655,3796,16322,13416,1516,11900,3185,1268,2605,2459,1069,689,295,330,4497,1085,3412,1740,397,378,204,269,217,58,149,3452,299,3153,977,521,929,222,216,215,0,73,23887,25496,20729,9831,17663,171927,29134,13204,129589,146637,20466,10296,115875,17537,6152,2512,8873,4852,2101,0,2751,2901,415,396,2090,171829,111424,60405,146578,102447,44131,17706,6114,11592,4614,1911,2703,2931,952,1979,147125,50077,64724,22619,9705,125760,39623,59848,17680,8609,13416,6462,2996,3653,305,4497,2503,1074,761,159,3452,1489,806,525,632
ACSSF,2010e1,al,000,0002,0000038,164370,62076,56500,25588,8087,12119,135366,49176,50270,19385,5751,10784,18438,8794,3288,3729,1552,1075,3817,1524,1473,516,134,170,6749,2582,1469,1958,650,90,131076,16726,39424,39894,23763,11269,109685,13865,32246,31563,21430,10581,13720,1888,4243,5628,1388,573,2750,382,751,975,642,0,4921,591,2184,1728,303,115,164370,25381,138989,38014,17371,25002,17049,17515,9890,2594,11554,135366,20807,114559,29492,13558,21164,14085,14809,9133,2372,9946,18438,2498,15940,4596,2864,3023,1912,1888,657,0,1000,3817,1002,2815,1162,143,432,469,462,0,0,147,6749,1074,5675,2764,806,383,583,356,100,222,461,20112,21105,17339,16363,10490,193955,42222,28187,123546,159956,31256,21763,106937,23569,7704,3794,12071,3866,1008,1604,1254,6564,2254,1026,3284,194183,113239,80944,160089,107220,52869,23725,4527,19198,3866,872,2994,6503,620,5883,164370,62076,56500,33675,12119,135366,49176,50270,25136,10784,18438,8794,3288,5281,1075,3817,1524,1473,650,170,6749,2582,1469,2608,90
ACSSF,2010e1,al,000,0002,0000039,163843,60587,65525,22660,5829,9242,127457,41667,56763,17842,2957,8228,24780,14417,3893,3719,2218,533,6509,3010,2503,384,259,353,5097,1493,2366,715,395,128,131932,19566,37434,33836,23450,17646,106457,15450,29667,25837,20000,15503,16791,3172,5086,5264,1947,1322,4549,737,1542,1487,581,202,4135,207,1139,1248,922,619,163843,21218,142625,35395,15662,25471,17491,18614,10969,5738,13285,127457,15334,112123,26408,11696,18107,13927,15909,9793,5092,11191,24780,4270,20510,6591,3485,4606,2241,1770,619,129,1069,6509,963,5546,1655,145,1653,557,618,120,446,352,5097,651,4446,741,336,1105,766,317,437,71,673,22447,24911,15290,20933,25429,196975,40632,18338,138005,151559,26486,12819,112254,32259,12231,4737,15291,7050,1479,368,5203,6107,436,414,5257,197963,111155,86808,152056,99329,52727,32628,7511,25117,7032,2776,4256,6247,1539,4708,163843,60587,65525,28489,9242,127457,41667,56763,20799,8228,24780,14417,3893,5937,533,6509,3010,2503,643,353,5097,1493,2366,1110,128
ACSSF,2010e1,al,000,0002,0000040,72500,32364,28174,6203,1229,4530,55974,20883,24165,5584,944,4398,11927,8908,2300,476,141,102,2419,1043,1121,99,126,30,2180,1530,588,44,18,0,49750,5994,12795,13179,9856,7926,42624,4801,11292,11131,8902,6498,5017,987,1277,1606,471,676,1488,153,212,318,483,322,621,53,14,124,0,430,72500,9829,62671,20051,7317,11125,6901,6162,4577,1247,5291,55974,8544,47430,13192,4311,8691,5499,5416,4170,1146,5005,11927,887,11040,5174,2517,1614,913,503,87,101,131,2419,109,2310,1146,189,267,475,0,78,0,155,2180,289,1891,539,300,553,14,243,242,0,0,17363,21083,10539,10369,16153,82444,20012,7908,54524,64645,12658,5744,46243,13206,6601,1884,4721,2565,512,280,1773,2028,241,0,1787,82830,48072,34758,65152,44473,20679,13206,2145,11061,2444,832,1612,2028,622,1406,72500,32364,28174,7432,4530,55974,20883,24165,6528,4398,11927,8908,2300,617,102,2419,1043,1121,225,30,2180,1530,588,62,0
ACSSF,2010e1,al,000,0002,0000041,174165,75183,46863,27983,8532,15604,135280,53341,40804,21407,5871,13857,30032,16887,4310,5094,2521,1220,4650,2986,430,567,140,527,4203,1969,1319,915,0,0,144744,25636,43576,45701,19416,10415,116376,20376,35429,36636,15219,8716,21668,4632,6703,6980,2355,998,3617,628,995,832,933,229,3083,0,449,1253,909,472,174165,24372,149793,43730,23750,28563,19106,15974,9252,2482,6936,135280,18410,116870,31678,19644,22036,15308,12568,7671,1801,6164,30032,4915,25117,9018,3469,5928,2575,2549,923,339,316,4650,836,3814,1838,292,381,602,262,64,285,90,4203,211,3992,1196,345,218,621,595,594,57,366,17235,17916,15094,12658,28764,204476,59233,25904,119339,155731,38234,18694,98803,40219,19073,6571,14575,4124,1226,478,2420,4402,700,161,3541,203695,109822,93873,154931,99347,55584,40224,6717,33507,4132,1988,2144,4408,1770,2638,174165,75183,46863,36515,15604,135280,53341,40804,27278,13857,30032,16887,4310,7615,1220,4650,2986,430,707,527,4203,1969,1319,915,0
ACSSF,2010e1,al,000,0002,0000042,59645,13728,36570,4985,1001,3361,50734,9797,32922,4292,676,3047,5219,2668,1705,249,325,272,2708,858,1516,292,0,42,984,405,427,152,0,0,50926,2070,7173,12445,17862,11376,44295,1682,5289,10503,16262,10559,3824,39,1280,1160,880,465,2113,349,501,718,381,164,694,0,103,64,339,188,59645,6266,53379,10458,4087,6370,5967,6691,6055,1882,11869,50734,5113,45621,8444,3174,5286,5171,5468,5189,1577,11312,5219,936,4283,681,892,727,355,324,631,305,368,2708,162,2546,724,21,293,441,825,168,0,74,984,55,929,609,0,64,0,74,67,0,115,34664,36482,21644,28972,3543,76203,4054,5283,66866,64892,2244,2494,60154,6859,1583,1671,3605,3374,75,1054,2245,1078,152,64,862,76203,52493,23710,64892,49689,15203,6859,1758,5101,3374,781,2593,1078,265,813,59645,13728,36570,5986,3361,50734,9797,32922,4968,3047,5219,2668,1705,574,272,2708,858,1516,292,42,984,405,427,152,0
ACSSF,2010e1,al,000,0002,0000043,51392,15359,23606,7574,1324,3529,41982,10381,21407,6432,877,2885,5157,2279,1230,932,447,269,2948,1564,815,194,0,375,1305,1135,154,16,0,0,41841,6723,12905,13427,5610,3176,35843,5457,11021,11362,5033,2970,3385,829,1285,986,162,123,1907,437,395,693,363,19,706,0,204,386,52,64,51392,7186,44206,11986,5583,7818,6037,5160,3499,914,3209,41982,5440,36542,8373,4306,6692,5280,4904,3331,889,2767,5157,823,4334,1964,628,663,589,243,168,25,54,2948,469,2479,1195,611,220,168,13,0,0,272,1305,454,851,454,38,243,0,0,0,0,116,20310,22860,11053,10199,9321,61708,13925,7339,40444,50072,8308,5444,36320,6713,2841,1518,2354,3251,1682,357,1212,1672,1094,20,558,61905,35447,26458,50102,32951,17151,6820,1329,5491,3311,815,2496,1672,352,1320,51392,15359,23606,8898,3529,41982,10381,21407,7309,2885,5157,2279,1230,1379,269,2948,1564,815,194,375,1305,1135,154,16,0
ACSSF,2010e1,al,000,0002,0000044,147125,50077,64724,18620,3999,9705,125760,39623,59848,15182,2498,8609,13416,6462,2996,2627,1026,305,4497,2503,1074,425,336,159,3452,1489,806,386,139,632,120484,16109,23503,36635,26331,17906,105133,12784,19365,32970,23537,16477,9891,1409,2623,2473,2467,919,2808,907,686,793,234,188,2652,1009,829,399,93,322,147125,17337,129788,32647,13138,21030,15732,15442,10776,4149,16874,125760,14437,111323,26745,10952,17118,12847,13888,9655,3796,16322,13416,1516,11900,3185,1268,2605,2459,1069,689,295,330,4497,1085,3412,1740,397,378,204,269,217,58,149,3452,299,3153,977,521,929,222,216,215,0,73,23887,25496,20729,9831,17663,171927,29134,13204,129589,146637,20466,10296,115875,17537,6152,2512,8873,4852,2101,0,2751,2901,415,396,2090,171829,111424,60405,146578,102447,44131,17706,6114,11592,4614,1911,2703,2931,952,1979,147125,50077,64724,22619,9705,125760,39623,59848,17680,8609,13416,6462,2996,3653,305,4497,2503,1074,761,159,3452,1489,806,525,632
ACSSF,2010e1,al,000,0002,0000045,164370,62076,56500,25588,8087,12119,135366,49176,50270,19385,5751,10784,18438,8794,3288,3729,1552,1075,3817,1524,1473,516,134,170,6749,2582,1469,1958,650,90,131076,16726,39424,39894,23763,11269,109685,13865,32246,31563,21430,10581,13720,1888,4243,5628,1388,573,2750,382,751,975,642,0,4921,591,2184,1728,303,115,164370,25381,138989,38014,17371,25002,17049,17515,9890,2594,11554,135366,20807,114559,29492,13558,21164,14085,14809,9133,2372,9946,18438,2498,15940,4596,2864,3023,1912,1888,657,0,1000,3817,1002,2815,1162,143,432,469,462,0,0,147,6749,1074,5675,2764,806,383,583,356,100,222,461,20112,21105,17339,16363,10490,193955,42222,28187,123546,159956,31256,21763,106937,23569,7704,3794,12071,3866,1008,1604,1254,6564,2254,1026,3284,194183,113239,80944,160089,107220,52869,23725,4527,19198,3866,872,2994,6503,620,5883,164370,62076,56500,33675,12119,135366,49176,50270,25136,10784,18438,8794,3288,5281,1075,3817,1524,1473,650,170,6749,2582,1469,2608,90
ACSSF,2010e1,al,000,0002,0000046,163843,60587,65525,22660,5829,9242,127457,41667,56763,17842,2957,8228,24780,14417,3893,3719,2218,533,6509,3010,2503,384,259,353,5097,1493,2366,715,395,128,131932,19566,37434,33836,23450,17646,106457,15450,29667,25837,20000,15503,16791,3172,5086,5264,1947,1322,4549,737,1542,1487,581,202,4135,207,1139,1248,922,619,163843,21218,142625,35395,15662,25471,17491,18614,10969,5738,13285,127457,15334,112123,26408,11696,18107,13927,15909,9793,5092,11191,24780,4270,20510,6591,3485,4606,2241,1770,619,129,1069,6509,963,5546,1655,145,1653,557,618,120,446,352,5097,651,4446,741,336,1105,766,317,437,71,673,22447,24911,15290,20933,25429,196975,40632,18338,138005,151559,26486,12819,112254,32259,12231,4737,15291,7050,1479,368,5203,6107,436,414,5257,197963,111155,86808,152056,99329,52727,32628,7511,25117,7032,2776,4256,6247,1539,4708,163843,60587,65525,28489,9242,127457,41667,56763,20799,8228,24780,14417,3893,5937,533,6509,3010,2503,643,353,5097,1493,2366,1110,128
ACSSF,2010e1,al,000,0002,0000047,72500,32364,28174,6203,1229,4530,55974,20883,24165,5584,944,4398,11927,8908,2300,476,141,102,2419,1043,1121,99,126,30,2180,1530,588,44,18,0,49750,5994,12795,13179,9856,7926,42624,4801,11292,11131,8902,6498,5017,987,1277,1606,471,676,1488,153,212,318,483,322,621,53,14,124,0,430,72500,9829,62671,20051,7317,11125,6901,6162,4577,1247,5291,55974,8544,47430,13192,4311,8691,5499,5416,4170,1146,5005,11927,887,11040,5174,2517,1614,913,503,87,101,131,2419,109,2310,1146,189,267,475,0,78,0,155,2180,289,1891,539,300,553,14,243,242,0,0,17363,21083,10539,10369,16153,82444,20012,7908,54524,64645,12658,5744,46243,13206,6601,1884,4721,2565,512,280,1773,2028,241,0,1787,82830,48072,34758,65152,44473,20679,13206,2145,11061,2444,832,1612,2028,622,1406,72500,32364,28174,7432,4530,55974,20883,24165,6528,4398,11927,8908,2300,617,102,2419,1043,1121,225,30,2180,1530,588,62,0
ACSSF,2010e1,al,000,0002,0000048,,,,,,,,,,,,,,,,,,,,,,,,,,,,,,,,,,,,,,,,,,,,,,,,,,,,,,,,,,,,,,,,,,,,,,,,,,,,,,,,,,,,,,,,,,,,,,,,,,,,,,,,,,,,,,,,,,,,,,,,,,,,,,,,,,,,,,,,,,,,,,,,,,,,,,,,,,,,,,,,,,,,,,,,,,,,,,,,,,,,
ACSSF,2010e1,al,000,0002,0000049,,,,,,,,,,,,,,,,,,,,,,,,,,,,,,,,,,,,,,,,,,,,,,,,,,,,,,,,,,,,,,,,,,,,,,,,,,,,,,,,,,,,,,,,,,,,,,,,,,,,,,,,,,,,,,,,,,,,,,,,,,,,,,,,,,,,,,,,,,,,,,,,,,,,,,,,,,,,,,,,,,,,,,,,,,,,,,,,,,,,
ACSSF,2010e1,al,000,0002,0000050,,,,,,,,,,,,,,,,,,,,,,,,,,,,,,,,,,,,,,,,,,,,,,,,,,,,,,,,,,,,,,,,,,,,,,,,,,,,,,,,,,,,,,,,,,,,,,,,,,,,,,,,,,,,,,,,,,,,,,,,,,,,,,,,,,,,,,,,,,,,,,,,,,,,,,,,,,,,,,,,,,,,,,,,,,,,,,,,,,,,
ACSSF,2010e1,al,000,0002,0000051,,,,,,,,,,,,,,,,,,,,,,,,,,,,,,,,,,,,,,,,,,,,,,,,,,,,,,,,,,,,,,,,,,,,,,,,,,,,,,,,,,,,,,,,,,,,,,,,,,,,,,,,,,,,,,,,,,,,,,,,,,,,,,,,,,,,,,,,,,,,,,,,,,,,,,,,,,,,,,,,,,,,,,,,,,,,,,,,,,,,
ACSSF,2010e1,al,000,0002,0000052,,,,,,,,,,,,,,,,,,,,,,,,,,,,,,,,,,,,,,,,,,,,,,,,,,,,,,,,,,,,,,,,,,,,,,,,,,,,,,,,,,,,,,,,,,,,,,,,,,,,,,,,,,,,,,,,,,,,,,,,,,,,,,,,,,,,,,,,,,,,,,,,,,,,,,,,,,,,,,,,,,,,,,,,,,,,,,,,,,,,
ACSSF,2010e1,al,000,0002,0000053,,,,,,,,,,,,,,,,,,,,,,,,,,,,,,,,,,,,,,,,,,,,,,,,,,,,,,,,,,,,,,,,,,,,,,,,,,,,,,,,,,,,,,,,,,,,,,,,,,,,,,,,,,,,,,,,,,,,,,,,,,,,,,,,,,,,,,,,,,,,,,,,,,,,,,,,,,,,,,,,,,,,,,,,,,,,,,,,,,,,
ACSSF,2010e1,al,000,0002,0000054,,,,,,,,,,,,,,,,,,,,,,,,,,,,,,,,,,,,,,,,,,,,,,,,,,,,,,,,,,,,,,,,,,,,,,,,,,,,,,,,,,,,,,,,,,,,,,,,,,,,,,,,,,,,,,,,,,,,,,,,,,,,,,,,,,,,,,,,,,,,,,,,,,,,,,,,,,,,,,,,,,,,,,,,,,,,,,,,,,,,
ACSSF,2010e1,al,000,0002,0000055,,,,,,,,,,,,,,,,,,,,,,,,,,,,,,,,,,,,,,,,,,,,,,,,,,,,,,,,,,,,,,,,,,,,,,,,,,,,,,,,,,,,,,,,,,,,,,,,,,,,,,,,,,,,,,,,,,,,,,,,,,,,,,,,,,,,,,,,,,,,,,,,,,,,,,,,,,,,,,,,,,,,,,,,,,,,,,,,,,,,
ACSSF,2010e1,al,000,0002,0000056,,,,,,,,,,,,,,,,,,,,,,,,,,,,,,,,,,,,,,,,,,,,,,,,,,,,,,,,,,,,,,,,,,,,,,,,,,,,,,,,,,,,,,,,,,,,,,,,,,,,,,,,,,,,,,,,,,,,,,,,,,,,,,,,,,,,,,,,,,,,,,,,,,,,,,,,,,,,,,,,,,,,,,,,,,,,,,,,,,,,
ACSSF,2010e1,al,000,0002,0000057,,,,,,,,,,,,,,,,,,,,,,,,,,,,,,,,,,,,,,,,,,,,,,,,,,,,,,,,,,,,,,,,,,,,,,,,,,,,,,,,,,,,,,,,,,,,,,,,,,,,,,,,,,,,,,,,,,,,,,,,,,,,,,,,,,,,,,,,,,,,,,,,,,,,,,,,,,,,,,,,,,,,,,,,,,,,,,,,,,,,
ACSSF,2010e1,al,000,0002,0000058,,,,,,,,,,,,,,,,,,,,,,,,,,,,,,,,,,,,,,,,,,,,,,,,,,,,,,,,,,,,,,,,,,,,,,,,,,,,,,,,,,,,,,,,,,,,,,,,,,,,,,,,,,,,,,,,,,,,,,,,,,,,,,,,,,,,,,,,,,,,,,,,,,,,,,,,,,,,,,,,,,,,,,,,,,,,,,,,,,,,
ACSSF,2010e1,al,000,0002,0000059,,,,,,,,,,,,,,,,,,,,,,,,,,,,,,,,,,,,,,,,,,,,,,,,,,,,,,,,,,,,,,,,,,,,,,,,,,,,,,,,,,,,,,,,,,,,,,,,,,,,,,,,,,,,,,,,,,,,,,,,,,,,,,,,,,,,,,,,,,,,,,,,,,,,,,,,,,,,,,,,,,,,,,,,,,,,,,,,,,,,
ACSSF,2010e1,al,000,0002,0000060,,,,,,,,,,,,,,,,,,,,,,,,,,,,,,,,,,,,,,,,,,,,,,,,,,,,,,,,,,,,,,,,,,,,,,,,,,,,,,,,,,,,,,,,,,,,,,,,,,,,,,,,,,,,,,,,,,,,,,,,,,,,,,,,,,,,,,,,,,,,,,,,,,,,,,,,,,,,,,,,,,,,,,,,,,,,,,,,,,,,
ACSSF,2010e1,al,000,0002,0000061,,,,,,,,,,,,,,,,,,,,,,,,,,,,,,,,,,,,,,,,,,,,,,,,,,,,,,,,,,,,,,,,,,,,,,,,,,,,,,,,,,,,,,,,,,,,,,,,,,,,,,,,,,,,,,,,,,,,,,,,,,,,,,,,,,,,,,,,,,,,,,,,,,,,,,,,,,,,,,,,,,,,,,,,,,,,,,,,,,,,
ACSSF,2010e1,al,000,0002,0000062,,,,,,,,,,,,,,,,,,,,,,,,,,,,,,,,,,,,,,,,,,,,,,,,,,,,,,,,,,,,,,,,,,,,,,,,,,,,,,,,,,,,,,,,,,,,,,,,,,,,,,,,,,,,,,,,,,,,,,,,,,,,,,,,,,,,,,,,,,,,,,,,,,,,,,,,,,,,,,,,,,,,,,,,,,,,,,,,,,,,
ACSSF,2010e1,al,000,0002,0000063,,,,,,,,,,,,,,,,,,,,,,,,,,,,,,,,,,,,,,,,,,,,,,,,,,,,,,,,,,,,,,,,,,,,,,,,,,,,,,,,,,,,,,,,,,,,,,,,,,,,,,,,,,,,,,,,,,,,,,,,,,,,,,,,,,,,,,,,,,,,,,,,,,,,,,,,,,,,,,,,,,,,,,,,,,,,,,,,,,,,
ACSSF,2010e1,al,000,0002,0000064,,,,,,,,,,,,,,,,,,,,,,,,,,,,,,,,,,,,,,,,,,,,,,,,,,,,,,,,,,,,,,,,,,,,,,,,,,,,,,,,,,,,,,,,,,,,,,,,,,,,,,,,,,,,,,,,,,,,,,,,,,,,,,,,,,,,,,,,,,,,,,,,,,,,,,,,,,,,,,,,,,,,,,,,,,,,,,,,,,,,
ACSSF,2010e1,al,000,0002,0000065,,,,,,,,,,,,,,,,,,,,,,,,,,,,,,,,,,,,,,,,,,,,,,,,,,,,,,,,,,,,,,,,,,,,,,,,,,,,,,,,,,,,,,,,,,,,,,,,,,,,,,,,,,,,,,,,,,,,,,,,,,,,,,,,,,,,,,,,,,,,,,,,,,,,,,,,,,,,,,,,,,,,,,,,,,,,,,,,,,,,
ACSSF,2010e1,al,000,0002,0000066,,,,,,,,,,,,,,,,,,,,,,,,,,,,,,,,,,,,,,,,,,,,,,,,,,,,,,,,,,,,,,,,,,,,,,,,,,,,,,,,,,,,,,,,,,,,,,,,,,,,,,,,,,,,,,,,,,,,,,,,,,,,,,,,,,,,,,,,,,,,,,,,,,,,,,,,,,,,,,,,,,,,,,,,,,,,,,,,,,,,
ACSSF,2010e1,al,000,0002,0000067,,,,,,,,,,,,,,,,,,,,,,,,,,,,,,,,,,,,,,,,,,,,,,,,,,,,,,,,,,,,,,,,,,,,,,,,,,,,,,,,,,,,,,,,,,,,,,,,,,,,,,,,,,,,,,,,,,,,,,,,,,,,,,,,,,,,,,,,,,,,,,,,,,,,,,,,,,,,,,,,,,,,,,,,,,,,,,,,,,,,
ACSSF,2010e1,al,000,0002,0000068,,,,,,,,,,,,,,,,,,,,,,,,,,,,,,,,,,,,,,,,,,,,,,,,,,,,,,,,,,,,,,,,,,,,,,,,,,,,,,,,,,,,,,,,,,,,,,,,,,,,,,,,,,,,,,,,,,,,,,,,,,,,,,,,,,,,,,,,,,,,,,,,,,,,,,,,,,,,,,,,,,,,,,,,,,,,,,,,,,,,
ACSSF,2010e1,al,000,0002,0000069,,,,,,,,,,,,,,,,,,,,,,,,,,,,,,,,,,,,,,,,,,,,,,,,,,,,,,,,,,,,,,,,,,,,,,,,,,,,,,,,,,,,,,,,,,,,,,,,,,,,,,,,,,,,,,,,,,,,,,,,,,,,,,,,,,,,,,,,,,,,,,,,,,,,,,,,,,,,,,,,,,,,,,,,,,,,,,,,,,,,
ACSSF,2010e1,al,000,0002,0000070,,,,,,,,,,,,,,,,,,,,,,,,,,,,,,,,,,,,,,,,,,,,,,,,,,,,,,,,,,,,,,,,,,,,,,,,,,,,,,,,,,,,,,,,,,,,,,,,,,,,,,,,,,,,,,,,,,,,,,,,,,,,,,,,,,,,,,,,,,,,,,,,,,,,,,,,,,,,,,,,,,,,,,,,,,,,,,,,,,,,
ACSSF,2010e1,al,000,0002,0000071,,,,,,,,,,,,,,,,,,,,,,,,,,,,,,,,,,,,,,,,,,,,,,,,,,,,,,,,,,,,,,,,,,,,,,,,,,,,,,,,,,,,,,,,,,,,,,,,,,,,,,,,,,,,,,,,,,,,,,,,,,,,,,,,,,,,,,,,,,,,,,,,,,,,,,,,,,,,,,,,,,,,,,,,,,,,,,,,,,,,
ACSSF,2010e1,al,000,0002,0000072,,,,,,,,,,,,,,,,,,,,,,,,,,,,,,,,,,,,,,,,,,,,,,,,,,,,,,,,,,,,,,,,,,,,,,,,,,,,,,,,,,,,,,,,,,,,,,,,,,,,,,,,,,,,,,,,,,,,,,,,,,,,,,,,,,,,,,,,,,,,,,,,,,,,,,,,,,,,,,,,,,,,,,,,,,,,,,,,,,,,
ACSSF,2010e1,al,000,0002,0000073,,,,,,,,,,,,,,,,,,,,,,,,,,,,,,,,,,,,,,,,,,,,,,,,,,,,,,,,,,,,,,,,,,,,,,,,,,,,,,,,,,,,,,,,,,,,,,,,,,,,,,,,,,,,,,,,,,,,,,,,,,,,,,,,,,,,,,,,,,,,,,,,,,,,,,,,,,,,,,,,,,,,,,,,,,,,,,,,,,,,
ACSSF,2010e1,al,000,0002,0000074,,,,,,,,,,,,,,,,,,,,,,,,,,,,,,,,,,,,,,,,,,,,,,,,,,,,,,,,,,,,,,,,,,,,,,,,,,,,,,,,,,,,,,,,,,,,,,,,,,,,,,,,,,,,,,,,,,,,,,,,,,,,,,,,,,,,,,,,,,,,,,,,,,,,,,,,,,,,,,,,,,,,,,,,,,,,,,,,,,,,
ACSSF,2010e1,al,000,0002,0000075,,,,,,,,,,,,,,,,,,,,,,,,,,,,,,,,,,,,,,,,,,,,,,,,,,,,,,,,,,,,,,,,,,,,,,,,,,,,,,,,,,,,,,,,,,,,,,,,,,,,,,,,,,,,,,,,,,,,,,,,,,,,,,,,,,,,,,,,,,,,,,,,,,,,,,,,,,,,,,,,,,,,,,,,,,,,,,,,,,,,
ACSSF,2010e1,al,000,0002,0000076,,,,,,,,,,,,,,,,,,,,,,,,,,,,,,,,,,,,,,,,,,,,,,,,,,,,,,,,,,,,,,,,,,,,,,,,,,,,,,,,,,,,,,,,,,,,,,,,,,,,,,,,,,,,,,,,,,,,,,,,,,,,,,,,,,,,,,,,,,,,,,,,,,,,,,,,,,,,,,,,,,,,,,,,,,,,,,,,,,,,
ACSSF,2010e1,al,000,0002,0000077,,,,,,,,,,,,,,,,,,,,,,,,,,,,,,,,,,,,,,,,,,,,,,,,,,,,,,,,,,,,,,,,,,,,,,,,,,,,,,,,,,,,,,,,,,,,,,,,,,,,,,,,,,,,,,,,,,,,,,,,,,,,,,,,,,,,,,,,,,,,,,,,,,,,,,,,,,,,,,,,,,,,,,,,,,,,,,,,,,,,
ACSSF,2010e1,al,000,0002,0000078,,,,,,,,,,,,,,,,,,,,,,,,,,,,,,,,,,,,,,,,,,,,,,,,,,,,,,,,,,,,,,,,,,,,,,,,,,,,,,,,,,,,,,,,,,,,,,,,,,,,,,,,,,,,,,,,,,,,,,,,,,,,,,,,,,,,,,,,,,,,,,,,,,,,,,,,,,,,,,,,,,,,,,,,,,,,,,,,,,,,
ACSSF,2010e1,al,000,0002,0000079,,,,,,,,,,,,,,,,,,,,,,,,,,,,,,,,,,,,,,,,,,,,,,,,,,,,,,,,,,,,,,,,,,,,,,,,,,,,,,,,,,,,,,,,,,,,,,,,,,,,,,,,,,,,,,,,,,,,,,,,,,,,,,,,,,,,,,,,,,,,,,,,,,,,,,,,,,,,,,,,,,,,,,,,,,,,,,,,,,,,
ACSSF,2010e1,al,000,0002,0000080,,,,,,,,,,,,,,,,,,,,,,,,,,,,,,,,,,,,,,,,,,,,,,,,,,,,,,,,,,,,,,,,,,,,,,,,,,,,,,,,,,,,,,,,,,,,,,,,,,,,,,,,,,,,,,,,,,,,,,,,,,,,,,,,,,,,,,,,,,,,,,,,,,,,,,,,,,,,,,,,,,,,,,,,,,,,,,,,,,,,
ACSSF,2010e1,al,000,0002,0000081,,,,,,,,,,,,,,,,,,,,,,,,,,,,,,,,,,,,,,,,,,,,,,,,,,,,,,,,,,,,,,,,,,,,,,,,,,,,,,,,,,,,,,,,,,,,,,,,,,,,,,,,,,,,,,,,,,,,,,,,,,,,,,,,,,,,,,,,,,,,,,,,,,,,,,,,,,,,,,,,,,,,,,,,,,,,,,,,,,,,
ACSSF,2010e1,al,000,0002,0000082,,,,,,,,,,,,,,,,,,,,,,,,,,,,,,,,,,,,,,,,,,,,,,,,,,,,,,,,,,,,,,,,,,,,,,,,,,,,,,,,,,,,,,,,,,,,,,,,,,,,,,,,,,,,,,,,,,,,,,,,,,,,,,,,,,,,,,,,,,,,,,,,,,,,,,,,,,,,,,,,,,,,,,,,,,,,,,,,,,,,
ACSSF,2010e1,al,000,0002,0000083,,,,,,,,,,,,,,,,,,,,,,,,,,,,,,,,,,,,,,,,,,,,,,,,,,,,,,,,,,,,,,,,,,,,,,,,,,,,,,,,,,,,,,,,,,,,,,,,,,,,,,,,,,,,,,,,,,,,,,,,,,,,,,,,,,,,,,,,,,,,,,,,,,,,,,,,,,,,,,,,,,,,,,,,,,,,,,,,,,,,
ACSSF,2010e1,al,000,0002,0000084,,,,,,,,,,,,,,,,,,,,,,,,,,,,,,,,,,,,,,,,,,,,,,,,,,,,,,,,,,,,,,,,,,,,,,,,,,,,,,,,,,,,,,,,,,,,,,,,,,,,,,,,,,,,,,,,,,,,,,,,,,,,,,,,,,,,,,,,,,,,,,,,,,,,,,,,,,,,,,,,,,,,,,,,,,,,,,,,,,,,
ACSSF,2010e1,al,000,0002,0000085,,,,,,,,,,,,,,,,,,,,,,,,,,,,,,,,,,,,,,,,,,,,,,,,,,,,,,,,,,,,,,,,,,,,,,,,,,,,,,,,,,,,,,,,,,,,,,,,,,,,,,,,,,,,,,,,,,,,,,,,,,,,,,,,,,,,,,,,,,,,,,,,,,,,,,,,,,,,,,,,,,,,,,,,,,,,,,,,,,,,
ACSSF,2010e1,al,000,0002,0000086,,,,,,,,,,,,,,,,,,,,,,,,,,,,,,,,,,,,,,,,,,,,,,,,,,,,,,,,,,,,,,,,,,,,,,,,,,,,,,,,,,,,,,,,,,,,,,,,,,,,,,,,,,,,,,,,,,,,,,,,,,,,,,,,,,,,,,,,,,,,,,,,,,,,,,,,,,,,,,,,,,,,,,,,,,,,,,,,,,,,
ACSSF,2010e1,al,000,0002,0000087,,,,,,,,,,,,,,,,,,,,,,,,,,,,,,,,,,,,,,,,,,,,,,,,,,,,,,,,,,,,,,,,,,,,,,,,,,,,,,,,,,,,,,,,,,,,,,,,,,,,,,,,,,,,,,,,,,,,,,,,,,,,,,,,,,,,,,,,,,,,,,,,,,,,,,,,,,,,,,,,,,,,,,,,,,,,,,,,,,,,
ACSSF,2010e1,al,000,0002,0000088,,,,,,,,,,,,,,,,,,,,,,,,,,,,,,,,,,,,,,,,,,,,,,,,,,,,,,,,,,,,,,,,,,,,,,,,,,,,,,,,,,,,,,,,,,,,,,,,,,,,,,,,,,,,,,,,,,,,,,,,,,,,,,,,,,,,,,,,,,,,,,,,,,,,,,,,,,,,,,,,,,,,,,,,,,,,,,,,,,,,
ACSSF,2010e1,al,000,0002,0000089,,,,,,,,,,,,,,,,,,,,,,,,,,,,,,,,,,,,,,,,,,,,,,,,,,,,,,,,,,,,,,,,,,,,,,,,,,,,,,,,,,,,,,,,,,,,,,,,,,,,,,,,,,,,,,,,,,,,,,,,,,,,,,,,,,,,,,,,,,,,,,,,,,,,,,,,,,,,,,,,,,,,,,,,,,,,,,,,,,,,
ACSSF,2010e1,al,000,0002,0000090,,,,,,,,,,,,,,,,,,,,,,,,,,,,,,,,,,,,,,,,,,,,,,,,,,,,,,,,,,,,,,,,,,,,,,,,,,,,,,,,,,,,,,,,,,,,,,,,,,,,,,,,,,,,,,,,,,,,,,,,,,,,,,,,,,,,,,,,,,,,,,,,,,,,,,,,,,,,,,,,,,,,,,,,,,,,,,,,,,,,
ACSSF,2010e1,al,000,0002,0000091,,,,,,,,,,,,,,,,,,,,,,,,,,,,,,,,,,,,,,,,,,,,,,,,,,,,,,,,,,,,,,,,,,,,,,,,,,,,,,,,,,,,,,,,,,,,,,,,,,,,,,,,,,,,,,,,,,,,,,,,,,,,,,,,,,,,,,,,,,,,,,,,,,,,,,,,,,,,,,,,,,,,,,,,,,,,,,,,,,,,
ACSSF,2010e1,al,000,0002,0000092,,,,,,,,,,,,,,,,,,,,,,,,,,,,,,,,,,,,,,,,,,,,,,,,,,,,,,,,,,,,,,,,,,,,,,,,,,,,,,,,,,,,,,,,,,,,,,,,,,,,,,,,,,,,,,,,,,,,,,,,,,,,,,,,,,,,,,,,,,,,,,,,,,,,,,,,,,,,,,,,,,,,,,,,,,,,,,,,,,,,
ACSSF,2010e1,al,000,0002,0000093,,,,,,,,,,,,,,,,,,,,,,,,,,,,,,,,,,,,,,,,,,,,,,,,,,,,,,,,,,,,,,,,,,,,,,,,,,,,,,,,,,,,,,,,,,,,,,,,,,,,,,,,,,,,,,,,,,,,,,,,,,,,,,,,,,,,,,,,,,,,,,,,,,,,,,,,,,,,,,,,,,,,,,,,,,,,,,,,,,,,
ACSSF,2010e1,al,000,0002,0000094,,,,,,,,,,,,,,,,,,,,,,,,,,,,,,,,,,,,,,,,,,,,,,,,,,,,,,,,,,,,,,,,,,,,,,,,,,,,,,,,,,,,,,,,,,,,,,,,,,,,,,,,,,,,,,,,,,,,,,,,,,,,,,,,,,,,,,,,,,,,,,,,,,,,,,,,,,,,,,,,,,,,,,,,,,,,,,,,,,,,
ACSSF,2010e1,al,000,0002,0000095,,,,,,,,,,,,,,,,,,,,,,,,,,,,,,,,,,,,,,,,,,,,,,,,,,,,,,,,,,,,,,,,,,,,,,,,,,,,,,,,,,,,,,,,,,,,,,,,,,,,,,,,,,,,,,,,,,,,,,,,,,,,,,,,,,,,,,,,,,,,,,,,,,,,,,,,,,,,,,,,,,,,,,,,,,,,,,,,,,,,
ACSSF,2010e1,al,000,0002,0000096,,,,,,,,,,,,,,,,,,,,,,,,,,,,,,,,,,,,,,,,,,,,,,,,,,,,,,,,,,,,,,,,,,,,,,,,,,,,,,,,,,,,,,,,,,,,,,,,,,,,,,,,,,,,,,,,,,,,,,,,,,,,,,,,,,,,,,,,,,,,,,,,,,,,,,,,,,,,,,,,,,,,,,,,,,,,,,,,,,,,
ACSSF,2010e1,al,000,0002,0000097,,,,,,,,,,,,,,,,,,,,,,,,,,,,,,,,,,,,,,,,,,,,,,,,,,,,,,,,,,,,,,,,,,,,,,,,,,,,,,,,,,,,,,,,,,,,,,,,,,,,,,,,,,,,,,,,,,,,,,,,,,,,,,,,,,,,,,,,,,,,,,,,,,,,,,,,,,,,,,,,,,,,,,,,,,,,,,,,,,,,
ACSSF,2010e1,al,000,0002,0000098,,,,,,,,,,,,,,,,,,,,,,,,,,,,,,,,,,,,,,,,,,,,,,,,,,,,,,,,,,,,,,,,,,,,,,,,,,,,,,,,,,,,,,,,,,,,,,,,,,,,,,,,,,,,,,,,,,,,,,,,,,,,,,,,,,,,,,,,,,,,,,,,,,,,,,,,,,,,,,,,,,,,,,,,,,,,,,,,,,,,
