ACSSF,2010e1,al,000,0113,0000001,28849,34592,58468,62342,65026,60087,66154,64178,71007,53273,45493,40306,77625,46795,32399,66276,91734,32136,18605,18383,36414,29632,41269,10627,20073,15298,31121,35276,26731,30574,21976,26402,37063,29738,31865,31031,20570,23664,40327,42429,43402,41785,52375,51118,60415,44484,36319,36102,40296,37485,23250,39934,46965,30636,13356,18830,26316,15687,38975,11094,12307,12689,21942,14704,25062,21808,17744,25736,27664,20551,20840,19513,20104
ACSSF,2010e1,al,000,0113,0000002,27586,32378,59078,65398,65760,62136,66695,64966,71098,54747,44670,44471,70471,43167,35104,61860,84692,31365,16136,17361,34218,22313,43929,11021,16807,15597,29823,34011,25051,27424,15518,25264,32618,27753,30821,29460,19729,23625,39709,42837,42723,42961,50561,45506,75448,44147,35009,38366,40416,35412,22711,38731,47107,29757,13434,18621,23518,13615,38719,11640,12525,12418,22376,13726,25800,21772,21135,13420,28093,20372,19738,20853,25619
ACSSF,2010e1,al,000,0113,0000003,30088,35916,57696,60877,61962,54287,65704,63041,70810,51451,46291,37087,102560,49839,29733,71089,100017,40614,21850,22199,39995,41794,38420,9883,23188,14809,32605,35941,29450,31670,24151,27441,39531,31116,32836,32127,21465,23715,40906,42042,45073,40696,57489,60838,53064,45590,38643,30775,39736,40551,25691,40477,46835,31191,13214,19067,31963,23343,39423,10263,11712,13166,21506,15693,23957,21864,15718,37194,25127,20659,21616,18059,18325
ACSSF,2010e1,al,000,0113,0000004,29379,35103,59724,63785,65624,60503,66650,64707,71709,52811,45674,41180,81395,46880,32808,66063,90682,32101,18391,17871,36610,28854,42164,10648,19686,15204,31291,35643,26880,30730,17882,26745,37101,29762,32131,30991,20144,24032,40352,42673,42986,42403,52645,52534,59375,46471,35828,36124,40184,36681,23395,40237,47291,30701,13373,19367,28256,16791,39445,11189,12409,12697,22065,14657,25181,21479,16300,18750,27947,20806,21270,20069,19112
ACSSF,2010e1,al,000,0113,0000005,30291,36027,60359,63264,65538,60328,69437,66041,75228,54335,45830,43271,78550,46286,34478,65916,84694,37508,17558,18496,37838,31269,43690,10650,19147,15243,31811,37306,26814,31349,20671,28033,37444,29972,33212,30476,20003,24872,40727,44638,45653,43623,53780,53394,65259,45417,36190,37152,40281,37126,23707,40340,47151,30983,13499,18907,29369,21130,40611,11400,13250,12198,22239,14639,25349,18359,13715,13685,27703,20889,21011,21094,20213
ACSSF,2010e1,al,000,0113,0000006,27055,31496,59743,67710,66130,71490,64444,56349,75585,42494,45267,46105,71023,44153,34417,75014,100568,30638,15485,18125,34558,24154,44000,10468,16191,14158,28709,34094,23017,25689,16029,22290,30202,26782,31262,27595,19158,23617,40272,44733,44207,45154,48729,50521,50146,37100,35296,39060,35374,36496,24385,38584,47479,27347,13977,20884,20912,13526,37807,11684,13099,12816,21754,13536,24219,22056,40797,9324,28160,22037,21000,21581,26344
ACSSF,2010e1,al,000,0113,0000007,31341,38405,60683,61379,65184,53423,71541,68868,75042,70659,46303,40327,95566,47269,34542,65656,80358,47051,20105,18625,40203,35857,43087,10837,21388,15876,35011,39536,30005,33943,22123,30536,40663,31386,35247,31988,20734,25592,41006,44596,47679,42762,61053,60388,71180,55964,36583,34602,41098,37417,21628,40718,46953,31727,13064,17182,36364,31268,50524,11152,13405,11851,22495,15185,26013,14579,13329,19510,21692,20316,21019,20908,17865
ACSSF,2010e1,al,000,0113,0000008,25934,31031,54867,65311,65849,61031,53161,49637,56908,50742,45120,36012,90784,50058,31339,66365,100977,26295,20478,16162,31164,21987,37635,10640,20957,14825,29268,30361,27207,26189,11025,23427,35532,29048,30297,35315,20443,21786,36839,35871,35101,36848,46134,46842,42366,88139,34562,30997,37091,35678,21338,39667,49906,27961,12607,20586,21569,9688,33469,9919,9596,14929,21357,14721,24463,31453,22008,40438,30603,20713,21433,14327,17545
ACSSF,2010e1,al,000,0113,0000009,25382,30767,66965,76177,73937,82056,60210,65363,60614,19899,45811,38139,74089,51557,35575,100808,125319,14551,18706,14178,30867,21658,42675,13205,17899,9434,26268,29442,22085,27117,18514,21345,36827,25810,26641,30809,20970,22051,34620,30836,30716,31612,41572,45483,.,.,32989,34225,19688,32886,31781,38520,49570,30331,11446,22168,7074,5879,62219,8787,14865,12484,22680,15718,24904,30452,32555,.,30523,17311,19320,12319,16586
ACSSF,2010e1,al,000,0113,0000010,26170,31149,50081,53338,55830,50801,50714,40723,55326,51492,44609,34549,91586,49312,30146,51789,77391,26462,21231,17288,31183,22212,35460,10451,22444,19712,30289,30641,29656,25949,9496,24509,32388,30788,31710,36403,20002,21673,37828,37095,36103,40911,46745,47170,43177,88139,35473,29816,37217,36440,15461,40770,50019,27003,13486,20476,30518,17833,32626,11036,8664,15529,20545,14044,24052,35994,21993,40506,30804,21562,22453,14731,18880
ACSSF,2010e1,al,000,0113,0000011,25850,30899,51642,52290,52345,52155,60364,43811,61364,60421,40101,36043,51042,45781,27653,71015,150027,45592,21509,.,31944,42827,31615,10296,22167,16335,26525,30167,23945,27572,27054,24685,36822,29572,30009,31591,27754,21137,40097,40338,46495,27948,39330,33542,61123,21604,41652,35858,46623,43827,16675,33440,40903,30070,13245,16581,20205,14461,22696,10082,9698,12598,20740,15170,22554,23597,21231,36250,21818,17370,17060,9582,22066
ACSSF,2010e1,al,000,0113,0000012,25902,30994,52549,61292,61982,58812,55801,48340,59986,51501,42494,36034,74216,49272,30792,67017,101538,26533,20666,17257,31391,22326,35248,10552,21352,15551,28757,30325,26441,26785,23336,23981,36133,29248,30190,33153,21438,21570,37400,36486,37459,35599,45326,45387,50563,36403,36618,31718,40519,39291,20564,38258,46399,28314,12934,18555,20810,14096,32558,9968,9617,14265,21147,14872,24095,28768,21618,40369,26806,20288,20757,12374,19964
ACSSF,2010e1,al,000,0113,0000013,26977,36834,62262,65950,66636,60771,58285,59167,55861,28482,41856,41848,102197,49945,38128,177586,178630,19657,24335,2499,39586,20147,44049,12134,23895,31107,37693,37492,37993,25588,27045,22138,42234,32057,31714,40669,21733,22290,36634,35975,38377,30219,41023,9279,42045,.,30315,24701,18906,32204,36000,47331,53417,16484,11177,21663,32712,.,.,9011,9203,15524,21124,13632,25053,37470,40887,35783,33977,32857,37644,19722,.
ACSSF,2010e1,al,000,0113,0000014,28158,39064,58805,71355,71937,53417,75398,65500,86451,.,46760,24589,250001,45669,49375,46703,46703,.,17242,.,55155,56627,48548,3316,17650,.,37410,35191,50977,41185,.,30287,45594,29163,31862,15908,20855,21079,40394,59507,60507,36458,43571,14897,.,.,21293,34759,.,21912,4853,44869,45580,33276,11119,25754,4870,4870,.,10326,10852,9297,19528,15692,21113,45080,.,.,46676,18645,16952,40147,25402
ACSSF,2010e1,al,000,0113,0000015,25618,30016,50491,76894,91907,75429,40288,40093,40516,.,37958,38203,.,40375,6869,45732,46831,20523,4951,.,23589,50426,23446,2499,22813,4025,29733,31599,14489,22917,15756,22354,26231,29817,32635,32107,21287,22320,40283,40532,37067,40754,41679,.,.,.,36948,29236,.,37371,6559,39710,47639,36033,13392,23641,2499,.,2499,12658,18921,9219,21839,11714,24463,21014,18423,40621,.,19366,23519,18850,18735
ACSSF,2010e1,al,000,0113,0000016,23649,30518,52432,80375,91479,39817,37834,39578,36754,.,50154,.,.,51334,.,77045,.,.,13152,.,6906,6906,.,12009,26709,.,29711,31994,28705,24948,4738,23312,30493,29092,34719,19394,18384,20547,31171,32015,29524,42060,.,.,.,.,30144,28433,.,30508,21964,35167,36762,16556,11705,20406,22304,.,22304,3742,12049,11938,21184,10908,25217,20840,20840,.,.,20643,21260,15357,13654
ACSSF,2010e1,al,000,0113,0000017,31041,42458,62851,69951,86332,50711,64783,63763,72135,.,43956,39192,.,56214,12328,56661,120677,.,26620,21373,50069,47576,56261,13472,26069,4820,26318,26840,25632,42645,66488,34932,47738,31608,32857,31946,11618,25142,38581,40512,40811,37010,41615,41615,.,.,36170,.,29630,36350,15673,38427,40794,32106,13976,20625,120588,.,120588,10730,9039,25661,20599,16963,20939,.,.,.,.,25239,25750,13938,11792
ACSSF,2010e1,al,000,0113,0000018,27022,30665,40000,40246,31598,46768,39063,36368,52019,27649,28986,29659,.,47959,.,68685,69747,32137,14934,.,40492,23354,41755,7598,14766,16437,37618,35211,38930,31051,21491,30419,41977,28426,28119,29789,21295,21294,37257,50087,55833,48104,35423,.,.,.,34601,46141,9566,40070,.,36308,52754,33376,15470,22334,.,.,.,12051,12181,9164,20489,12259,21857,15142,16337,6204,.,21296,21184,20320,33841
ACSSF,2010e1,al,000,0113,0000019,27292,33176,50802,50098,49696,53478,50994,29042,56111,61414,49580,50677,100590,47972,25156,91204,121875,51369,19632,20764,31065,22266,31679,10021,19910,11250,32075,39992,19299,32486,45130,28140,45924,31191,31752,32357,24472,22450,35331,36927,42799,31271,47417,42467,.,73750,29485,31789,27923,31231,11131,37128,45848,30323,12127,17146,38817,43587,38548,9745,11426,12778,21140,12188,25131,41701,40799,.,50508,20182,20040,18177,28098
ACSSF,2010e1,al,000,0113,0000020,30881,35532,55467,60265,57343,61979,60250,53021,63401,65399,46426,32367,101024,49124,35402,61763,80787,46964,17871,18125,38099,24072,45187,12594,16444,16826,30677,37010,26093,27212,17989,24258,35679,27880,32273,27815,18444,26612,41378,48077,50653,44943,52058,46380,65313,78549,34136,38553,46660,33290,12804,41111,47124,30541,15043,21086,29752,23838,62268,12788,14220,13026,25374,16361,29305,21245,.,9457,27517,19655,17413,21565,26240
ACSSF,2010e1,al,000,0113,0000021,26640,32075,46542,42677,32381,54212,60012,17375,61953,36262,45751,29933,41742,65828,23537,66987,80948,32015,9171,.,25417,21372,44615,6424,32376,13143,28743,32946,8536,31896,.,37764,31780,32301,41465,21004,18492,21735,40781,47596,48333,38291,16122,15609,.,.,35266,32978,24617,37290,70641,47989,48053,47974,12800,16659,2499,2499,.,13185,9751,13667,19531,11745,20171,.,.,.,.,19973,21376,17137,10291
ACSSF,2010e1,al,000,0113,0000022,24744,29494,47189,55467,55601,48229,54545,54079,64316,6205,39598,33815,40771,46454,28397,50083,80150,11845,16042,.,36627,24133,58052,8466,17412,12852,22304,37601,16270,22149,17066,20316,41087,26588,28825,25920,10000,21222,37373,40260,47299,31552,9979,65164,.,8750,36719,22841,73988,38424,13246,44362,50730,24493,10749,15497,9835,8871,45211,11171,10469,8374,18365,11953,23353,2499,2499,.,.,16396,15603,25728,.
ACSSF,2010e1,al,000,0113,0000023,32479,37208,65176,50918,50603,51727,73902,92157,75616,36046,46889,.,12188,55278,28136,41596,41596,.,19198,.,27155,25754,.,16250,21657,.,34554,51856,27454,30260,.,26699,31118,35362,35652,31439,41550,24006,48254,54886,65660,48643,59109,42476,59125,.,45813,37669,.,47844,.,40331,44347,25769,11811,12193,.,.,.,6824,11045,15897,21602,15532,31935,75702,.,.,.,12037,12091,10697,17994
ACSSF,2010e1,al,000,0113,0000024,33097,42688,76113,82390,89294,70912,81559,78278,87500,82846,50624,43107,65284,48707,61203,65651,83655,32027,14775,20774,31969,31287,35246,9023,15098,9163,31436,32515,24400,28376,25033,25917,35497,25235,32241,25326,19287,27218,42202,47071,41526,52946,72550,70684,88274,57321,35992,41284,30220,36991,26611,39399,41394,37612,11033,21552,14670,14235,24541,10036,10972,6833,22168,14257,26013,23996,.,9422,28693,21703,24771,18125,21250
ACSSF,2010e1,al,000,0113,0000025,23960,29229,60504,68191,67062,70313,60331,37002,62314,.,45246,30469,138474,42277,2499,44310,52209,.,21933,33796,24759,22471,24837,6461,20933,26975,22131,21713,30352,17424,30845,15386,36886,26418,27115,50305,19531,21439,38289,32182,30777,46271,47418,46250,.,.,21499,45361,.,20876,20059,41650,42491,22310,9367,27862,.,.,.,9278,4476,8118,21655,11471,23498,40638,.,.,.,20554,21265,8730,16458
ACSSF,2010e1,al,000,0113,0000026,28463,35201,61352,76979,76491,79303,62763,40704,80522,89293,44070,45315,81386,41058,42771,116602,150686,48357,17068,18024,35168,31928,38066,11935,18635,5602,29215,35586,26165,35280,10717,31709,37040,31159,34284,36086,21678,23159,38573,41469,43557,37847,41699,40635,71139,54737,35681,41575,40662,30785,34022,40853,47430,30367,13944,19140,21529,21283,.,10244,15234,15165,21289,12327,24508,14952,.,35229,7025,32578,25830,50345,16094
ACSSF,2010e1,al,000,0113,0000027,27684,30759,64660,68056,67289,70197,68064,53290,72300,66831,44519,50268,77850,38615,45081,100294,125112,31129,14049,25696,32421,17477,48952,9796,12534,25566,29042,35525,27671,20707,.,20924,20611,26403,37589,27895,17427,25671,42434,50588,50245,50753,44311,42477,48582,44147,41148,38497,42013,42187,9955,52882,61328,22174,14150,18630,10774,11528,9658,11990,9682,24449,23024,13822,24333,22435,.,.,22006,23363,25417,24512,10299
ACSSF,2010e1,al,000,0113,0000028,28892,36284,58415,75215,56732,91305,72857,108271,82582,55667,45852,36982,59880,47485,26771,24269,.,22877,17148,.,35389,35427,27083,6131,16328,29750,31860,26420,34271,32363,15740,22433,43378,34102,36026,37173,23604,22962,40941,37421,36799,40083,61536,62321,52123,.,48427,40808,.,48831,50050,35945,40926,33467,13259,15703,24357,24357,.,10885,13727,18333,23762,12437,25403,.,.,.,.,21141,20753,19554,28869
ACSSF,2010e1,al,000,0113,0000029,35391,40893,49040,46990,47460,44029,57439,55598,75590,84812,37376,42257,.,35887,21908,82695,118193,24101,46837,.,65709,66531,45954,10414,17222,13003,41632,42027,31331,31764,2499,27463,33259,33311,30191,50766,31798,28946,45705,49211,37350,60915,36939,36939,.,.,39214,28382,36589,41136,.,51767,60739,34024,10744,20789,.,.,.,11501,8276,8772,28960,19949,29825,.,.,.,.,16821,17120,14949,16399
ACSSF,2010e1,al,000,0113,0000030,37849,48402,69788,69275,72132,51505,77394,76896,83225,.,51529,60117,161741,48207,26199,74250,147608,70878,19693,57952,51339,36903,51776,13962,24010,16140,45301,51163,35355,31427,10925,30016,41285,24492,29545,14804,11583,30691,44916,51879,60960,40234,68855,68345,76503,.,40034,37866,50634,35082,33266,40758,44918,26148,15305,20112,82456,.,82456,9929,18993,11385,26872,21540,28745,9474,9901,18497,6864,20378,15539,25329,.
ACSSF,2010e1,al,000,0113,0000031,26172,29870,46735,41990,40587,.,58317,.,59567,.,85748,.,47169,86961,110852,6911,6911,.,20641,.,37089,22484,45478,9473,37944,4083,29431,37202,26724,30738,6778,35802,27917,28207,31269,24786,27593,21305,33284,31592,38949,30233,.,.,.,.,34156,40743,.,34123,.,36810,46921,27028,16067,32822,17164,.,.,13822,11574,16447,19434,16563,23673,.,.,.,.,24318,28558,.,22746
ACSSF,2010e1,al,000,0113,0000032,27595,31891,55414,66237,70580,50069,49710,37263,74333,.,37138,40185,100625,36801,25258,201717,201117,.,14776,.,40511,2499,50604,8111,21529,23606,26359,23185,26836,31184,26749,30104,34035,30926,37442,30527,21427,23195,36162,34458,31300,39712,40306,33516,11795,41952,37164,17437,41366,41383,26299,37654,61599,31206,13769,14280,41017,55710,40336,13275,14574,12394,20416,14728,21839,.,.,.,.,22295,24180,20895,40235
ACSSF,2010e1,al,000,0113,0000033,25165,39993,55174,50822,55340,36702,67813,.,57074,.,42670,16976,150536,17431,.,250001,250001,.,20901,17649,40515,41285,20538,13542,14691,.,24386,14505,38161,40535,16508,41376,40242,34967,37025,50872,22469,18728,35890,26979,25521,60538,52326,.,.,.,33531,51481,.,41500,.,36151,45413,30737,8983,7811,.,.,.,9391,21071,8750,17694,8890,24973,.,.,.,.,17932,19974,16602,6065
ACSSF,2010e1,al,000,0113,0000034,24538,26456,46565,51701,54362,40739,52104,40200,65020,50848,39262,18877,50096,45814,36273,47389,101004,3413,16041,14924,35534,25040,53136,12207,17716,2499,26859,29926,26013,19232,2499,21448,17610,26183,27796,28724,18108,23133,37770,44054,50048,39382,57542,53125,57585,78996,26231,39282,27151,22743,23589,36159,48887,23367,16322,22090,24006,22788,65504,13104,14641,16137,23698,15243,26759,20397,.,9163,23936,25082,30662,22022,7146
ACSSF,2010e1,al,000,0113,0000035,27630,34807,52022,52174,51576,55433,42788,29354,50540,67083,48791,45893,100991,47959,28750,91944,150875,52083,17295,17102,24953,22833,29417,10646,18333,9773,35271,46302,27083,35841,17829,31966,37355,30490,31169,30994,26260,23421,36292,36124,40774,31271,41316,40822,.,.,30987,31812,27923,39292,21154,39189,47950,24821,14856,18576,35774,.,35060,9556,13162,12413,20381,11918,24193,41639,40799,.,49635,26570,20982,28750,28098
ACSSF,2010e1,al,000,0113,0000036,41448,56339,77542,85284,85770,81501,78603,83064,78638,71406,57403,55501,160680,57451,31227,68750,100104,20037,11577,.,55191,4819,120286,10998,2499,14610,42514,70720,23799,21377,.,19865,34663,44770,71532,20135,6870,32314,45988,59176,60826,51616,48731,53051,49503,.,33152,24458,50067,33306,33135,32200,33105,29486,16703,30069,.,.,.,11337,9387,15556,24695,36314,23095,.,.,.,.,20951,.,.,.
ACSSF,2010e1,al,000,0113,0000037,29955,37783,70347,77147,77636,72040,74574,73075,82654,41750,48684,53478,37476,39710,60683,62211,65297,55360,17911,20813,37326,35203,41496,9431,12079,20481,29494,33211,19873,20280,.,18379,30934,20666,23103,19967,13212,25324,40014,41107,41581,40514,71773,71149,82283,82650,37635,41113,4967,38736,23064,36755,37409,35545,11169,23804,13943,13943,.,10011,10487,7940,22687,16783,25052,28080,.,.,29158,25490,23605,25130,.
ACSSF,2010e1,al,000,0113,0000038,27686,35008,60845,62169,62266,52422,69007,42469,81795,31706,42769,46130,81386,39447,40768,120278,151967,48357,16346,17832,31259,12981,35592,13966,18436,4316,31147,45208,24168,36419,4831,32433,36708,31591,40673,36206,22910,21951,37488,45043,45796,37800,33201,31504,.,.,34560,43628,44467,26517,34881,42036,52023,24464,13646,20017,22073,21697,.,10096,15537,11363,19912,11625,23694,20398,.,.,7025,20313,21688,11425,27072
ACSSF,2010e1,al,000,0113,0000039,27199,30040,62830,70928,69753,71628,58827,51912,70375,53520,42052,50268,77850,38615,14925,76483,125290,31129,14397,25696,35269,21667,48470,9918,12655,25566,28539,35227,27325,20587,.,20932,20188,25590,36330,27576,17442,25463,42246,50486,44794,50753,44252,42775,48582,42976,40685,38433,31556,42044,9318,46473,60580,21658,14446,18766,10774,11528,9658,11897,9930,25185,23294,13934,24539,22435,.,.,22006,22809,25307,24512,10299
ACSSF,2010e1,al,000,0113,0000040,21994,25711,51660,57476,70987,51322,21428,21434,17487,.,41450,48918,101250,26848,26350,250001,250001,.,14471,.,51426,.,51426,7394,36587,7351,9206,9421,7493,26920,.,25917,31576,22084,17477,30789,21494,20802,30446,31009,30275,65135,3545,3545,.,.,28535,42615,41408,14531,27108,32372,70087,21609,14809,16097,40336,.,40336,14340,16199,12785,20747,13416,23335,.,.,.,.,25830,19747,2499,40324
ACSSF,2010e1,al,000,0113,0000041,24538,26456,46565,51701,54362,40739,52104,40200,65020,50848,39262,18877,50096,45814,36273,47389,101004,3413,16041,14924,35534,25040,53136,12207,17716,2499,26859,29926,26013,19232,2499,21448,17610,26183,27796,28724,18108,23133,37770,44054,50048,39382,57542,53125,57585,78996,26231,39282,27151,22743,23589,36159,48887,23367,16322,22090,24006,22788,65504,13104,14641,16137,23698,15243,26759,20397,.,9163,23936,25082,30662,22022,7146
ACSSF,2010e1,al,000,0113,0000042,41448,56339,77542,85284,85770,81501,78603,83064,78638,71406,57403,55501,160680,57451,31227,68750,100104,20037,11577,.,55191,4819,120286,10998,2499,14610,42514,70720,23799,21377,.,19865,34663,44770,71532,20135,6870,32314,45988,59176,60826,51616,48731,53051,49503,.,33152,24458,50067,33306,33135,32200,33105,29486,16703,30069,.,.,.,11337,9387,15556,24695,36314,23095,.,.,.,.,20951,.,.,.
ACSSF,2010e1,al,000,0113,0000043,27266,34002,52022,52174,51576,55433,42788,29354,50540,67083,48791,45893,100991,47959,28750,91944,150875,52083,17295,17102,24953,22833,29417,10646,18333,9773,34574,45619,27083,35841,17829,31966,37355,30344,30671,30994,26260,22740,36071,36124,40774,31271,41316,40822,.,.,30551,31812,27923,36458,21154,39189,47950,24821,14856,18576,35774,.,35060,9556,13162,12413,19917,11918,23338,41639,40799,.,49635,19526,18796,28750,28098
ACSSF,2010e1,al,000,0113,0000044,29955,37783,70347,77147,77636,72040,74574,73075,82654,41750,48684,53478,37476,39710,60683,62211,65297,55360,17911,20813,37326,35203,41496,9431,12079,20481,29494,33211,19873,20280,.,18379,30934,20666,23103,19967,13212,25324,40014,41107,41581,40514,71773,71149,82283,82650,37635,41113,4967,38736,23064,36755,37409,35545,11169,23804,13943,13943,.,10011,10487,7940,22687,16783,25052,28080,.,.,29158,25490,23605,25130,.
ACSSF,2010e1,al,000,0113,0000045,27686,35008,60845,62169,62266,52422,69007,42469,81795,31706,42769,46130,81386,39447,40768,120278,151967,48357,16346,17832,31259,12981,35592,13966,18436,4316,31147,45208,24168,36419,4831,32433,36708,31591,40673,36206,22910,21951,37488,45043,45796,37800,33201,31504,.,.,34560,43628,44467,26517,34881,42036,52023,24464,13646,20017,22073,21697,.,10096,15537,11363,19912,11625,23694,20398,.,.,7025,20313,21688,11425,27072
ACSSF,2010e1,al,000,0113,0000046,27199,30040,62830,70928,69753,71628,58827,51912,70375,53520,42052,50268,77850,38615,14925,76483,125290,31129,14397,25696,35269,21667,48470,9918,12655,25566,28539,35227,27325,20587,.,20932,20188,25590,36330,27576,17442,25463,42246,50486,44794,50753,44252,42775,48582,42976,40685,38433,31556,42044,9318,46473,60580,21658,14446,18766,10774,11528,9658,11897,9930,25185,23294,13934,24539,22435,.,.,22006,22809,25307,24512,10299
ACSSF,2010e1,al,000,0113,0000047,21994,25711,51660,57476,70987,51322,21428,21434,17487,.,41450,48918,101250,26848,26350,250001,250001,.,14471,.,51426,.,51426,7394,36587,7351,9206,9421,7493,26920,.,25917,31576,22084,17477,30789,21494,20802,30446,31009,30275,65135,3545,3545,.,.,28535,42615,41408,14531,27108,32372,70087,21609,14809,16097,40336,.,40336,14340,16199,12785,20747,13416,23335,.,.,.,.,25830,19747,2499,40324
ACSSF,2010e1,al,000,0113,0000048,27914,35426,61994,67061,67392,63886,60970,41481,66579,83770,44774,46476,81060,42429,40426,120671,150836,47105,19547,18790,36790,30123,39815,11834,18115,19423,29299,34077,25694,31788,12196,28361,38825,31623,36764,35862,22398,22804,37515,38327,39968,36496,40954,33567,63458,54079,34934,38994,39050,32167,34284,40456,50645,24981,13371,19790,22745,21589,33453,9925,11791,15463,21410,13437,24826,35208,40689,35469,21449,26709,26717,26548,26974
ACSSF,2010e1,al,000,0113,0000049,26991,32154,55359,60999,61696,56796,61503,64574,60535,61086,45132,46451,56322,46487,31330,57326,92229,53855,20454,21820,32390,30686,36758,10949,20955,7479,28147,32505,23146,31818,24329,29277,39565,29167,29410,35809,22861,23076,39568,41321,41862,40678,41355,41398,40417,41250,37010,35319,29398,40788,10021,37392,46539,27888,13317,20537,24672,13696,38817,11144,9875,15216,21892,14637,24336,21431,20969,13889,27953,20202,20398,20411,18861
ACSSF,2010e1,al,000,0113,0000050,26778,31124,52600,62929,65149,56262,61243,51972,77684,29583,45027,34075,61750,46338,28967,42226,51947,26644,17248,16897,36130,24168,41008,9378,19785,25779,31745,36616,28071,27278,13931,22255,39388,27163,30283,26966,15842,22426,40586,41825,45718,36880,48127,61703,47772,33368,37770,31561,47213,40364,15321,41235,50273,31558,13709,17498,16940,10397,26049,11569,12188,13473,20349,14124,23489,36250,6621,42941,31170,20346,18431,15443,26030
ACSSF,2010e1,al,000,0113,0000051,26190,31364,50827,56420,56803,52210,52112,40104,60803,22957,40309,35174,101172,46845,11272,71974,92229,31076,19795,33101,30644,30266,31151,7188,21445,17320,30826,31198,30440,27220,25049,22465,35718,29759,30827,32107,21604,21567,38903,37087,35983,41112,51637,53319,52396,35757,36316,41610,36397,37423,10517,39230,45918,30743,12484,16809,21768,.,21946,10770,12376,10966,21115,11864,23953,19135,17149,25484,40526,20164,20742,18867,17119
ACSSF,2010e1,al,000,0113,0000052,30718,37667,66520,70831,71171,70550,76573,74172,81767,54331,48767,43201,59789,50225,52126,65118,83671,31934,15891,9927,32258,27221,42960,8657,20425,9233,31205,32293,25628,30312,25517,27270,35091,30262,33976,26385,20732,24134,41292,46476,41727,50979,71086,64499,74880,70764,37648,38494,27572,38556,31109,39268,42033,34242,11772,16835,14352,13829,24949,10613,11897,10042,21066,13617,24659,14375,13500,16250,29158,20292,20782,17173,20317
ACSSF,2010e1,al,000,0113,0000053,36340,42011,62430,66201,68435,60374,67269,68059,67224,58857,52264,47156,101977,49965,36127,67944,83279,51023,21776,41536,42189,35948,45139,13359,22283,17090,40892,45920,28782,33068,25326,28383,39723,31743,36239,31321,18943,30615,42860,51148,52322,45470,61148,61054,70233,60579,36164,36993,45625,35961,13214,41750,47137,32877,14496,20874,53855,35183,70465,11520,15976,11627,26383,20339,28575,18733,9901,19730,7103,17664,19105,14989,16327
ACSSF,2010e1,al,000,0113,0000054,24892,27552,48299,51720,51818,51349,51793,39465,59080,60145,36324,32035,61165,41040,25668,70881,101325,4986,16247,17605,35888,21881,47625,10540,15798,16401,25798,25381,26154,26547,9616,26199,30665,28179,31512,29773,20412,21973,36370,37469,33567,38465,42826,41977,59280,78884,35169,31872,36965,35805,26394,35951,49118,30912,14452,18334,24113,17297,40603,12274,13759,13302,21836,12890,25531,21423,13651,9810,27517,21662,20370,20759,26508
ACSSF,2010e1,al,000,0113,0000055,26660,32242,45681,41138,36858,51475,46911,39139,62062,35718,46352,43828,41742,65777,21824,67252,95505,30896,12109,.,22317,20274,47784,7307,24577,13143,29745,35319,15658,35248,26992,32321,36661,31280,31697,21709,32121,21105,38963,41462,41741,38813,18047,16522,.,.,30976,33525,23972,30656,70641,41962,46353,30208,12587,15643,2499,2499,.,12626,9655,13516,19381,11993,20120,.,.,.,.,20048,21715,16512,11337
ACSSF,2010e1,al,000,0113,0000056,28955,35792,66599,76529,77609,71289,75197,71436,84430,56604,48480,53478,37476,39710,60432,61838,62174,55360,18040,20813,36308,35203,40779,9431,12190,20481,27226,32378,19519,20280,.,18379,30934,20666,23103,19967,13212,25214,39409,40825,41371,40140,71749,71290,81663,82650,32471,41113,4967,38464,22159,36755,37409,35545,11205,22473,13943,13943,.,10272,10487,7940,23388,16755,25013,27614,.,.,28693,25490,23605,25130,.
ACSSF,2010e1,al,000,0113,0000057,36972,47443,77444,80136,86946,65663,84471,84121,85853,54157,50918,24104,66314,52364,52070,84110,103470,30104,17419,16056,26414,19063,35799,9980,23500,7610,38634,40608,35541,31345,33295,30147,35320,32697,36371,28929,22090,30260,47132,53800,50972,56681,71559,63510,73960,57214,40000,39020,100229,39921,40956,40994,42167,37767,11171,14559,44222,70286,24541,7593,11508,9016,21410,12449,29512,24313,.,.,.,16820,16394,11901,20329
ACSSF,2010e1,al,000,0113,0000058,23157,28976,50198,52408,90048,38915,40383,40958,38079,.,47397,31816,.,50939,16958,125346,101250,210232,14060,.,7281,6775,70291,11417,26103,30954,29164,29012,29304,26678,3873,27112,28064,25781,31684,21085,17759,20435,35272,35229,26402,43058,56053,47200,100833,.,30786,17875,.,31660,21964,39580,39648,34750,11447,20142,20536,2499,22304,7596,6314,11781,19686,13219,23073,20628,20628,.,.,20811,21230,16205,13654
ACSSF,2010e1,al,000,0113,0000059,24477,30283,54698,71928,71798,72102,60615,37019,80680,.,42545,29799,137858,45052,6272,45177,51182,25595,21098,33796,24807,30575,24301,2499,20963,12061,28033,29432,16410,21627,27212,16725,36266,27277,29520,32191,20830,21244,40331,36212,32176,41405,52377,46250,60133,.,36074,45096,.,36446,6580,41730,47083,35587,10987,22636,2499,.,2499,10971,10500,7461,20993,11412,22981,26786,18423,27440,.,20102,21202,17171,17103
ACSSF,2010e1,al,000,0113,0000060,28716,36573,55134,63511,54278,91199,62590,63273,70583,55667,46470,36732,60129,50296,26771,36667,55763,35667,18157,9243,36380,36418,27083,6131,23431,29750,27409,26160,32772,35984,16420,23676,42950,34699,36025,37612,24480,22076,40272,39531,31740,42099,60500,60750,52380,.,41714,40808,25109,41656,49931,36291,45381,33481,13124,16046,24945,24357,40000,10877,13766,16429,22435,12424,25255,13483,.,.,.,22284,21592,23125,29246
ACSSF,2010e1,al,000,0113,0000061,25818,30263,50799,50827,50822,50855,60197,.,37500,.,36509,35598,.,37275,.,150013,151223,70799,21393,.,32334,50452,31887,.,20637,2499,26055,26175,23313,26032,26812,25619,26257,28953,26930,34105,28173,20874,37550,41947,46495,27969,21221,40682,.,.,42467,27143,71962,44308,10862,31895,40303,30488,12681,15935,.,.,.,9469,15921,13158,20249,10140,26422,25938,.,.,.,20177,17050,24365,20765
ACSSF,2010e1,al,000,0113,0000062,31377,39117,49316,47334,49368,43153,56794,55121,75330,84259,40454,42257,101845,37087,22165,110741,112431,24101,24425,17946,52297,65502,41028,10963,21820,13698,40220,41822,30128,32321,15992,30550,35078,32909,37932,40207,25815,24905,40532,36899,35860,45011,50054,37101,52194,51047,40173,30250,36812,45477,31393,41010,48158,31627,10930,17750,.,.,.,11172,9094,9044,24152,18308,27843,16203,7477,30985,.,17179,17713,17549,16373
ACSSF,2010e1,al,000,0113,0000063,24902,27414,51810,56579,59801,42366,65138,56206,66171,27407,40972,52656,101611,30109,36637,46680,84022,4733,14602,14924,32980,23404,.,11607,17614,10136,29400,42009,27065,24866,2499,25197,51512,25476,25897,27215,16940,22854,37903,50155,51484,39382,67095,50000,.,82125,26292,31560,26640,22747,24454,38013,40524,14839,16220,23750,24113,24113,.,14546,14930,13781,20570,17062,23811,29874,.,.,29392,21758,31353,.,.
ACSSF,2010e1,al,000,0113,0000064,20600,19621,35960,38434,48458,36917,36117,35118,.,72811,31230,17949,.,.,30778,33384,100308,2499,17418,.,44028,40905,52681,18460,10981,16056,20558,9226,26691,10651,.,9503,12235,24204,22252,27571,22345,21049,30931,31890,32035,26968,52967,52967,.,.,23891,38622,.,18856,23322,30194,60464,23664,14394,21298,9736,9208,22381,12041,12934,20232,23422,8620,26022,15035,.,8861,20586,14682,8692,.,31315
ACSSF,2010e1,al,000,0113,0000065,35773,41398,63224,69183,65385,72386,60804,44263,63413,65559,55933,31317,101372,53746,35357,65359,91738,48929,13238,16174,4312,2499,63152,12231,35553,14773,31644,44750,22816,21245,.,20091,35913,22675,42254,20664,13395,30831,41793,50614,51689,46931,41438,40868,53231,41949,35693,42391,55615,32565,13149,39109,41065,30930,12642,21617,2499,2499,.,10753,11452,14870,23983,16319,26221,.,.,.,.,12115,11479,60630,19674
ACSSF,2010e1,al,000,0113,0000066,33499,40297,52230,53276,54690,52367,56727,43602,70130,47068,47852,46148,.,51092,42210,60205,63934,55493,21057,160131,39152,19218,39871,17045,18323,19949,33260,40816,30886,41305,.,36090,45596,31440,35797,30813,15295,29972,44607,50007,43623,50840,68068,55524,75606,.,34357,35550,40211,36000,9535,45992,57075,30250,16691,17409,61044,31981,65379,12116,13191,13692,26586,16319,30961,24362,.,12184,24894,24427,27208,14925,12440
ACSSF,2010e1,al,000,0113,0000067,33568,37470,60333,61430,61519,60826,65821,66534,58330,72524,31124,31357,.,19467,17050,71784,71784,.,36635,61287,47771,37234,48875,2499,35950,20631,30145,34806,14894,35518,.,36859,31535,31034,36825,30894,20745,30922,42000,46667,57856,40779,52564,44206,47000,54779,36496,46155,.,36803,6498,41174,50944,36212,14203,14925,29709,.,70529,14388,15949,6334,30350,23305,32293,43482,.,26630,.,17062,14821,14551,27416
ACSSF,2010e1,al,000,0113,0000068,27022,30665,40000,40246,31598,46768,39063,36368,52019,27649,28986,29659,.,47959,.,68685,69747,32137,14934,.,40492,23354,41755,7598,14766,16437,37618,35211,38930,31051,21491,30419,41977,28426,28119,29789,21295,21294,37257,50087,55833,48104,35423,.,.,.,34601,46141,9566,40070,.,36308,52754,33376,15470,22334,.,.,.,12051,12181,9164,20489,12259,21857,15142,16337,6204,.,21296,21184,20320,33841
ACSSF,2010e1,al,000,0113,0000069,26790,30491,46931,41556,41122,50221,54333,49500,58493,27525,55012,28625,47169,56168,92140,7333,7094,.,31335,.,36582,36519,40083,9983,39140,31149,29689,42199,23558,32253,15506,33239,35791,27262,29246,25802,21203,22485,39330,33216,45017,28581,43264,40357,43090,.,40665,40656,18326,43324,17087,40376,41767,37961,15578,20767,17164,.,.,12599,11343,15822,20934,18636,23078,24821,.,.,.,21018,17452,10208,30853
ACSSF,2010e1,al,000,0113,0000070,28158,39064,58805,71355,71937,53417,75398,65500,86451,.,46760,24589,250001,45669,49375,46703,46703,.,17242,.,55155,56627,48548,3316,17650,.,37410,35191,50977,41185,.,30287,45594,29163,31862,15908,20855,21079,40394,59507,60507,36458,43571,14897,.,.,21293,34759,.,21912,4853,44869,45580,33276,11119,25754,4870,4870,.,10326,10852,9297,19528,15692,21113,45080,.,.,46676,18645,16952,40147,25402
ACSSF,2010e1,al,000,0113,0000071,37849,48402,69788,69275,72132,51505,77394,76896,83225,.,51529,60117,161741,48207,26199,74250,147608,70878,19693,57952,51339,36903,51776,13962,24010,16140,45301,51163,35355,31427,10925,30016,41285,24492,29545,14804,11583,30691,44916,51879,60960,40234,68855,68345,76503,.,40034,37866,50634,35082,33266,40758,44918,26148,15305,20112,82456,.,82456,9929,18993,11385,26872,21540,28745,9474,9901,18497,6864,20378,15539,25329,.
ACSSF,2010e1,al,000,0113,0000072,27595,31891,55414,66237,70580,50069,49710,37263,74333,.,37138,40185,100625,36801,25258,201717,201117,.,14776,.,40511,2499,50604,8111,21529,23606,26359,23185,26836,31184,26749,30104,34035,30926,37442,30527,21427,23195,36162,34458,31300,39712,40306,33516,11795,41952,37164,17437,41366,41383,26299,37654,61599,31206,13769,14280,41017,55710,40336,13275,14574,12394,20416,14728,21839,.,.,.,.,22295,24180,20895,40235
ACSSF,2010e1,al,000,0113,0000073,26292,32711,50944,65256,57275,100715,50533,56954,.,46875,45753,40722,62131,47068,.,250001,250001,.,21125,17972,34677,21020,46276,2499,16365,2499,36234,42419,26879,31189,8195,36129,35024,31983,32003,33221,28602,20091,38807,46950,49095,22380,.,.,.,.,35515,16363,36816,38722,25393,39252,45195,32691,12990,16730,30435,14435,39855,4735,10609,20753,18301,15110,21844,14306,.,.,.,17431,17412,12429,25004
ACSSF,2010e1,al,000,0113,0000074,29127,30947,60470,82712,72222,90409,49170,49230,36250,80387,34815,34549,.,57266,11990,21047,21795,.,22143,.,30684,11733,31034,12821,20043,23170,31271,35421,26218,25566,3943,21291,50740,29073,29961,36536,17598,25932,35493,35664,26767,37326,62592,62849,24418,.,33628,30417,46352,35601,16760,32394,50767,30243,18513,17299,35892,36608,33179,11677,30383,17323,22363,14068,26313,25234,.,.,18482,25332,25427,.,27850
ACSSF,2010e1,al,000,0113,0000075,24744,29494,47189,55467,55601,48229,54545,54079,64316,6205,39598,33815,40771,46454,28397,50083,80150,11845,16042,.,36627,24133,58052,8466,17412,12852,22304,37601,16270,22149,17066,20316,41087,26588,28825,25920,10000,21222,37373,40260,47299,31552,9979,65164,.,8750,36719,22841,73988,38424,13246,44362,50730,24493,10749,15497,9835,8871,45211,11171,10469,8374,18365,11953,23353,2499,2499,.,.,16396,15603,25728,.
ACSSF,2010e1,al,000,0113,0000076,23748,28333,43562,53281,51907,64375,60615,44747,60853,14804,36938,35723,31523,42616,35220,43541,49634,25721,12252,.,18222,14671,30873,10203,20098,7750,34435,32328,34713,30827,25054,28136,33121,26369,27275,26816,22097,20147,37487,31600,32060,27477,46332,46563,31532,50500,40406,37071,45285,40569,4727,38552,47417,31241,12640,14808,26150,21659,26500,11415,11393,12012,20534,12388,24253,17249,20433,.,16867,20455,19852,20777,17356
ACSSF,2010e1,al,000,0113,0000077,27199,29911,62830,70928,69753,71628,58827,51912,70375,53520,42052,50268,77850,38615,14925,76483,125290,31129,14182,25696,34375,20617,48470,9918,12655,25566,28305,34748,27325,20388,.,20932,17266,25768,36135,27576,17188,25543,42335,50486,44794,50753,44252,42775,48582,42976,40760,38433,31556,42170,9318,53351,60951,23833,14446,18766,10774,11528,9658,11897,9930,25185,23349,13934,24665,22435,.,.,22006,22400,25173,24512,10299
ACSSF,2010e1,al,000,0113,0000078,30828,40893,62787,61950,64870,51228,76584,72085,95811,103566,47879,44954,.,47116,73626,85559,120601,56809,25639,21373,47689,37023,55811,12800,26885,5881,27667,29105,25376,38910,32364,32234,46761,31255,41849,31952,15772,25638,40247,40690,40332,41399,50026,41328,.,.,37594,21988,40389,38598,23361,40654,52488,21497,13899,23157,26698,11917,27220,11927,8816,13181,21194,12209,22312,14583,.,13593,.,25692,26051,13625,12375
ACSSF,2010e1,al,000,0113,0000079,27266,35949,60758,64164,64433,51648,71845,.,71587,90346,51739,52231,52051,50864,38929,50338,85598,47467,16897,.,31339,30472,31569,11377,15034,23533,25399,23918,26752,35143,39547,25750,40327,36725,45362,27056,35975,20989,37795,48182,45625,85537,38147,17037,.,.,41418,40118,.,42465,2499,25547,48804,22077,15193,17045,14576,14287,.,11996,8500,16180,20377,9420,22339,80503,7255,.,.,18234,19452,8504,19298
ACSSF,2010e1,al,000,0113,0000080,27642,35479,60845,62169,62266,52422,69007,42469,81795,31706,42769,46130,81386,39447,40768,120278,151967,48357,16602,17832,32323,30842,35592,13966,18436,4316,31464,45497,24481,36601,4831,32433,36910,31981,40813,36382,23526,21671,39371,47140,50777,37800,33201,31504,.,.,34560,43628,44467,26517,34881,42036,52023,24464,13797,20695,22073,21697,.,10096,15537,11170,19534,11589,22887,20398,.,.,7025,14661,21688,2499,27072
ACSSF,2010e1,al,000,0113,0000081,29127,34996,62590,81044,78364,93944,56191,33750,64334,95417,47683,44659,.,60021,49986,63550,63550,.,20169,.,37204,32255,45551,11043,19153,.,27291,28430,26582,33385,10755,30844,37124,30302,31826,35529,19076,24988,38427,36907,36706,37906,42275,41973,26936,54737,37163,36097,39261,36589,31707,39862,45218,31167,14121,18587,20500,20500,.,10347,13813,16536,22363,15371,25362,14857,.,14857,.,34766,26755,51105,11947
ACSSF,2010e1,al,000,0113,0000082,26977,36834,62262,65950,66636,60771,58285,59167,55861,28482,41856,41848,102197,49945,38128,177586,178630,19657,24335,2499,39586,20147,44049,12134,23895,31107,37693,37492,37993,25588,27045,22138,42234,32057,31714,40669,21733,22290,36634,35975,38377,30219,41023,9279,42045,.,30315,24701,18906,32204,36000,47331,53417,16484,11177,21663,32712,.,.,9011,9203,15524,21124,13632,25053,37470,40887,35783,33977,32857,37644,19722,.
ACSSF,2010e1,al,000,0113,0000083,25829,30454,51118,51515,50273,52403,51085,51239,51816,21504,51202,38850,54583,55901,12443,37029,37459,.,21776,.,37511,50479,29640,16261,20599,14150,28222,45578,20474,24974,21170,22441,39115,27669,30351,29944,21379,22109,38794,41660,40617,49653,37821,33792,.,.,38870,26250,.,41547,23931,34292,40512,31143,14260,22362,8993,8993,.,13390,13640,14057,21502,18125,22980,11891,2499,29511,45941,19777,21128,13216,23456
ACSSF,2010e1,al,000,0113,0000084,28010,32340,51393,56272,56713,54728,51648,50300,51779,61414,48562,50247,100590,48385,11834,88651,112130,50984,21066,20764,30411,27314,31619,11642,22434,11932,29934,33914,19178,31809,14375,28052,44758,32319,30187,40732,23394,23942,35906,40536,42941,32202,46547,46222,.,73750,31908,31764,27702,40453,15956,36724,44781,30578,12050,17788,38817,43587,38548,9146,11739,15763,22515,14364,25819,41096,41558,7900,32420,19526,17315,20908,28655
ACSSF,2010e1,al,000,0113,0000085,41523,56574,77528,84531,85424,81501,78603,83064,78638,71406,57403,55501,160680,57451,31227,91895,101788,20037,11577,.,55191,4819,120286,10998,2499,14610,42514,70720,23799,21855,.,19865,36184,44770,71532,20135,6870,32566,45702,59176,60826,51616,47885,48750,49503,.,32985,24458,50067,32928,33135,32200,33105,29486,16703,30069,.,.,.,11337,9387,15556,26250,41549,23327,.,.,.,.,20951,.,.,.
ACSSF,2010e1,al,000,0113,0000086,26977,36834,62262,65950,66636,60771,58285,59167,55861,28482,41856,41848,102197,49945,38128,177586,178630,19657,24335,2499,39586,20147,44049,12134,23895,31107,37693,37492,37993,25588,27045,22138,42234,32057,31714,40669,21733,22290,36634,35975,38377,30219,41023,9279,42045,.,30315,24701,18906,32204,36000,47331,53417,16484,11177,21663,32712,.,.,9011,9203,15524,21124,13632,25053,37470,40887,35783,33977,32857,37644,19722,.
ACSSF,2010e1,al,000,0113,0000087,24538,26456,46565,51701,54362,40739,52104,40200,65020,50848,39262,18877,50096,45814,36273,47389,101004,3413,16041,14924,35534,25040,53136,12207,17716,2499,26859,29926,26013,19232,2499,21448,17610,26183,27796,28724,18108,23133,37770,44054,50048,39382,57542,53125,57585,78996,26231,39282,27151,22743,23589,36159,48887,23367,16322,22090,24006,22788,65504,13104,14641,16137,23698,15243,26759,20397,.,9163,23936,25082,30662,22022,7146
ACSSF,2010e1,al,000,0113,0000088,25550,29875,47638,85714,99952,60565,40088,40093,40082,.,39528,38203,.,40375,.,45732,46831,20523,6649,.,24384,57573,23446,2499,22813,4025,31016,33295,15736,22466,4688,22314,25444,30813,34849,31259,21086,22454,41693,41911,47697,41746,41679,.,.,.,36395,29236,.,40320,6559,46680,50121,28333,13933,23641,2499,.,2499,14523,30921,9375,20963,9453,23685,26250,2499,40621,.,19558,23855,18850,18735
ACSSF,2010e1,al,000,0113,0000089,27630,34807,52022,52174,51576,55433,42788,29354,50540,67083,48791,45893,100991,47959,28750,91944,150875,52083,17295,17102,24953,22833,29417,10646,18333,9773,35271,46302,27083,35841,17829,31966,37355,30490,31169,30994,26260,23421,36292,36124,40774,31271,41316,40822,.,.,30987,31812,27923,39292,21154,39189,47950,24821,14856,18576,35774,.,35060,9556,13162,12413,20381,11918,24193,41639,40799,.,49635,26570,20982,28750,28098
ACSSF,2010e1,al,000,0113,0000090,31075,42236,64354,69951,86332,50711,64538,62899,81154,.,44931,42624,.,70038,11458,120601,200183,.,26857,21373,50597,48056,56261,9797,26181,4619,26124,26840,25185,39690,66488,33836,44735,31381,30319,31946,15321,25003,39868,40643,41595,32008,60278,60278,.,.,36589,.,50900,36484,15673,40316,41661,32106,14052,21724,120588,.,120588,11129,9039,25661,20638,16603,21047,.,.,.,.,25239,25750,13938,11792
ACSSF,2010e1,al,000,0113,0000091,28287,32855,71424,72279,78152,71979,76300,67370,87307,56361,49157,53268,41869,39710,60683,103427,104332,41490,18040,20813,36308,35203,40779,9431,12190,20481,27346,32498,19519,20280,.,18379,30934,20774,23520,19967,13212,25170,39128,39641,38519,40567,72338,71425,105862,82650,37744,41113,4967,39118,22159,36878,45172,35545,11404,23804,13943,13943,.,10272,10487,8957,23009,16520,25190,27614,.,.,28693,25261,19923,25130,.
ACSSF,2010e1,al,000,0113,0000092,33419,37730,51123,51324,51536,51115,59290,46738,59830,47068,45706,32336,.,41396,52322,62673,70649,55493,24244,61033,38747,21166,39960,18487,19335,20687,31954,35825,28864,36869,58024,29617,41155,31925,36000,33051,15549,30428,44197,49221,48732,49880,56014,47424,65446,165146,36432,39418,32520,40535,10395,45669,56894,35226,14858,20349,60118,31764,61545,11297,14291,12528,26599,16492,30411,.,.,.,.,19492,14686,25814,25870
ACSSF,2010e1,al,000,0113,0000093,37960,50133,73053,76411,82774,55933,80359,78701,80639,101797,50500,19764,.,52282,52339,60138,61763,30663,12601,2499,25179,11610,26295,8911,27360,8499,39940,32207,42058,35917,33295,32364,41781,30202,34127,27500,21130,29809,44547,55071,53548,55587,74300,62440,83679,57214,29240,29491,.,26052,46232,39928,40550,38447,10843,19114,44028,14832,.,10243,11250,5277,21832,14948,25761,.,.,.,.,21273,24330,14640,20775
ACSSF,2010e1,al,000,0113,0000094,28706,35377,62452,76979,76491,79303,63037,40704,80705,89293,43797,34664,81386,40722,42771,116602,150686,48357,16894,18024,34660,31621,37751,12048,17996,5602,28764,35532,26016,35487,10717,31865,37138,31940,39474,35904,23046,22862,38025,37318,37229,37847,41699,40635,71139,54737,35624,41759,40662,30792,34022,40860,47355,30436,13923,18910,22094,21848,.,10244,15234,15322,21163,12369,24561,14952,.,35229,7025,32944,26545,50345,16094
ACSSF,2010e1,al,000,0113,0000095,27643,30706,64320,68234,67336,70197,67866,53171,72300,66831,43582,50268,77850,38433,45081,100294,125112,31129,14049,25696,32421,17477,48952,9796,12534,25566,29042,35525,27671,20707,.,20924,20611,26369,37589,27834,17427,25671,42452,50588,50245,50753,44311,42477,48582,44147,41148,38497,42013,42187,9955,53542,61441,22002,14150,18630,10774,11528,9658,11990,9682,24449,23024,13822,24333,22435,.,.,22006,23363,25417,24512,10299
ACSSF,2010e1,al,000,0113,0000096,36003,45489,66933,65955,70632,51068,77428,77309,84650,.,42458,55094,250001,41990,26199,70625,69702,70878,20534,57952,51339,36903,51776,14481,23831,16210,42039,46510,35999,31125,10925,30016,40341,25388,28759,21957,11902,30072,42131,50623,60229,39647,72093,68345,86377,.,35718,37881,51491,31017,15971,40221,45043,25131,15060,15408,82456,.,82456,10148,18993,11121,26898,21318,28978,9474,9901,18497,6864,15496,12323,21100,.
ACSSF,2010e1,al,000,0113,0000097,21218,22362,52090,71250,71667,52043,21428,21434,17487,.,41450,48918,101250,26848,26350,250001,250001,.,10258,.,50507,2499,51426,8240,37270,7351,9206,9421,7493,26920,.,25917,31576,21672,17477,30093,21494,20269,30254,30823,30069,65135,3545,3545,.,.,27917,42615,41408,13978,27108,32372,70087,21609,14769,16097,40336,.,40336,15213,16199,12143,20753,13416,23897,.,.,.,.,25830,19747,2499,40324
ACSSF,2010e1,al,000,0113,0000098,32018,40273,56766,65487,70401,48611,72618,41971,75484,.,36449,31596,71942,46487,2499,71940,71940,.,20526,.,38172,14458,39078,6857,20712,23846,40515,32287,41570,35078,26749,36063,34908,40450,41640,31448,14903,25440,40387,38998,36923,39668,88568,96653,11795,41952,42211,17260,27353,45513,16813,38092,60980,31637,11521,9278,55710,55710,.,7207,12316,13478,20227,17264,20709,.,.,.,.,21906,26646,21121,.
