ACSSF,2010m1,al,000,0006,0000001,559,260,757,2353,2213,3714,4059,16806,6524,7516,17315,18168,5811,6146,18001,9051,2866,3226,7765,1871,694,868,1069,2109,1167,1254,1765,1809,1079,673,1585,4407,1044,1358,4241,16226,13441,9661,13074,7198,10202,1485,17986,13331,8097,12301,6521,9302,1488,9035,3410,3771,3201,3924,4025,215,1907,839,1211,547,217,374,273,2888,1458,1262,1342,1133,757,646,1796,963,785,770,966,1173,27,4508,2441,1584,1663,1324,1465,246,16806,6524,7516,17315,18168,5811,6146,18001,9051,2866,3226,7765,1871,694,868,1069,2976,1508,1462,2372,4407,1044,1358,4241,16226,13441,9661,13074,7198,10202,1485,17986,13331,8097,12301,6521,9302,1488,9035,3410,3771,3201,3924,4025,215,1907,839,1211,547,217,374,273,3521,1637,1537,1600,1428,1447,644,4508,2441,1584,1663,1324,1465,246
ACSSF,2010m1,al,000,0006,0000002,,,,,,,,,,,,,,,,,,,,,,,,,,,,,,,,,,,,,,,,,,,,,,,,,,,,,,,,,,,,,,,,,,,,,,,,,,,,,,,,,,,,,,,,,,,,,,,,,,,,,,,,,,,,,,,,,,,,,,,,,,,,,,,,,,,,,,,,,,,,,,,,,,,,,,
ACSSF,2010m1,al,000,0006,0000003,,,,,,,,,,,,,,,,,,,,,,,,,,,,,,,,,,,,,,,,,,,,,,,,,,,,,,,,,,,,,,,,,,,,,,,,,,,,,,,,,,,,,,,,,,,,,,,,,,,,,,,,,,,,,,,,,,,,,,,,,,,,,,,,,,,,,,,,,,,,,,,,,,,,,,
ACSSF,2010m1,al,000,0006,0000004,,,,,,,,,,,,,,,,,,,,,,,,,,,,,,,,,,,,,,,,,,,,,,,,,,,,,,,,,,,,,,,,,,,,,,,,,,,,,,,,,,,,,,,,,,,,,,,,,,,,,,,,,,,,,,,,,,,,,,,,,,,,,,,,,,,,,,,,,,,,,,,,,,,,,,
ACSSF,2010m1,al,000,0006,0000005,,,,,,,,,,,,,,,,,,,,,,,,,,,,,,,,,,,,,,,,,,,,,,,,,,,,,,,,,,,,,,,,,,,,,,,,,,,,,,,,,,,,,,,,,,,,,,,,,,,,,,,,,,,,,,,,,,,,,,,,,,,,,,,,,,,,,,,,,,,,,,,,,,,,,,
ACSSF,2010m1,al,000,0006,0000006,,,,,,,,,,,,,,,,,,,,,,,,,,,,,,,,,,,,,,,,,,,,,,,,,,,,,,,,,,,,,,,,,,,,,,,,,,,,,,,,,,,,,,,,,,,,,,,,,,,,,,,,,,,,,,,,,,,,,,,,,,,,,,,,,,,,,,,,,,,,,,,,,,,,,,
ACSSF,2010m1,al,000,0006,0000007,,,,,,,,,,,,,,,,,,,,,,,,,,,,,,,,,,,,,,,,,,,,,,,,,,,,,,,,,,,,,,,,,,,,,,,,,,,,,,,,,,,,,,,,,,,,,,,,,,,,,,,,,,,,,,,,,,,,,,,,,,,,,,,,,,,,,,,,,,,,,,,,,,,,,,
ACSSF,2010m1,al,000,0006,0000008,,,,,,,,,,,,,,,,,,,,,,,,,,,,,,,,,,,,,,,,,,,,,,,,,,,,,,,,,,,,,,,,,,,,,,,,,,,,,,,,,,,,,,,,,,,,,,,,,,,,,,,,,,,,,,,,,,,,,,,,,,,,,,,,,,,,,,,,,,,,,,,,,,,,,,
ACSSF,2010m1,al,000,0006,0000009,,,,,,,,,,,,,,,,,,,,,,,,,,,,,,,,,,,,,,,,,,,,,,,,,,,,,,,,,,,,,,,,,,,,,,,,,,,,,,,,,,,,,,,,,,,,,,,,,,,,,,,,,,,,,,,,,,,,,,,,,,,,,,,,,,,,,,,,,,,,,,,,,,,,,,
ACSSF,2010m1,al,000,0006,0000010,,,,,,,,,,,,,,,,,,,,,,,,,,,,,,,,,,,,,,,,,,,,,,,,,,,,,,,,,,,,,,,,,,,,,,,,,,,,,,,,,,,,,,,,,,,,,,,,,,,,,,,,,,,,,,,,,,,,,,,,,,,,,,,,,,,,,,,,,,,,,,,,,,,,,,
ACSSF,2010m1,al,000,0006,0000011,,,,,,,,,,,,,,,,,,,,,,,,,,,,,,,,,,,,,,,,,,,,,,,,,,,,,,,,,,,,,,,,,,,,,,,,,,,,,,,,,,,,,,,,,,,,,,,,,,,,,,,,,,,,,,,,,,,,,,,,,,,,,,,,,,,,,,,,,,,,,,,,,,,,,,
ACSSF,2010m1,al,000,0006,0000012,,,,,,,,,,,,,,,,,,,,,,,,,,,,,,,,,,,,,,,,,,,,,,,,,,,,,,,,,,,,,,,,,,,,,,,,,,,,,,,,,,,,,,,,,,,,,,,,,,,,,,,,,,,,,,,,,,,,,,,,,,,,,,,,,,,,,,,,,,,,,,,,,,,,,,
ACSSF,2010m1,al,000,0006,0000013,1350,1546,3486,.,39196,.,8663,,,,,,,,,,,,,,,,,,,,,,,,,,,,,,,,,,,,,,,,,,,,,,,,,,,,,,,,,,,,,,,,,,,,,,,,,,,,,,3689,1199,1281,3848,3805,915,1085,3691,2278,530,630,2031,150,273,273,150,776,167,490,536,941,273,326,823,,,,,,,,,,,,,,,,,,,,,,,,,,,,,,,,,,,,,,,,,,
ACSSF,2010m1,al,000,0006,0000014,2699,3267,7638,550,18526,33019,5053,,,,,,,,,,,,,,,,,,,,,,,,,,,,,,,,,,,,,,,,,,,,,,,,,,,,,,,,,,,,,,,,,,,,,,,,,,,,,,,,,,,,,,,,,,,,,,,,,,,,,,,,,,,,,,,,,,,,,,,,,,,,,,,,,,,,,,,,,,,,,,,
ACSSF,2010m1,al,000,0006,0000015,2029,2184,6763,.,12670,.,55487,,,,,,,,,,,,,,,,,,,,,,,,,,,,,,,,,,,,,,,,,,,,,,,,,,,,,,,,,,,,,,,,,,,,,,,,,,,,,,,,,,,,,,,,,,,,,,,,,,,,,,,,,,,,,,,,,,,,,,,,,,,,,,,,,,,,,,,,,,,,,,,
ACSSF,2010m1,al,000,0006,0000016,1386,2283,8986,.,18221,14263,8772,,,,,,,,,,,,,,,,,,,,,,,,,,,,,,,,,,,,,,,,,,,,,,,,,,,,,,,,,,,,,,,,,,,,,,,,,,,,,,,,,,,,,,,,,,,,,,,,,,,,,,,,,,,,,,,,,,,,,,,,,,,,,,,,,,,,,,,,,,,,,,,
ACSSF,2010m1,al,000,0006,0000017,2666,4038,4551,17235,.,70850,10591,,,,,,,,,,,,,,,,,,,,,,,,,,,,,,,,,,,,,,,,,,,,,,,,,,,,,,,,,,,,,,,,,,,,,,,,,,,,,,,,,,,,,,,,,,,,,,,,,,,,,,,,,,,,,,,,,,,,,,,,,,,,,,,,,,,,,,,,,,,,,,,
ACSSF,2010m1,al,000,0006,0000018,3292,3937,5638,.,6455,24798,20170,,,,,,,,,,,,,,,,,,,,,,,,,,,,,,,,,,,,,,,,,,,,,,,,,,,,,,,,,,,,,,,,,,,,,,,,,,,,,,,,,,,,,,,,,,,,,,,,,,,,,,,,,,,,,,,,,,,,,,,,,,,,,,,,,,,,,,,,,,,,,,,
ACSSF,2010m1,al,000,0006,0000019,863,2024,3558,12846,2590,3042,16627,2246,765,799,2185,2184,730,723,2053,688,149,276,615,93,43,273,75,225,149,120,108,173,155,72,97,273,37,26,268,,,,,,,,,,,,,,,,,,,,,,,,,,,,,,,,,,,,,,,,,,,,,,,,,,2246,765,799,2185,2184,730,723,2053,688,149,276,615,93,43,273,75,305,228,142,165,273,37,26,268,2246,1427,1122,1319,662,1040,84,2184,1418,1136,1289,641,1021,84,688,264,466,370,140,207,273,93,273,61,38,49,273,273,305,67,168,199,96,108,273,273,174,171,156,53,54,273
ACSSF,2010m1,al,000,0006,0000020,1493,653,2649,5180,4274,7915,6221,7772,2476,3233,7724,7796,2190,2345,7700,3873,1308,1930,2953,1135,447,764,493,765,475,297,623,843,118,273,838,1528,361,374,1521,7544,4991,4181,6076,2814,3514,523,7780,5220,3519,5850,2428,3418,523,3832,1449,1757,1744,1592,1480,273,1135,172,1031,279,273,192,273,969,418,469,560,393,315,273,843,495,282,297,432,348,273,1528,1219,454,733,442,341,273,7772,2476,3233,7724,7796,2190,2345,7700,3873,1308,1930,2953,1135,447,764,493,1178,485,297,1097,1528,361,374,1521,7544,4991,4181,6076,2814,3514,523,7780,5220,3519,5850,2428,3418,523,3832,1449,1757,1744,1592,1480,273,1135,172,1031,279,273,192,273,1257,623,485,723,582,414,273,1528,1219,454,733,442,341,273
ACSSF,2010m1,al,000,0006,0000021,3656,4125,2624,.,36265,.,21267,,,,,,,,,,,,,,,,,,,,,,,,,,,,,,,,,,,,,,,,,,,,,,,,,,,,,,,,,,,,,,,,,,,,,,,,,,,,,,2565,1047,906,2365,2623,1068,872,2416,524,113,209,437,273,273,273,273,336,171,22,284,374,79,225,284,,,,,,,,,,,,,,,,,,,,,,,,,,,,,,,,,,,,,,,,,,
ACSSF,2010m1,al,000,0006,0000022,1817,1928,3076,.,2457,10154,12651,2789,1479,1072,2736,2633,1322,928,2551,1549,644,360,1333,355,324,19,74,693,276,430,370,530,360,152,328,666,95,214,626,2823,1958,1739,1523,1298,1854,273,2633,1690,1443,1445,1050,1689,273,1549,904,780,565,711,585,273,379,328,123,30,273,63,273,708,587,236,326,140,69,273,554,336,294,108,125,230,273,669,383,280,153,321,19,273,2789,1479,1072,2736,2633,1322,928,2551,1549,644,360,1333,355,324,19,74,872,462,471,500,666,95,214,626,2823,1958,1739,1523,1298,1854,273,2633,1690,1443,1445,1050,1689,273,1549,904,780,565,711,585,273,379,328,123,30,273,63,273,927,691,426,344,193,243,273,669,383,280,153,321,19,273
ACSSF,2010m1,al,000,0006,0000023,4544,4723,9188,.,33795,47697,23894,,,,,,,,,,,,,,,,,,,,,,,,,,,,,,,,,,,,,,,,,,,,,,,,,,,,,,,,,,,,,,,,,,,,,,,,,,,,,,,,,,,,,,,,,,,,,,,,,,,,,,,,,,,,,,,,,,,,,,,,,,,,,,,,,,,,,,,,,,,,,,,
ACSSF,2010m1,al,000,0006,0000024,1384,1350,3605,23378,15348,8530,8012,5965,2011,1899,6006,5995,1637,1510,6015,2607,745,620,2109,586,83,386,396,610,537,133,342,902,366,319,682,1382,271,313,1342,5777,4377,2982,3598,2382,2633,886,5962,4187,2524,3300,1612,2351,533,2596,1132,985,786,1737,814,126,586,422,319,175,273,273,273,1317,218,329,420,286,374,907,902,346,299,199,273,721,273,1480,1003,454,769,544,287,273,5965,2011,1899,6006,5995,1637,1510,6015,2607,745,620,2109,586,83,386,396,1264,665,339,755,1382,271,313,1342,5777,4377,2982,3598,2382,2633,886,5962,4187,2524,3300,1612,2351,533,2596,1132,985,786,1737,814,126,586,422,319,175,273,273,273,1661,426,456,467,286,1027,907,1480,1003,454,769,544,287,273
ACSSF,2010m1,al,000,0006,0000025,2874,2547,1916,.,18207,69862,21855,,,,,,,,,,,,,,,,,,,,,,,,,,,,,,,,,,,,,,,,,,,,,,,,,,,,,,,,,,,,,,,,,,,,,,,,,,,,,,3409,868,1025,3392,2813,774,705,2747,1562,414,662,1422,21,273,273,21,442,119,273,421,883,273,52,886,,,,,,,,,,,,,,,,,,,,,,,,,,,,,,,,,,,,,,,,,,
ACSSF,2010m1,al,000,0006,0000026,913,862,1792,16141,3070,55239,8772,5992,2310,3238,6284,6286,2102,2250,6229,2448,930,1414,1975,507,313,152,306,1055,363,689,853,484,211,273,439,1745,257,845,1251,5887,3801,2911,3575,2203,3084,249,6214,3755,2452,3149,1975,2779,249,2448,929,1239,870,1057,1386,273,507,125,203,414,273,119,273,1089,678,232,727,103,138,273,484,158,209,279,219,160,273,1745,1011,493,694,291,444,273,5992,2310,3238,6284,6286,2102,2250,6229,2448,930,1414,1975,507,313,152,306,1176,431,689,949,1745,257,845,1251,5887,3801,2911,3575,2203,3084,249,6214,3755,2452,3149,1975,2779,249,2448,929,1239,870,1057,1386,273,507,125,203,414,273,119,273,1194,707,315,779,245,207,273,1745,1011,493,694,291,444,273
ACSSF,2010m1,al,000,0006,0000027,955,1867,4914,19443,3419,7006,10588,5149,1828,1700,5444,5072,1325,1469,5283,2616,920,771,2141,516,264,88,447,637,161,119,598,420,81,330,267,716,334,273,647,,,,,,,,,,,,,,,,,,,,,,,,,,,,,,,,,,,,,,,,,,,,,,,,,,5149,1828,1700,5444,5072,1325,1469,5283,2616,920,771,2141,516,264,88,447,750,182,355,641,716,334,273,647,5227,3992,2799,3035,1994,2292,631,5093,3642,2433,3059,1328,2202,630,2603,1181,861,1127,1516,837,184,516,329,287,79,158,80,273,701,524,548,188,309,141,27,845,464,452,423,291,128,273
ACSSF,2010m1,al,000,0006,0000028,2230,2857,8480,.,10488,384,7481,,,,,,,,,,,,,,,,,,,,,,,,,,,,,,,,,,,,,,,,,,,,,,,,,,,,,,,,,,,,,,,,,,,,,,,,,,,,,,,,,,,,,,,,,,,,,,,,,,,,,,,,,,,,,,,,,,,,,,,,,,,,,,,,,,,,,,,,,,,,,,,
ACSSF,2010m1,al,000,0006,0000029,,,,,,,,,,,,,,,,,,,,,,,,,,,,,,,,,,,,,,,,,,,,,,,,,,,,,,,,,,,,,,,,,,,,,,,,,,,,,,,,,,,,,,,,,,,,,,,,,,,,,,,,,,,,,,,,,,,,,,,,,,,,,,,,,,,,,,,,,,,,,,,,,,,,,,
ACSSF,2010m1,al,000,0006,0000030,989,1138,5528,.,.,26435,23120,,,,,,,,,,,,,,,,,,,,,,,,,,,,,,,,,,,,,,,,,,,,,,,,,,,,,,,,,,,,,,,,,,,,,,,,,,,,,,4547,1566,1155,4199,3827,1385,982,3770,1909,747,596,1351,273,273,273,273,400,273,273,400,1205,129,273,1214,,,,,,,,,,,,,,,,,,,,,,,,,,,,,,,,,,,,,,,,,,
ACSSF,2010m1,al,000,0006,0000031,,,,,,,,,,,,,,,,,,,,,,,,,,,,,,,,,,,,,,,,,,,,,,,,,,,,,,,,,,,,,,,,,,,,,,,,,,,,,,,,,,,,,,,,,,,,,,,,,,,,,,,,,,,,,,,,,,,,,,,,,,,,,,,,,,,,,,,,,,,,,,,,,,,,,,
ACSSF,2010m1,al,000,0006,0000032,2204,1192,3706,29577,4218,7299,7009,4771,1998,1592,4877,4641,1560,1280,4657,1944,775,240,1848,329,169,273,287,497,198,181,425,525,348,305,278,842,352,596,597,,,,,,,,,,,,,,,,,,,,,,,,,,,,,,,,,,,,,,,,,,,,,,,,,,4771,1998,1592,4877,4641,1560,1280,4657,1944,775,240,1848,329,169,273,287,774,395,356,550,842,352,596,597,4649,2364,2209,2557,1921,2079,273,4631,2230,1863,2604,1718,2004,273,1944,568,794,831,1167,418,273,399,330,202,67,273,80,273,1419,728,354,675,290,282,273,842,561,541,229,297,273,273
ACSSF,2010m1,al,000,0006,0000033,4750,4635,12342,25397,12613,59542,5957,,,,,,,,,,,,,,,,,,,,,,,,,,,,,,,,,,,,,,,,,,,,,,,,,,,,,,,,,,,,,,,,,,,,,,,,,,,,,,,,,,,,,,,,,,,,,,,,,,,,,,,,,,,,,,,,,,,,,,,,,,,,,,,,,,,,,,,,,,,,,,,
ACSSF,2010m1,al,000,0006,0000034,900,1618,3349,5025,7090,11171,15971,7459,1821,2571,6776,6821,1382,1842,6317,3010,842,1595,2451,1110,437,731,485,672,396,278,495,666,118,273,660,765,332,81,674,7338,4315,2948,4051,2394,2376,497,6806,4167,2328,3897,1990,2103,497,2982,1258,1295,1148,1314,1225,273,1110,143,1005,258,273,192,273,699,194,375,529,283,299,273,666,399,77,260,306,296,273,749,467,229,409,280,238,273,7459,1821,2571,6776,6821,1382,1842,6317,3010,842,1595,2451,1110,437,731,485,1000,406,278,863,765,332,81,674,7338,4315,2948,4051,2394,2376,497,6806,4167,2328,3897,1990,2103,497,2982,1258,1295,1148,1314,1225,273,1110,143,1005,258,273,192,273,994,435,384,649,418,373,273,749,467,229,409,280,238,273
ACSSF,2010m1,al,000,0006,0000035,920,1545,3909,12846,4276,2883,14588,2190,744,741,2055,2080,703,657,1905,626,143,273,568,93,43,273,75,197,149,120,29,172,145,80,68,195,37,273,190,,,,,,,,,,,,,,,,,,,,,,,,,,,,,,,,,,,,,,,,,,,,,,,,,,2190,744,741,2055,2080,703,657,1905,626,143,273,568,93,43,273,75,273,223,147,75,195,37,273,190,2190,1393,1056,1241,596,1010,84,2080,1382,1073,1248,570,979,84,626,225,443,356,126,195,273,93,273,61,38,49,273,273,273,33,168,196,25,44,273,195,141,70,51,30,54,273
ACSSF,2010m1,al,000,0006,0000036,3051,2854,5937,.,35287,.,10832,,,,,,,,,,,,,,,,,,,,,,,,,,,,,,,,,,,,,,,,,,,,,,,,,,,,,,,,,,,,,,,,,,,,,,,,,,,,,,,,,,,,,,,,,,,,,,,,,,,,,,,,,,,,,,,,,,,,,,,,,,,,,,,,,,,,,,,,,,,,,,,
ACSSF,2010m1,al,000,0006,0000037,2176,1304,2066,28058,1504,8561,10551,5467,2048,1677,5284,5136,1658,1255,4982,2265,721,611,1806,575,83,386,381,576,537,273,310,881,348,319,657,984,235,262,931,,,,,,,,,,,,,,,,,,,,,,,,,,,,,,,,,,,,,,,,,,,,,,,,,,5467,2048,1677,5284,5136,1658,1255,4982,2265,721,611,1806,575,83,386,381,1243,654,319,711,984,235,262,931,5336,3992,2516,3076,2272,2164,273,5131,3805,2302,2655,1516,1851,273,2265,979,691,693,1608,764,273,575,408,319,175,273,273,273,1243,378,456,453,273,1006,273,1065,711,328,759,338,178,273
ACSSF,2010m1,al,000,0006,0000038,845,947,3221,16141,5879,65174,25832,5564,1988,1926,5514,5368,1640,1569,5330,2003,687,1147,1485,507,313,152,306,534,350,191,332,412,211,273,354,911,273,595,657,,,,,,,,,,,,,,,,,,,,,,,,,,,,,,,,,,,,,,,,,,,,,,,,,,5564,1988,1926,5514,5368,1640,1569,5330,2003,687,1147,1485,507,313,152,306,682,414,191,492,911,273,595,657,5453,3487,2463,2867,1707,2075,249,5288,3486,1909,2745,1514,1884,249,2003,808,1094,636,620,1130,273,507,125,203,414,273,119,273,720,518,260,371,191,142,273,911,815,259,250,102,273,273
ACSSF,2010m1,al,000,0006,0000039,1077,2795,4560,19443,3419,9442,9948,5092,1573,1683,5394,4954,1341,1475,5081,2485,659,706,2057,516,264,88,447,637,161,119,598,421,81,319,267,635,334,273,560,,,,,,,,,,,,,,,,,,,,,,,,,,,,,,,,,,,,,,,,,,,,,,,,,,5092,1573,1683,5394,4954,1341,1475,5081,2485,659,706,2057,516,264,88,447,751,182,345,641,635,334,273,560,5178,3968,2755,2980,1544,2088,631,4978,3553,2356,3010,1195,2025,630,2487,1164,861,1092,1124,694,184,516,329,287,79,158,80,273,701,524,548,188,309,119,27,776,331,452,401,291,128,273
ACSSF,2010m1,al,000,0006,0000040,2436,1705,2785,21987,1120,2027,21582,,,,,,,,,,,,,,,,,,,,,,,,,,,,,,,,,,,,,,,,,,,,,,,,,,,,,,,,,,,,,,,,,,,,,,,,,,,,,,,,,,,,,,,,,,,,,,,,,,,,,,,,,,,,,,,,,,,,,,,,,,,,,,,,,,,,,,,,,,,,,,,
ACSSF,2010m1,al,000,0006,0000041,900,1618,3349,5025,7090,11171,15971,7459,1821,2571,6776,6821,1382,1842,6317,3010,842,1595,2451,1110,437,731,485,672,396,278,495,666,118,273,660,765,332,81,674,7338,4315,2948,4051,2394,2376,497,6806,4167,2328,3897,1990,2103,497,2982,1258,1295,1148,1314,1225,273,1110,143,1005,258,273,192,273,699,194,375,529,283,299,273,666,399,77,260,306,296,273,749,467,229,409,280,238,273,7459,1821,2571,6776,6821,1382,1842,6317,3010,842,1595,2451,1110,437,731,485,1000,406,278,863,765,332,81,674,7338,4315,2948,4051,2394,2376,497,6806,4167,2328,3897,1990,2103,497,2982,1258,1295,1148,1314,1225,273,1110,143,1005,258,273,192,273,994,435,384,649,418,373,273,749,467,229,409,280,238,273
ACSSF,2010m1,al,000,0006,0000042,3051,2854,5937,.,35287,.,10832,,,,,,,,,,,,,,,,,,,,,,,,,,,,,,,,,,,,,,,,,,,,,,,,,,,,,,,,,,,,,,,,,,,,,,,,,,,,,,,,,,,,,,,,,,,,,,,,,,,,,,,,,,,,,,,,,,,,,,,,,,,,,,,,,,,,,,,,,,,,,,,
ACSSF,2010m1,al,000,0006,0000043,926,1497,3909,12846,4276,2883,14588,2188,744,741,2059,2079,703,657,1911,626,143,273,568,93,43,273,75,197,149,120,29,172,145,80,68,195,37,273,190,,,,,,,,,,,,,,,,,,,,,,,,,,,,,,,,,,,,,,,,,,,,,,,,,,2188,744,741,2059,2079,703,657,1911,626,143,273,568,93,43,273,75,273,223,147,75,195,37,273,190,2188,1393,1056,1241,596,1000,84,2079,1382,1073,1248,570,967,84,626,225,443,356,126,195,273,93,273,61,38,49,273,273,273,33,168,196,25,44,273,195,141,70,51,30,54,273
ACSSF,2010m1,al,000,0006,0000044,2176,1304,2066,28058,1504,8561,10551,5467,2048,1677,5284,5136,1658,1255,4982,2265,721,611,1806,575,83,386,381,576,537,273,310,881,348,319,657,984,235,262,931,,,,,,,,,,,,,,,,,,,,,,,,,,,,,,,,,,,,,,,,,,,,,,,,,,5467,2048,1677,5284,5136,1658,1255,4982,2265,721,611,1806,575,83,386,381,1243,654,319,711,984,235,262,931,5336,3992,2516,3076,2272,2164,273,5131,3805,2302,2655,1516,1851,273,2265,979,691,693,1608,764,273,575,408,319,175,273,273,273,1243,378,456,453,273,1006,273,1065,711,328,759,338,178,273
ACSSF,2010m1,al,000,0006,0000045,845,947,3221,16141,5879,65174,25832,5564,1988,1926,5514,5368,1640,1569,5330,2003,687,1147,1485,507,313,152,306,534,350,191,332,412,211,273,354,911,273,595,657,,,,,,,,,,,,,,,,,,,,,,,,,,,,,,,,,,,,,,,,,,,,,,,,,,5564,1988,1926,5514,5368,1640,1569,5330,2003,687,1147,1485,507,313,152,306,682,414,191,492,911,273,595,657,5453,3487,2463,2867,1707,2075,249,5288,3486,1909,2745,1514,1884,249,2003,808,1094,636,620,1130,273,507,125,203,414,273,119,273,720,518,260,371,191,142,273,911,815,259,250,102,273,273
ACSSF,2010m1,al,000,0006,0000046,1077,2795,4560,19443,3419,9442,9948,5092,1573,1683,5394,4954,1341,1475,5081,2485,659,706,2057,516,264,88,447,637,161,119,598,421,81,319,267,635,334,273,560,,,,,,,,,,,,,,,,,,,,,,,,,,,,,,,,,,,,,,,,,,,,,,,,,,5092,1573,1683,5394,4954,1341,1475,5081,2485,659,706,2057,516,264,88,447,751,182,345,641,635,334,273,560,5178,3968,2755,2980,1544,2088,631,4978,3553,2356,3010,1195,2025,630,2487,1164,861,1092,1124,694,184,516,329,287,79,158,80,273,701,524,548,188,309,119,27,776,331,452,401,291,128,273
ACSSF,2010m1,al,000,0006,0000047,2436,1705,2785,21987,1120,2027,21582,,,,,,,,,,,,,,,,,,,,,,,,,,,,,,,,,,,,,,,,,,,,,,,,,,,,,,,,,,,,,,,,,,,,,,,,,,,,,,,,,,,,,,,,,,,,,,,,,,,,,,,,,,,,,,,,,,,,,,,,,,,,,,,,,,,,,,,,,,,,,,,
ACSSF,2010m1,al,000,0006,0000048,,,,,,,,,,,,,,,,,,,,,,,,,,,,,,,,,,,,,,,,,,,,,,,,,,,,,,,,,,,,,,,,,,,,,,,,,,,,,,,,,,,,,,,,,,,,,,,,,,,,,,,,,,,,,,,,,,,,,,,,,,,,,,,,,,,,,,,,,,,,,,,,,,,,,,
ACSSF,2010m1,al,000,0006,0000049,,,,,,,,,,,,,,,,,,,,,,,,,,,,,,,,,,,,,,,,,,,,,,,,,,,,,,,,,,,,,,,,,,,,,,,,,,,,,,,,,,,,,,,,,,,,,,,,,,,,,,,,,,,,,,,,,,,,,,,,,,,,,,,,,,,,,,,,,,,,,,,,,,,,,,
ACSSF,2010m1,al,000,0006,0000050,,,,,,,,,,,,,,,,,,,,,,,,,,,,,,,,,,,,,,,,,,,,,,,,,,,,,,,,,,,,,,,,,,,,,,,,,,,,,,,,,,,,,,,,,,,,,,,,,,,,,,,,,,,,,,,,,,,,,,,,,,,,,,,,,,,,,,,,,,,,,,,,,,,,,,
ACSSF,2010m1,al,000,0006,0000051,,,,,,,,,,,,,,,,,,,,,,,,,,,,,,,,,,,,,,,,,,,,,,,,,,,,,,,,,,,,,,,,,,,,,,,,,,,,,,,,,,,,,,,,,,,,,,,,,,,,,,,,,,,,,,,,,,,,,,,,,,,,,,,,,,,,,,,,,,,,,,,,,,,,,,
ACSSF,2010m1,al,000,0006,0000052,,,,,,,,,,,,,,,,,,,,,,,,,,,,,,,,,,,,,,,,,,,,,,,,,,,,,,,,,,,,,,,,,,,,,,,,,,,,,,,,,,,,,,,,,,,,,,,,,,,,,,,,,,,,,,,,,,,,,,,,,,,,,,,,,,,,,,,,,,,,,,,,,,,,,,
ACSSF,2010m1,al,000,0006,0000053,,,,,,,,,,,,,,,,,,,,,,,,,,,,,,,,,,,,,,,,,,,,,,,,,,,,,,,,,,,,,,,,,,,,,,,,,,,,,,,,,,,,,,,,,,,,,,,,,,,,,,,,,,,,,,,,,,,,,,,,,,,,,,,,,,,,,,,,,,,,,,,,,,,,,,
ACSSF,2010m1,al,000,0006,0000054,,,,,,,,,,,,,,,,,,,,,,,,,,,,,,,,,,,,,,,,,,,,,,,,,,,,,,,,,,,,,,,,,,,,,,,,,,,,,,,,,,,,,,,,,,,,,,,,,,,,,,,,,,,,,,,,,,,,,,,,,,,,,,,,,,,,,,,,,,,,,,,,,,,,,,
ACSSF,2010m1,al,000,0006,0000055,,,,,,,,,,,,,,,,,,,,,,,,,,,,,,,,,,,,,,,,,,,,,,,,,,,,,,,,,,,,,,,,,,,,,,,,,,,,,,,,,,,,,,,,,,,,,,,,,,,,,,,,,,,,,,,,,,,,,,,,,,,,,,,,,,,,,,,,,,,,,,,,,,,,,,
ACSSF,2010m1,al,000,0006,0000056,,,,,,,,,,,,,,,,,,,,,,,,,,,,,,,,,,,,,,,,,,,,,,,,,,,,,,,,,,,,,,,,,,,,,,,,,,,,,,,,,,,,,,,,,,,,,,,,,,,,,,,,,,,,,,,,,,,,,,,,,,,,,,,,,,,,,,,,,,,,,,,,,,,,,,
ACSSF,2010m1,al,000,0006,0000057,,,,,,,,,,,,,,,,,,,,,,,,,,,,,,,,,,,,,,,,,,,,,,,,,,,,,,,,,,,,,,,,,,,,,,,,,,,,,,,,,,,,,,,,,,,,,,,,,,,,,,,,,,,,,,,,,,,,,,,,,,,,,,,,,,,,,,,,,,,,,,,,,,,,,,
ACSSF,2010m1,al,000,0006,0000058,,,,,,,,,,,,,,,,,,,,,,,,,,,,,,,,,,,,,,,,,,,,,,,,,,,,,,,,,,,,,,,,,,,,,,,,,,,,,,,,,,,,,,,,,,,,,,,,,,,,,,,,,,,,,,,,,,,,,,,,,,,,,,,,,,,,,,,,,,,,,,,,,,,,,,
ACSSF,2010m1,al,000,0006,0000059,,,,,,,,,,,,,,,,,,,,,,,,,,,,,,,,,,,,,,,,,,,,,,,,,,,,,,,,,,,,,,,,,,,,,,,,,,,,,,,,,,,,,,,,,,,,,,,,,,,,,,,,,,,,,,,,,,,,,,,,,,,,,,,,,,,,,,,,,,,,,,,,,,,,,,
ACSSF,2010m1,al,000,0006,0000060,,,,,,,,,,,,,,,,,,,,,,,,,,,,,,,,,,,,,,,,,,,,,,,,,,,,,,,,,,,,,,,,,,,,,,,,,,,,,,,,,,,,,,,,,,,,,,,,,,,,,,,,,,,,,,,,,,,,,,,,,,,,,,,,,,,,,,,,,,,,,,,,,,,,,,
ACSSF,2010m1,al,000,0006,0000061,,,,,,,,,,,,,,,,,,,,,,,,,,,,,,,,,,,,,,,,,,,,,,,,,,,,,,,,,,,,,,,,,,,,,,,,,,,,,,,,,,,,,,,,,,,,,,,,,,,,,,,,,,,,,,,,,,,,,,,,,,,,,,,,,,,,,,,,,,,,,,,,,,,,,,
ACSSF,2010m1,al,000,0006,0000062,,,,,,,,,,,,,,,,,,,,,,,,,,,,,,,,,,,,,,,,,,,,,,,,,,,,,,,,,,,,,,,,,,,,,,,,,,,,,,,,,,,,,,,,,,,,,,,,,,,,,,,,,,,,,,,,,,,,,,,,,,,,,,,,,,,,,,,,,,,,,,,,,,,,,,
ACSSF,2010m1,al,000,0006,0000063,,,,,,,,,,,,,,,,,,,,,,,,,,,,,,,,,,,,,,,,,,,,,,,,,,,,,,,,,,,,,,,,,,,,,,,,,,,,,,,,,,,,,,,,,,,,,,,,,,,,,,,,,,,,,,,,,,,,,,,,,,,,,,,,,,,,,,,,,,,,,,,,,,,,,,
ACSSF,2010m1,al,000,0006,0000064,,,,,,,,,,,,,,,,,,,,,,,,,,,,,,,,,,,,,,,,,,,,,,,,,,,,,,,,,,,,,,,,,,,,,,,,,,,,,,,,,,,,,,,,,,,,,,,,,,,,,,,,,,,,,,,,,,,,,,,,,,,,,,,,,,,,,,,,,,,,,,,,,,,,,,
ACSSF,2010m1,al,000,0006,0000065,,,,,,,,,,,,,,,,,,,,,,,,,,,,,,,,,,,,,,,,,,,,,,,,,,,,,,,,,,,,,,,,,,,,,,,,,,,,,,,,,,,,,,,,,,,,,,,,,,,,,,,,,,,,,,,,,,,,,,,,,,,,,,,,,,,,,,,,,,,,,,,,,,,,,,
ACSSF,2010m1,al,000,0006,0000066,,,,,,,,,,,,,,,,,,,,,,,,,,,,,,,,,,,,,,,,,,,,,,,,,,,,,,,,,,,,,,,,,,,,,,,,,,,,,,,,,,,,,,,,,,,,,,,,,,,,,,,,,,,,,,,,,,,,,,,,,,,,,,,,,,,,,,,,,,,,,,,,,,,,,,
ACSSF,2010m1,al,000,0006,0000067,,,,,,,,,,,,,,,,,,,,,,,,,,,,,,,,,,,,,,,,,,,,,,,,,,,,,,,,,,,,,,,,,,,,,,,,,,,,,,,,,,,,,,,,,,,,,,,,,,,,,,,,,,,,,,,,,,,,,,,,,,,,,,,,,,,,,,,,,,,,,,,,,,,,,,
ACSSF,2010m1,al,000,0006,0000068,,,,,,,,,,,,,,,,,,,,,,,,,,,,,,,,,,,,,,,,,,,,,,,,,,,,,,,,,,,,,,,,,,,,,,,,,,,,,,,,,,,,,,,,,,,,,,,,,,,,,,,,,,,,,,,,,,,,,,,,,,,,,,,,,,,,,,,,,,,,,,,,,,,,,,
ACSSF,2010m1,al,000,0006,0000069,,,,,,,,,,,,,,,,,,,,,,,,,,,,,,,,,,,,,,,,,,,,,,,,,,,,,,,,,,,,,,,,,,,,,,,,,,,,,,,,,,,,,,,,,,,,,,,,,,,,,,,,,,,,,,,,,,,,,,,,,,,,,,,,,,,,,,,,,,,,,,,,,,,,,,
ACSSF,2010m1,al,000,0006,0000070,,,,,,,,,,,,,,,,,,,,,,,,,,,,,,,,,,,,,,,,,,,,,,,,,,,,,,,,,,,,,,,,,,,,,,,,,,,,,,,,,,,,,,,,,,,,,,,,,,,,,,,,,,,,,,,,,,,,,,,,,,,,,,,,,,,,,,,,,,,,,,,,,,,,,,
ACSSF,2010m1,al,000,0006,0000071,,,,,,,,,,,,,,,,,,,,,,,,,,,,,,,,,,,,,,,,,,,,,,,,,,,,,,,,,,,,,,,,,,,,,,,,,,,,,,,,,,,,,,,,,,,,,,,,,,,,,,,,,,,,,,,,,,,,,,,,,,,,,,,,,,,,,,,,,,,,,,,,,,,,,,
ACSSF,2010m1,al,000,0006,0000072,,,,,,,,,,,,,,,,,,,,,,,,,,,,,,,,,,,,,,,,,,,,,,,,,,,,,,,,,,,,,,,,,,,,,,,,,,,,,,,,,,,,,,,,,,,,,,,,,,,,,,,,,,,,,,,,,,,,,,,,,,,,,,,,,,,,,,,,,,,,,,,,,,,,,,
ACSSF,2010m1,al,000,0006,0000073,,,,,,,,,,,,,,,,,,,,,,,,,,,,,,,,,,,,,,,,,,,,,,,,,,,,,,,,,,,,,,,,,,,,,,,,,,,,,,,,,,,,,,,,,,,,,,,,,,,,,,,,,,,,,,,,,,,,,,,,,,,,,,,,,,,,,,,,,,,,,,,,,,,,,,
ACSSF,2010m1,al,000,0006,0000074,,,,,,,,,,,,,,,,,,,,,,,,,,,,,,,,,,,,,,,,,,,,,,,,,,,,,,,,,,,,,,,,,,,,,,,,,,,,,,,,,,,,,,,,,,,,,,,,,,,,,,,,,,,,,,,,,,,,,,,,,,,,,,,,,,,,,,,,,,,,,,,,,,,,,,
ACSSF,2010m1,al,000,0006,0000075,,,,,,,,,,,,,,,,,,,,,,,,,,,,,,,,,,,,,,,,,,,,,,,,,,,,,,,,,,,,,,,,,,,,,,,,,,,,,,,,,,,,,,,,,,,,,,,,,,,,,,,,,,,,,,,,,,,,,,,,,,,,,,,,,,,,,,,,,,,,,,,,,,,,,,
ACSSF,2010m1,al,000,0006,0000076,,,,,,,,,,,,,,,,,,,,,,,,,,,,,,,,,,,,,,,,,,,,,,,,,,,,,,,,,,,,,,,,,,,,,,,,,,,,,,,,,,,,,,,,,,,,,,,,,,,,,,,,,,,,,,,,,,,,,,,,,,,,,,,,,,,,,,,,,,,,,,,,,,,,,,
ACSSF,2010m1,al,000,0006,0000077,,,,,,,,,,,,,,,,,,,,,,,,,,,,,,,,,,,,,,,,,,,,,,,,,,,,,,,,,,,,,,,,,,,,,,,,,,,,,,,,,,,,,,,,,,,,,,,,,,,,,,,,,,,,,,,,,,,,,,,,,,,,,,,,,,,,,,,,,,,,,,,,,,,,,,
ACSSF,2010m1,al,000,0006,0000078,,,,,,,,,,,,,,,,,,,,,,,,,,,,,,,,,,,,,,,,,,,,,,,,,,,,,,,,,,,,,,,,,,,,,,,,,,,,,,,,,,,,,,,,,,,,,,,,,,,,,,,,,,,,,,,,,,,,,,,,,,,,,,,,,,,,,,,,,,,,,,,,,,,,,,
ACSSF,2010m1,al,000,0006,0000079,,,,,,,,,,,,,,,,,,,,,,,,,,,,,,,,,,,,,,,,,,,,,,,,,,,,,,,,,,,,,,,,,,,,,,,,,,,,,,,,,,,,,,,,,,,,,,,,,,,,,,,,,,,,,,,,,,,,,,,,,,,,,,,,,,,,,,,,,,,,,,,,,,,,,,
ACSSF,2010m1,al,000,0006,0000080,,,,,,,,,,,,,,,,,,,,,,,,,,,,,,,,,,,,,,,,,,,,,,,,,,,,,,,,,,,,,,,,,,,,,,,,,,,,,,,,,,,,,,,,,,,,,,,,,,,,,,,,,,,,,,,,,,,,,,,,,,,,,,,,,,,,,,,,,,,,,,,,,,,,,,
ACSSF,2010m1,al,000,0006,0000081,,,,,,,,,,,,,,,,,,,,,,,,,,,,,,,,,,,,,,,,,,,,,,,,,,,,,,,,,,,,,,,,,,,,,,,,,,,,,,,,,,,,,,,,,,,,,,,,,,,,,,,,,,,,,,,,,,,,,,,,,,,,,,,,,,,,,,,,,,,,,,,,,,,,,,
ACSSF,2010m1,al,000,0006,0000082,,,,,,,,,,,,,,,,,,,,,,,,,,,,,,,,,,,,,,,,,,,,,,,,,,,,,,,,,,,,,,,,,,,,,,,,,,,,,,,,,,,,,,,,,,,,,,,,,,,,,,,,,,,,,,,,,,,,,,,,,,,,,,,,,,,,,,,,,,,,,,,,,,,,,,
ACSSF,2010m1,al,000,0006,0000083,,,,,,,,,,,,,,,,,,,,,,,,,,,,,,,,,,,,,,,,,,,,,,,,,,,,,,,,,,,,,,,,,,,,,,,,,,,,,,,,,,,,,,,,,,,,,,,,,,,,,,,,,,,,,,,,,,,,,,,,,,,,,,,,,,,,,,,,,,,,,,,,,,,,,,
ACSSF,2010m1,al,000,0006,0000084,,,,,,,,,,,,,,,,,,,,,,,,,,,,,,,,,,,,,,,,,,,,,,,,,,,,,,,,,,,,,,,,,,,,,,,,,,,,,,,,,,,,,,,,,,,,,,,,,,,,,,,,,,,,,,,,,,,,,,,,,,,,,,,,,,,,,,,,,,,,,,,,,,,,,,
ACSSF,2010m1,al,000,0006,0000085,,,,,,,,,,,,,,,,,,,,,,,,,,,,,,,,,,,,,,,,,,,,,,,,,,,,,,,,,,,,,,,,,,,,,,,,,,,,,,,,,,,,,,,,,,,,,,,,,,,,,,,,,,,,,,,,,,,,,,,,,,,,,,,,,,,,,,,,,,,,,,,,,,,,,,
ACSSF,2010m1,al,000,0006,0000086,,,,,,,,,,,,,,,,,,,,,,,,,,,,,,,,,,,,,,,,,,,,,,,,,,,,,,,,,,,,,,,,,,,,,,,,,,,,,,,,,,,,,,,,,,,,,,,,,,,,,,,,,,,,,,,,,,,,,,,,,,,,,,,,,,,,,,,,,,,,,,,,,,,,,,
ACSSF,2010m1,al,000,0006,0000087,,,,,,,,,,,,,,,,,,,,,,,,,,,,,,,,,,,,,,,,,,,,,,,,,,,,,,,,,,,,,,,,,,,,,,,,,,,,,,,,,,,,,,,,,,,,,,,,,,,,,,,,,,,,,,,,,,,,,,,,,,,,,,,,,,,,,,,,,,,,,,,,,,,,,,
ACSSF,2010m1,al,000,0006,0000088,,,,,,,,,,,,,,,,,,,,,,,,,,,,,,,,,,,,,,,,,,,,,,,,,,,,,,,,,,,,,,,,,,,,,,,,,,,,,,,,,,,,,,,,,,,,,,,,,,,,,,,,,,,,,,,,,,,,,,,,,,,,,,,,,,,,,,,,,,,,,,,,,,,,,,
ACSSF,2010m1,al,000,0006,0000089,,,,,,,,,,,,,,,,,,,,,,,,,,,,,,,,,,,,,,,,,,,,,,,,,,,,,,,,,,,,,,,,,,,,,,,,,,,,,,,,,,,,,,,,,,,,,,,,,,,,,,,,,,,,,,,,,,,,,,,,,,,,,,,,,,,,,,,,,,,,,,,,,,,,,,
ACSSF,2010m1,al,000,0006,0000090,,,,,,,,,,,,,,,,,,,,,,,,,,,,,,,,,,,,,,,,,,,,,,,,,,,,,,,,,,,,,,,,,,,,,,,,,,,,,,,,,,,,,,,,,,,,,,,,,,,,,,,,,,,,,,,,,,,,,,,,,,,,,,,,,,,,,,,,,,,,,,,,,,,,,,
ACSSF,2010m1,al,000,0006,0000091,,,,,,,,,,,,,,,,,,,,,,,,,,,,,,,,,,,,,,,,,,,,,,,,,,,,,,,,,,,,,,,,,,,,,,,,,,,,,,,,,,,,,,,,,,,,,,,,,,,,,,,,,,,,,,,,,,,,,,,,,,,,,,,,,,,,,,,,,,,,,,,,,,,,,,
ACSSF,2010m1,al,000,0006,0000092,,,,,,,,,,,,,,,,,,,,,,,,,,,,,,,,,,,,,,,,,,,,,,,,,,,,,,,,,,,,,,,,,,,,,,,,,,,,,,,,,,,,,,,,,,,,,,,,,,,,,,,,,,,,,,,,,,,,,,,,,,,,,,,,,,,,,,,,,,,,,,,,,,,,,,
ACSSF,2010m1,al,000,0006,0000093,,,,,,,,,,,,,,,,,,,,,,,,,,,,,,,,,,,,,,,,,,,,,,,,,,,,,,,,,,,,,,,,,,,,,,,,,,,,,,,,,,,,,,,,,,,,,,,,,,,,,,,,,,,,,,,,,,,,,,,,,,,,,,,,,,,,,,,,,,,,,,,,,,,,,,
ACSSF,2010m1,al,000,0006,0000094,,,,,,,,,,,,,,,,,,,,,,,,,,,,,,,,,,,,,,,,,,,,,,,,,,,,,,,,,,,,,,,,,,,,,,,,,,,,,,,,,,,,,,,,,,,,,,,,,,,,,,,,,,,,,,,,,,,,,,,,,,,,,,,,,,,,,,,,,,,,,,,,,,,,,,
ACSSF,2010m1,al,000,0006,0000095,,,,,,,,,,,,,,,,,,,,,,,,,,,,,,,,,,,,,,,,,,,,,,,,,,,,,,,,,,,,,,,,,,,,,,,,,,,,,,,,,,,,,,,,,,,,,,,,,,,,,,,,,,,,,,,,,,,,,,,,,,,,,,,,,,,,,,,,,,,,,,,,,,,,,,
ACSSF,2010m1,al,000,0006,0000096,,,,,,,,,,,,,,,,,,,,,,,,,,,,,,,,,,,,,,,,,,,,,,,,,,,,,,,,,,,,,,,,,,,,,,,,,,,,,,,,,,,,,,,,,,,,,,,,,,,,,,,,,,,,,,,,,,,,,,,,,,,,,,,,,,,,,,,,,,,,,,,,,,,,,,
ACSSF,2010m1,al,000,0006,0000097,,,,,,,,,,,,,,,,,,,,,,,,,,,,,,,,,,,,,,,,,,,,,,,,,,,,,,,,,,,,,,,,,,,,,,,,,,,,,,,,,,,,,,,,,,,,,,,,,,,,,,,,,,,,,,,,,,,,,,,,,,,,,,,,,,,,,,,,,,,,,,,,,,,,,,
ACSSF,2010m1,al,000,0006,0000098,,,,,,,,,,,,,,,,,,,,,,,,,,,,,,,,,,,,,,,,,,,,,,,,,,,,,,,,,,,,,,,,,,,,,,,,,,,,,,,,,,,,,,,,,,,,,,,,,,,,,,,,,,,,,,,,,,,,,,,,,,,,,,,,,,,,,,,,,,,,,,,,,,,,,,
