ACSSF,2010m1,al,000,0032,0000001,3716,28575,27717,21537,27000,23808,16614,9910,14229,9577,5135,8482,8735,4337,7502,2230,1703,1842,,,,,,,,,,,,,,,,,,,,,,,,,,,,,,,,,,,,,,,,,,,,,,,,,,,,,,,,,,,,,4505,17553,16879,15385,12772,13466,8407,5871,6293,3840,2417,3569,2584,2034,3115,11411,10433,8215,4418,6992,4173,1175,3923,6438,4413,4440,1042,912,4416,7655,7380,2803,1665,2270,2851,832,2519,5415,484,3716,21708,21359,11872,11663,1189,19710,13234,12557,9756,8781,2980,3180,7041,2842,2247,265,160,2241,4505,17553,16879,15385,12772,13466,8407,5871,6293,3840,2584,2034,3115,11411,10433,8215,4418,6992,4173,6438,4413,4440,1042,912,4416,7655,7380,2803,1665,2270,2851,5415,484,3716,21708,21359,11872,19710,13234,12557,9756,8781,2247,265,2278
ACSSF,2010m1,al,000,0032,0000002,21963,26892,23744,24358,24897,20599,12681,6083,12066,6769,3520,5658,6649,2422,5885,1612,795,1518,,,,,,,,,,,,,,,,,,,,,,,,,,,,,,,,,,,,,,,,,,,,,,,,,,,,,,,,,,,,,16969,17659,13426,12076,11017,9725,6858,4749,5014,2777,1336,2595,1756,1523,11951,12410,6421,4787,3363,3673,3358,876,3193,3306,2344,2168,878,584,,,,,,,,,,,,21698,23692,14394,11687,11714,890,12151,8990,8476,6414,6689,3003,2550,4558,2011,1639,87,171,1607,16969,17659,13426,12076,11017,9725,6858,4749,5014,2777,1756,1523,11951,12410,6421,4787,3363,3673,3358,3306,2344,2168,878,584,,,,,,,,,,21698,23692,14394,11687,12151,8990,8476,6414,6689,1639,87,1639
ACSSF,2010m1,al,000,0032,0000003,22247,23933,16751,23602,24225,13924,11691,8939,7359,6767,4084,5685,6114,3718,5117,1591,1494,1021,,,,,,,,,,,,,,,,,,,,,,,,,,,,,,,,,,,,,,,,,,,,,,,,,,,,,,,,,,,,,17652,18786,10649,7997,4219,7624,4688,2777,3904,2764,1782,2391,1841,1400,11879,12039,9200,7817,3358,6669,2054,796,1890,4967,3274,3353,657,659,7042,9138,6801,2684,1606,2166,2827,830,2497,4795,469,21944,23240,16904,5121,5113,745,16356,10487,10305,7531,6153,786,2384,5098,2164,1577,248,104,1600,17652,18786,10649,7997,4219,7624,4688,2777,3904,2764,1841,1400,11879,12039,9200,7817,3358,6669,2054,4967,3274,3353,657,659,7042,9138,6801,2684,1606,2166,2827,4795,469,21944,23240,16904,5121,16356,10487,10305,7531,6153,1577,248,1608
ACSSF,2010m1,al,000,0032,0000004,6564,27057,26909,20617,26316,23633,15855,9109,14188,10413,5030,8539,8943,4261,7427,2174,1642,1834,,,,,,,,,,,,,,,,,,,,,,,,,,,,,,,,,,,,,,,,,,,,,,,,,,,,,,,,,,,,,4505,17553,16879,15385,12772,13466,8407,5871,6293,3840,2417,3569,2584,2034,3115,11411,10433,8215,4418,6992,4173,1175,3923,6438,4413,4440,1042,912,,,,,,,,,,,,5465,20590,19563,11693,11440,1189,18375,12116,12879,10146,9072,2980,3274,7233,2617,2239,87,160,2192,4505,17553,16879,15385,12772,13466,8407,5871,6293,3840,2584,2034,3115,11411,10433,8215,4418,6992,4173,6438,4413,4440,1042,912,,,,,,,,,,5465,20590,19563,11693,18375,12116,12879,10146,9072,2239,87,2233
ACSSF,2010m1,al,000,0032,0000005,7051,22718,22041,17868,22395,21135,14114,7250,12947,8692,4811,6611,7349,3434,6041,2071,1566,1815,,,,,,,,,,,,,,,,,,,,,,,,,,,,,,,,,,,,,,,,,,,,,,,,,,,,,,,,,,,,,4505,17553,16879,15385,12772,13466,8407,5871,6293,3840,2417,3569,2584,2034,,,,,,,,,,,,,,,,,,,,,,,,,,4505,17553,16879,11532,11283,1186,15215,10048,11018,8237,7317,2822,2312,5913,2223,2034,87,104,2016,4505,17553,16879,15385,12772,13466,8407,5871,6293,3840,2584,2034,,,,,,,,,,,,,,,,,,,,,,4505,17553,16879,11532,15215,10048,11018,8237,7317,2034,87,2022
ACSSF,2010m1,al,000,0032,0000006,7988,15581,15968,13932,14731,16308,11535,4682,10218,4284,1994,3843,4720,2337,3856,1525,597,1526,,,,,,,,,,,,,,,,,,,,,,,,,,,,,,,,,,,,,,,,,,,,,,,,,,,,,,,,,,,,,6688,13824,12061,11655,10898,4354,5889,4381,4045,2138,991,2097,1308,1605,,,,,,,,,,,,,,,,,,,,,,,,,,6688,13824,12061,10356,10237,865,7173,5099,5898,3904,5042,2627,1853,3378,1151,1605,87,273,1599,6688,13824,12061,11655,10898,4354,5889,4381,4045,2138,1308,1605,,,,,,,,,,,,,,,,,,,,,,6688,13824,12061,10356,7173,5099,5898,3904,5042,1605,87,1599
ACSSF,2010m1,al,000,0032,0000007,9151,16469,15518,18097,17849,13734,10752,6553,9587,6911,3859,5018,5476,2873,4436,1502,1415,1022,,,,,,,,,,,,,,,,,,,,,,,,,,,,,,,,,,,,,,,,,,,,,,,,,,,,,,,,,,,,,8245,17864,14870,12543,6359,11990,6220,3764,4976,3595,2155,2969,2187,1502,,,,,,,,,,,,,,,,,,,,,,,,,,8245,17864,14870,5253,5210,755,13400,8735,9372,6980,5831,761,1493,5309,2140,1502,273,104,1485,8245,17864,14870,12543,6359,11990,6220,3764,4976,3595,2187,1502,,,,,,,,,,,,,,,,,,,,,,8245,17864,14870,5253,13400,8735,9372,6980,5831,1502,273,1502
ACSSF,2010m1,al,000,0032,0000008,4596,13197,12794,11259,12225,10045,7961,5304,6832,5547,2405,4756,4312,2191,3669,868,740,412,,,,,,,,,,,,,,,,,,,,,,,,,,,,,,,,,,,,,,,,,,,,,,,,,,,,,,,,,,,,,,,,,,,,,,,,,,,3115,11411,10433,8215,4418,6992,4173,1175,3923,6438,4413,4440,1042,912,,,,,,,,,,,,3115,11411,10433,4372,4375,145,9731,6313,7591,5891,4547,979,2134,3479,1400,912,273,171,887,,,,,,,,,,,,,3115,11411,10433,8215,4418,6992,4173,6438,4413,4440,1042,912,,,,,,,,,,3115,11411,10433,4372,9731,6313,7591,5891,4547,912,273,912
ACSSF,2010m1,al,000,0032,0000009,10346,10512,7381,11160,9353,6390,4330,2494,3437,3180,1394,2667,2822,1137,2601,440,365,225,,,,,,,,,,,,,,,,,,,,,,,,,,,,,,,,,,,,,,,,,,,,,,,,,,,,,,,,,,,,,,,,,,,,,,,,,,,10086,11352,5717,4074,3339,2723,2767,912,2555,3592,2861,2120,711,498,,,,,,,,,,,,10086,11352,5717,3367,3367,273,5645,2781,5040,3356,3169,925,1729,1476,1146,498,273,171,464,,,,,,,,,,,,,10086,11352,5717,4074,3339,2723,2767,3592,2861,2120,711,498,,,,,,,,,,10086,11352,5717,3367,5645,2781,5040,3356,3169,498,273,498
ACSSF,2010m1,al,000,0032,0000010,10513,11771,10845,11167,10695,8869,8227,5178,6556,3726,1719,3355,3377,1771,2862,699,615,335,,,,,,,,,,,,,,,,,,,,,,,,,,,,,,,,,,,,,,,,,,,,,,,,,,,,,,,,,,,,,,,,,,,,,,,,,,,9962,10953,8946,8334,3028,7127,2395,759,2238,5194,3439,3663,780,699,,,,,,,,,,,,9962,10953,8946,3376,3385,145,7974,6746,5380,4046,3443,275,1226,3062,824,699,273,273,699,,,,,,,,,,,,,9962,10953,8946,8334,3028,7127,2395,5194,3439,3663,780,699,,,,,,,,,,9962,10953,8946,3376,7974,6746,5380,4046,3443,699,273,699
ACSSF,2010m1,al,000,0032,0000011,6041,9747,9356,8487,9590,7877,4678,2665,3873,3302,2687,2355,2370,839,2367,408,389,114,,,,,,,,,,,,,,,,,,,,,,,,,,,,,,,,,,,,,,,,,,,,,,,,,,,,,,,,,,,,,,,,,,,,,,,,,,,,,,,,,,,,,,,,,4416,7655,7380,2803,1665,2270,2851,832,2519,5415,484,4416,7655,7380,2897,2897,273,6649,4011,4704,3646,2550,47,548,2207,1203,484,248,273,408,,,,,,,,,,,,,,,,,,,,,,,,,4416,7655,7380,2803,1665,2270,2851,5415,484,4416,7655,7380,2897,6649,4011,4704,3646,2550,484,248,408
ACSSF,2010m1,al,000,0032,0000012,6285,16299,15664,14353,14924,13189,9314,5939,8025,6008,3577,4926,4668,2273,4027,978,839,442,,,,,,,,,,,,,,,,,,,,,,,,,,,,,,,,,,,,,,,,,,,,,,,,,,,,,,,,,,,,,,,,,,,,,,,,,,,3115,11411,10433,8215,4418,6992,4173,1175,3923,6438,4413,4440,1042,912,4416,7655,7380,2803,1665,2270,2851,832,2519,5415,484,3683,13937,13298,5143,5146,145,11587,7778,8376,6246,5052,983,2031,4298,1669,1022,248,171,1000,,,,,,,,,,,,,3115,11411,10433,8215,4418,6992,4173,6438,4413,4440,1042,912,4416,7655,7380,2803,1665,2270,2851,5415,484,3683,13937,13298,5143,11587,7778,8376,6246,5052,1022,248,1014
ACSSF,2010m1,al,000,0032,0000013,1746,6175,5956,4510,5317,4517,4104,2223,3701,2397,1258,1993,2800,1328,2604,656,632,157,,,,,,,,,,,,,,,,,,,,,,,,,,,,,,,,,,,,,,,,,,,,,,,,,,,,,,,,,,,,,,,,,,,,,,,,,,,986,4524,4521,4189,2806,3868,1386,425,1310,3274,2740,2673,760,656,,,,,,,,,,,,986,4524,4521,2476,2476,273,4239,3373,3195,2370,2803,712,1853,2631,422,656,273,273,656,,,,,,,,,,,,,986,4524,4521,4189,2806,3868,1386,3274,2740,2673,760,656,,,,,,,,,,986,4524,4521,2476,4239,3373,3195,2370,2803,656,273,656
ACSSF,2010m1,al,000,0032,0000014,2530,4543,4676,3914,4054,4335,2899,1424,2730,2051,1265,1662,878,201,883,251,273,251,,,,,,,,,,,,,,,,,,,,,,,,,,,,,,,,,,,,,,,,,,,,,,,,,,,,,,,,,,,,,559,3765,3811,3004,2294,1568,2245,351,2219,1442,567,1153,855,251,,,,,,,,,,,,,,,,,,,,,,,,,,559,3765,3811,1436,1436,273,3789,2760,3141,2169,1633,137,594,1361,273,251,273,273,251,559,3765,3811,3004,2294,1568,2245,351,2219,1442,855,251,,,,,,,,,,,,,,,,,,,,,,559,3765,3811,1436,3789,2760,3141,2169,1633,251,273,251
ACSSF,2010m1,al,000,0032,0000015,1173,3595,3445,2968,3524,2261,2728,1413,2558,1219,259,1186,347,253,236,99,273,99,,,,,,,,,,,,,,,,,,,,,,,,,,,,,,,,,,,,,,,,,,,,,,,,,,,,,,,,,,,,,,,,,,,,,,,,,,,488,2870,2897,2697,1596,2158,112,273,112,1276,258,1206,223,99,,,,,,,,,,,,,,,,,,,,,,,,,,,,,,,,,,,,,,,,,,,488,2870,2897,2697,1596,2158,112,1276,258,1206,223,99,,,,,,,,,,488,2870,2897,1191,2706,2439,1287,1224,359,99,273,99
ACSSF,2010m1,al,000,0032,0000016,704,2883,2834,3102,3424,2484,2652,2112,1699,1033,657,563,794,401,688,96,96,273,,,,,,,,,,,,,,,,,,,,,,,,,,,,,,,,,,,,,,,,,,,,,,,,,,,,,,,,,,,,,,,,,,,,,,,,,,,285,3051,3005,2652,799,2655,517,128,499,930,631,634,522,96,,,,,,,,,,,,,,,,,,,,,,,,,,,,,,,,,,,,,,,,,,,285,3051,3005,2652,799,2655,517,930,631,634,522,96,,,,,,,,,,285,3051,3005,916,2774,2426,1333,1036,797,96,273,96
ACSSF,2010m1,al,000,0032,0000017,3226,3642,3158,3444,3656,2688,1536,1005,1465,1212,910,1044,1146,227,1109,249,273,249,,,,,,,,,,,,,,,,,,,,,,,,,,,,,,,,,,,,,,,,,,,,,,,,,,,,,,,,,,,,,266,2556,2542,2070,1046,1702,1438,793,1083,623,229,481,391,249,,,,,,,,,,,,,,,,,,,,,,,,,,,,,,,,,,,,,,,,,,,,,266,2556,2542,2070,1046,1702,1438,793,1083,623,391,249,,,,,,,,,,,,,,,,,,,,,,266,2556,2542,789,2483,1441,2003,1854,1149,249,273,249
ACSSF,2010m1,al,000,0032,0000018,1221,3571,3510,3709,4117,2716,3490,2124,2380,1830,1227,1324,527,473,265,273,273,273,,,,,,,,,,,,,,,,,,,,,,,,,,,,,,,,,,,,,,,,,,,,,,,,,,,,,,,,,,,,,743,3752,3796,3465,1494,3302,1529,522,1432,1018,382,973,514,273,,,,,,,,,,,,,,,,,,,,,,,,,,,,,,,,,,,,,,,,,,,,,743,3752,3796,3465,1494,3302,1529,522,1432,1018,514,273,,,,,,,,,,,,,,,,,,,,,,743,3752,3796,2631,3010,2208,1935,1815,527,273,273,273
ACSSF,2010m1,al,000,0032,0000019,1254,2370,2468,2260,2410,2393,1462,666,1375,787,454,755,1303,428,1170,222,122,189,,,,,,,,,,,,,,,,,,,,,,,,,,,,,,,,,,,,,,,,,,,,,,,,,,,,,,,,,,,,,328,2173,2169,1688,1241,1104,1122,589,886,689,357,534,579,222,,,,,,,,,,,,,,,,,,,,,,,,,,328,2173,2169,1165,1165,273,1895,837,1564,992,1322,77,213,1328,107,222,87,273,208,328,2173,2169,1688,1241,1104,1122,589,886,689,579,222,,,,,,,,,,,,,,,,,,,,,,328,2173,2169,1165,1895,837,1564,992,1322,222,87,208
ACSSF,2010m1,al,000,0032,0000020,3698,11279,10676,8742,11154,10238,7820,3976,7287,3472,1905,2656,3634,1558,3508,645,342,573,,,,,,,,,,,,,,,,,,,,,,,,,,,,,,,,,,,,,,,,,,,,,,,,,,,,,,,,,,,,,1506,9011,8757,8359,6428,6327,3984,3328,1958,1599,1177,1118,853,732,,,,,,,,,,,,,,,,,,,,,,,,,,1506,9011,8757,6285,6234,368,7926,5723,4787,3429,3647,2606,1170,1804,919,732,273,273,732,1506,9011,8757,8359,6428,6327,3984,3328,1958,1599,853,732,,,,,,,,,,,,,,,,,,,,,,1506,9011,8757,6285,7926,5723,4787,3429,3647,732,273,732
ACSSF,2010m1,al,000,0032,0000021,2160,3871,4272,3901,4274,3143,2687,1570,2361,1721,676,1635,1558,1397,789,146,146,273,,,,,,,,,,,,,,,,,,,,,,,,,,,,,,,,,,,,,,,,,,,,,,,,,,,,,,,,,,,,,466,3717,3734,2708,2334,1484,2127,891,1959,1201,317,1244,257,146,,,,,,,,,,,,,,,,,,,,,,,,,,,,,,,,,,,,,,,,,,,,,466,3717,3734,2708,2334,1484,2127,891,1959,1201,257,146,,,,,,,,,,,,,,,,,,,,,,466,3717,3734,1115,3715,2579,2357,1692,1555,146,273,146
ACSSF,2010m1,al,000,0032,0000022,1802,4723,4825,3471,4201,4190,2642,1606,2306,2353,1304,1849,2723,1022,2602,459,78,450,,,,,,,,,,,,,,,,,,,,,,,,,,,,,,,,,,,,,,,,,,,,,,,,,,,,,,,,,,,,,471,3526,3534,2753,2418,1429,3320,1989,2355,1090,333,1036,493,459,,,,,,,,,,,,,,,,,,,,,,,,,,471,3526,3534,1681,1681,273,3474,2198,3583,2445,2718,308,440,2573,453,459,273,273,459,471,3526,3534,2753,2418,1429,3320,1989,2355,1090,493,459,,,,,,,,,,,,,,,,,,,,,,471,3526,3534,1681,3474,2198,3583,2445,2718,459,273,459
ACSSF,2010m1,al,000,0032,0000023,1197,3687,3461,3006,3675,2475,1332,908,1257,1722,872,1454,997,813,516,513,383,456,,,,,,,,,,,,,,,,,,,,,,,,,,,,,,,,,,,,,,,,,,,,,,,,,,,,,,,,,,,,,518,2825,2684,2290,1101,1624,1138,577,815,486,273,486,103,513,,,,,,,,,,,,,,,,,,,,,,,,,,518,2825,2684,921,616,702,2520,1191,1984,1594,1004,194,286,923,222,513,273,273,513,518,2825,2684,2290,1101,1624,1138,577,815,486,103,513,,,,,,,,,,,,,,,,,,,,,,518,2825,2684,921,2520,1191,1984,1594,1004,513,273,513
ACSSF,2010m1,al,000,0032,0000024,2445,5983,6168,5221,6378,5586,4625,2807,3678,1726,910,1392,1524,940,1068,860,271,817,,,,,,,,,,,,,,,,,,,,,,,,,,,,,,,,,,,,,,,,,,,,,,,,,,,,,,,,,,,,,1077,5419,5322,4884,3854,2761,2187,1692,1238,866,555,547,549,865,,,,,,,,,,,,,,,,,,,,,,,,,,1077,5419,5322,3965,3812,763,3798,2779,2628,1561,2095,351,620,1360,671,865,273,273,865,1077,5419,5322,4884,3854,2761,2187,1692,1238,866,549,865,,,,,,,,,,,,,,,,,,,,,,1077,5419,5322,3965,3798,2779,2628,1561,2095,865,273,865
ACSSF,2010m1,al,000,0032,0000025,1209,3876,3677,4616,4114,3993,3422,2795,2728,2737,762,2618,679,286,609,76,273,76,,,,,,,,,,,,,,,,,,,,,,,,,,,,,,,,,,,,,,,,,,,,,,,,,,,,,,,,,,,,,,,,,,,,,,,,,,,626,4518,4254,3406,1650,2952,2581,188,2573,1626,166,1608,209,76,,,,,,,,,,,,,,,,,,,,,,,,,,,,,,,,,,,,,,,,,,,626,4518,4254,3406,1650,2952,2581,1626,166,1608,209,76,,,,,,,,,,626,4518,4254,1642,3989,2925,2803,2746,679,76,273,76
ACSSF,2010m1,al,000,0032,0000026,3015,8741,8758,6830,8200,8609,5777,2895,5095,1530,1084,913,2146,849,1912,1101,1051,350,,,,,,,,,,,,,,,,,,,,,,,,,,,,,,,,,,,,,,,,,,,,,,,,,,,,,,,,,,,,,1406,6529,6567,6113,4090,4706,2095,1312,1388,1461,1285,735,903,1051,,,,,,,,,,,,,,,,,,,,,,,,,,1406,6529,6567,3694,3694,273,5609,5279,2750,1641,2180,338,1149,1633,615,1051,273,273,1051,1406,6529,6567,6113,4090,4706,2095,1312,1388,1461,903,1051,,,,,,,,,,,,,,,,,,,,,,1406,6529,6567,3694,5609,5279,2750,1641,2180,1051,273,1051
ACSSF,2010m1,al,000,0032,0000027,2662,5534,5843,5214,5613,5912,4524,2698,3802,1742,971,1535,1948,769,1979,1026,445,935,,,,,,,,,,,,,,,,,,,,,,,,,,,,,,,,,,,,,,,,,,,,,,,,,,,,,,,,,,,,,774,4761,4595,4327,4396,1517,2122,1525,1792,833,604,623,638,1026,,,,,,,,,,,,,,,,,,,,,,,,,,774,4761,4595,4473,4473,273,2813,1352,2728,2160,2021,205,373,2022,860,1026,273,273,1026,774,4761,4595,4327,4396,1517,2122,1525,1792,833,638,1026,,,,,,,,,,,,,,,,,,,,,,774,4761,4595,4473,2813,1352,2728,2160,2021,1026,273,1026
ACSSF,2010m1,al,000,0032,0000028,1875,4541,4328,3388,4531,3993,2567,1911,1642,1267,941,797,690,441,516,273,273,273,,,,,,,,,,,,,,,,,,,,,,,,,,,,,,,,,,,,,,,,,,,,,,,,,,,,,,,,,,,,,492,3180,3213,2764,1873,1546,1318,698,968,778,395,658,106,273,,,,,,,,,,,,,,,,,,,,,,,,,,,,,,,,,,,,,,,,,,,,,492,3180,3213,2764,1873,1546,1318,698,968,778,106,273,,,,,,,,,,,,,,,,,,,,,,492,3180,3213,1805,2303,1435,1597,1457,690,273,273,273
ACSSF,2010m1,al,000,0032,0000029,1146,3766,3710,3436,4175,2934,2927,1773,2159,1266,743,1036,1019,906,722,276,276,273,,,,,,,,,,,,,,,,,,,,,,,,,,,,,,,,,,,,,,,,,,,,,,,,,,,,,,,,,,,,,,,,,,,,,,,,,,,,,,,,,,,,,,,,,,,,,,,,,,,,,,,,,,,,,,,,,,,,,,,,,,,,,,,,,,,,,,,,,,,,,,,,,,,,,,,,367,3321,3349,794,3275,2772,1734,1261,1019,276,273,276
ACSSF,2010m1,al,000,0032,0000030,1554,5038,4716,3864,4918,3490,2442,1315,2601,2852,1881,2137,1367,947,982,530,273,530,,,,,,,,,,,,,,,,,,,,,,,,,,,,,,,,,,,,,,,,,,,,,,,,,,,,,,,,,,,,,639,3567,3446,3308,2006,3136,1203,791,932,1559,518,1495,300,530,,,,,,,,,,,,,,,,,,,,,,,,,,,,,,,,,,,,,,,,,,,,,639,3567,3446,3308,2006,3136,1203,791,932,1559,300,530,,,,,,,,,,,,,,,,,,,,,,639,3567,3446,1541,3381,2225,3006,2800,1367,530,273,530
ACSSF,2010m1,al,000,0032,0000031,2022,5112,4544,3678,5158,4243,1585,893,1492,2052,558,1933,1336,605,1130,218,218,273,,,,,,,,,,,,,,,,,,,,,,,,,,,,,,,,,,,,,,,,,,,,,,,,,,,,,,,,,,,,,,,,,,,,,,,,,,,642,3328,3255,1607,1418,671,1315,126,1268,2525,1528,1543,155,247,,,,,,,,,,,,,,,,,,,,,,,,,,,,,,,,,,,,,,,,,,,642,3328,3255,1607,1418,671,1315,2525,1528,1543,155,247,,,,,,,,,,642,3328,3255,1437,3045,782,2757,2239,1453,247,273,247
ACSSF,2010m1,al,000,0032,0000032,2997,6307,6110,5980,6530,5378,4315,2095,3664,2659,635,2595,1216,904,1069,350,25,348,,,,,,,,,,,,,,,,,,,,,,,,,,,,,,,,,,,,,,,,,,,,,,,,,,,,,,,,,,,,,897,5552,5538,4795,4008,2619,2406,1340,1928,1101,48,1101,125,412,,,,,,,,,,,,,,,,,,,,,,,,,,897,5552,5538,4010,4010,273,3679,2229,3072,2704,1347,121,350,944,893,412,273,273,412,897,5552,5538,4795,4008,2619,2406,1340,1928,1101,125,412,,,,,,,,,,,,,,,,,,,,,,897,5552,5538,4010,3679,2229,3072,2704,1347,412,273,412
ACSSF,2010m1,al,000,0032,0000033,700,3625,3475,2958,3350,2883,2043,1325,1714,1586,202,1585,659,405,508,273,273,273,,,,,,,,,,,,,,,,,,,,,,,,,,,,,,,,,,,,,,,,,,,,,,,,,,,,,,,,,,,,,,,,,,,,,,,,,,,,,,,,,,,,,,,,,,,,,,,,,,,,,,,,,,,,,,,,,,,,,,,,,,,,,,,,,,,,,,,,,,,,,,,,,,,,,,,,295,2727,2765,673,2853,2140,1669,1586,659,273,273,273
ACSSF,2010m1,al,000,0032,0000034,3103,6791,6528,5369,6098,6053,5612,2172,5126,1518,1094,1146,3188,940,3031,233,113,193,,,,,,,,,,,,,,,,,,,,,,,,,,,,,,,,,,,,,,,,,,,,,,,,,,,,,,,,,,,,,938,5378,5435,5602,5373,2491,3128,2910,1209,1193,241,1050,714,471,,,,,,,,,,,,,,,,,,,,,,,,,,938,5378,5435,5337,5345,96,4019,2675,3363,1781,3185,2583,1061,1339,268,471,273,273,471,938,5378,5435,5602,5373,2491,3128,2910,1209,1193,714,471,,,,,,,,,,,,,,,,,,,,,,938,5378,5435,5337,4019,2675,3363,1781,3185,471,273,471
ACSSF,2010m1,al,000,0032,0000035,1548,1848,1528,2012,1901,1731,1269,584,1182,647,435,557,984,333,915,91,27,90,,,,,,,,,,,,,,,,,,,,,,,,,,,,,,,,,,,,,,,,,,,,,,,,,,,,,,,,,,,,,246,1710,1731,1369,1179,769,929,349,826,683,355,532,543,91,,,,,,,,,,,,,,,,,,,,,,,,,,,,,,,,,,,,,,,,,,,,,246,1710,1731,1369,1179,769,929,349,826,683,543,91,,,,,,,,,,,,,,,,,,,,,,804,1858,1747,1179,1460,526,1267,880,1008,91,87,35
ACSSF,2010m1,al,000,0032,0000036,3210,4415,3752,4713,4764,3828,2025,1153,1931,2310,1080,2037,760,504,623,478,136,455,,,,,,,,,,,,,,,,,,,,,,,,,,,,,,,,,,,,,,,,,,,,,,,,,,,,,,,,,,,,,3072,4696,3191,2844,1879,2161,1389,1349,618,365,273,365,273,478,,,,,,,,,,,,,,,,,,,,,,,,,,,,,,,,,,,,,,,,,,,,,3072,4696,3191,2844,1879,2161,1389,1349,618,365,273,478,,,,,,,,,,,,,,,,,,,,,,3072,4696,3191,1674,2993,1266,2322,2294,735,478,273,478
ACSSF,2010m1,al,000,0032,0000037,2261,5535,5372,5022,5654,5171,4088,2585,3244,1451,685,1244,1104,671,881,667,171,651,,,,,,,,,,,,,,,,,,,,,,,,,,,,,,,,,,,,,,,,,,,,,,,,,,,,,,,,,,,,,1386,5183,4923,4450,3798,2037,1636,1488,752,667,409,495,390,667,,,,,,,,,,,,,,,,,,,,,,,,,,1386,5183,4923,3798,3636,763,2892,2037,1839,1357,1202,181,541,939,359,667,273,273,667,1386,5183,4923,4450,3798,2037,1636,1488,752,667,390,667,,,,,,,,,,,,,,,,,,,,,,1386,5183,4923,3798,2892,2037,1839,1357,1202,667,273,667
ACSSF,2010m1,al,000,0032,0000038,2755,6065,6230,4287,6035,6305,3661,1123,3672,753,476,510,1284,427,1138,422,208,347,,,,,,,,,,,,,,,,,,,,,,,,,,,,,,,,,,,,,,,,,,,,,,,,,,,,,,,,,,,,,735,4189,4118,3810,3608,1009,1388,893,1049,632,512,326,271,424,,,,,,,,,,,,,,,,,,,,,,,,,,735,4189,4118,3608,3608,273,1886,1009,1650,969,1335,273,447,1220,223,424,273,273,424,735,4189,4118,3810,3608,1009,1388,893,1049,632,271,424,,,,,,,,,,,,,,,,,,,,,,735,4189,4118,3608,1886,1009,1650,969,1335,424,273,424
ACSSF,2010m1,al,000,0032,0000039,4657,6188,5971,5973,6174,6009,4545,2681,3820,1672,830,1518,1637,742,1525,1032,413,935,,,,,,,,,,,,,,,,,,,,,,,,,,,,,,,,,,,,,,,,,,,,,,,,,,,,,,,,,,,,,4163,5644,4808,4403,4473,1481,1893,1465,1285,666,436,532,574,1032,,,,,,,,,,,,,,,,,,,,,,,,,,4163,5644,4808,4473,4473,273,2437,1260,2300,1742,1740,205,373,1534,827,1032,273,273,1032,4163,5644,4808,4403,4473,1481,1893,1465,1285,666,574,1032,,,,,,,,,,,,,,,,,,,,,,4163,5644,4808,4473,2437,1260,2300,1742,1740,1032,273,1032
ACSSF,2010m1,al,000,0032,0000040,2981,4485,4556,4489,4524,3807,3343,1244,3114,1878,477,1827,654,245,605,348,273,348,,,,,,,,,,,,,,,,,,,,,,,,,,,,,,,,,,,,,,,,,,,,,,,,,,,,,,,,,,,,,767,4062,4082,3746,3492,1355,2054,863,1589,428,48,434,273,411,,,,,,,,,,,,,,,,,,,,,,,,,,,,,,,,,,,,,,,,,,,,,767,4062,4082,3746,3492,1355,2054,863,1589,428,273,411,,,,,,,,,,,,,,,,,,,,,,767,4062,4082,3492,2486,1355,2174,1908,894,411,273,411
ACSSF,2010m1,al,000,0032,0000041,3103,6791,6528,5369,6098,6053,5612,2172,5126,1518,1094,1146,3188,940,3031,233,113,193,,,,,,,,,,,,,,,,,,,,,,,,,,,,,,,,,,,,,,,,,,,,,,,,,,,,,,,,,,,,,938,5378,5435,5602,5373,2491,3128,2910,1209,1193,241,1050,714,471,,,,,,,,,,,,,,,,,,,,,,,,,,938,5378,5435,5337,5345,96,4019,2675,3363,1781,3185,2583,1061,1339,268,471,273,273,471,938,5378,5435,5602,5373,2491,3128,2910,1209,1193,714,471,,,,,,,,,,,,,,,,,,,,,,938,5378,5435,5337,4019,2675,3363,1781,3185,471,273,471
ACSSF,2010m1,al,000,0032,0000042,3210,4415,3752,4713,4764,3828,2025,1153,1931,2310,1080,2037,760,504,623,478,136,455,,,,,,,,,,,,,,,,,,,,,,,,,,,,,,,,,,,,,,,,,,,,,,,,,,,,,,,,,,,,,3072,4696,3191,2844,1879,2161,1389,1349,618,365,273,365,273,478,,,,,,,,,,,,,,,,,,,,,,,,,,,,,,,,,,,,,,,,,,,,,3072,4696,3191,2844,1879,2161,1389,1349,618,365,273,478,,,,,,,,,,,,,,,,,,,,,,3072,4696,3191,1674,2993,1266,2322,2294,735,478,273,478
ACSSF,2010m1,al,000,0032,0000043,1248,1635,1528,1863,1740,1731,1259,560,1182,647,435,557,984,333,915,91,27,90,,,,,,,,,,,,,,,,,,,,,,,,,,,,,,,,,,,,,,,,,,,,,,,,,,,,,,,,,,,,,246,1710,1731,1369,1179,769,929,349,826,683,355,532,543,91,,,,,,,,,,,,,,,,,,,,,,,,,,,,,,,,,,,,,,,,,,,,,246,1710,1731,1369,1179,769,929,349,826,683,543,91,,,,,,,,,,,,,,,,,,,,,,246,1710,1731,1179,1437,499,1267,880,1008,91,87,35
ACSSF,2010m1,al,000,0032,0000044,2261,5535,5372,5022,5654,5171,4088,2585,3244,1451,685,1244,1104,671,881,667,171,651,,,,,,,,,,,,,,,,,,,,,,,,,,,,,,,,,,,,,,,,,,,,,,,,,,,,,,,,,,,,,1386,5183,4923,4450,3798,2037,1636,1488,752,667,409,495,390,667,,,,,,,,,,,,,,,,,,,,,,,,,,1386,5183,4923,3798,3636,763,2892,2037,1839,1357,1202,181,541,939,359,667,273,273,667,1386,5183,4923,4450,3798,2037,1636,1488,752,667,390,667,,,,,,,,,,,,,,,,,,,,,,1386,5183,4923,3798,2892,2037,1839,1357,1202,667,273,667
ACSSF,2010m1,al,000,0032,0000045,2755,6065,6230,4287,6035,6305,3661,1123,3672,753,476,510,1284,427,1138,422,208,347,,,,,,,,,,,,,,,,,,,,,,,,,,,,,,,,,,,,,,,,,,,,,,,,,,,,,,,,,,,,,735,4189,4118,3810,3608,1009,1388,893,1049,632,512,326,271,424,,,,,,,,,,,,,,,,,,,,,,,,,,735,4189,4118,3608,3608,273,1886,1009,1650,969,1335,273,447,1220,223,424,273,273,424,735,4189,4118,3810,3608,1009,1388,893,1049,632,271,424,,,,,,,,,,,,,,,,,,,,,,735,4189,4118,3608,1886,1009,1650,969,1335,424,273,424
ACSSF,2010m1,al,000,0032,0000046,4657,6188,5971,5973,6174,6009,4545,2681,3820,1672,830,1518,1637,742,1525,1032,413,935,,,,,,,,,,,,,,,,,,,,,,,,,,,,,,,,,,,,,,,,,,,,,,,,,,,,,,,,,,,,,4163,5644,4808,4403,4473,1481,1893,1465,1285,666,436,532,574,1032,,,,,,,,,,,,,,,,,,,,,,,,,,4163,5644,4808,4473,4473,273,2437,1260,2300,1742,1740,205,373,1534,827,1032,273,273,1032,4163,5644,4808,4403,4473,1481,1893,1465,1285,666,574,1032,,,,,,,,,,,,,,,,,,,,,,4163,5644,4808,4473,2437,1260,2300,1742,1740,1032,273,1032
ACSSF,2010m1,al,000,0032,0000047,2981,4485,4556,4489,4524,3807,3343,1244,3114,1878,477,1827,654,245,605,348,273,348,,,,,,,,,,,,,,,,,,,,,,,,,,,,,,,,,,,,,,,,,,,,,,,,,,,,,,,,,,,,,767,4062,4082,3746,3492,1355,2054,863,1589,428,48,434,273,411,,,,,,,,,,,,,,,,,,,,,,,,,,,,,,,,,,,,,,,,,,,,,767,4062,4082,3746,3492,1355,2054,863,1589,428,273,411,,,,,,,,,,,,,,,,,,,,,,767,4062,4082,3492,2486,1355,2174,1908,894,411,273,411
ACSSF,2010m1,al,000,0032,0000048,6083,12225,11850,9885,11828,10072,7832,3753,6552,2906,2090,2247,3256,1608,2949,1313,1275,413,,,,,,,,,,,,,,,,,,,,,,,,,,,,,,,,,,,,,,,,,,,,,,,,,,,,,,,,,,,,,1406,6529,6567,6113,4090,4706,2095,1312,1388,1461,1285,735,903,1051,986,4524,4521,4189,2806,3868,1386,425,1310,3274,2740,2673,760,656,4748,4891,3022,1977,947,1654,237,115,225,1725,446,5170,9490,8853,4802,4802,273,7405,6827,4350,2946,3278,784,2151,3144,720,1292,248,273,1272,1406,6529,6567,6113,4090,4706,2095,1312,1388,1461,903,1051,986,4524,4521,4189,2806,3868,1386,3274,2740,2673,760,656,4748,4891,3022,1977,947,1654,237,1725,446,5170,9490,8853,4802,7405,6827,4350,2946,3278,1292,248,1272
ACSSF,2010m1,al,000,0032,0000049,7773,8933,8734,9029,8566,8680,5366,3255,5179,3301,1835,3086,3392,1436,2917,799,409,688,,,,,,,,,,,,,,,,,,,,,,,,,,,,,,,,,,,,,,,,,,,,,,,,,,,,,,,,,,,,,6132,6794,5455,5306,4468,3380,3203,1979,2595,1257,611,1018,808,769,582,3580,3466,2478,1655,1894,1074,863,748,2490,1804,1514,306,479,3304,4057,2283,850,598,610,584,369,230,1986,273,6500,8762,5986,4732,4730,61,5819,3157,4994,3810,3470,674,697,3226,1240,799,87,100,772,6132,6794,5455,5306,4468,3380,3203,1979,2595,1257,808,769,582,3580,3466,2478,1655,1894,1074,2490,1804,1514,306,479,3304,4057,2283,850,598,610,584,1986,273,6500,8762,5986,4732,5819,3157,4994,3810,3470,799,87,792
ACSSF,2010m1,al,000,0032,0000050,7873,9866,11618,11146,9251,10678,7267,3253,6322,4439,2345,3487,3641,1756,3249,1295,776,1008,,,,,,,,,,,,,,,,,,,,,,,,,,,,,,,,,,,,,,,,,,,,,,,,,,,,,,,,,,,,,5899,8633,6815,5852,4309,3281,4459,2341,3454,1913,719,1683,1104,1223,2523,5212,4802,2824,1875,1982,1485,631,1294,3605,2054,2121,472,339,1920,2783,2318,1058,601,790,792,662,402,1958,273,6358,10716,9145,5414,5387,203,7184,4417,6507,5125,4016,378,1391,3161,1245,1331,273,171,1318,5899,8633,6815,5852,4309,3281,4459,2341,3454,1913,1104,1223,2523,5212,4802,2824,1875,1982,1485,3605,2054,2121,472,339,1920,2783,2318,1058,601,790,792,1958,273,6358,10716,9145,5414,7184,4417,6507,5125,4016,1331,273,1331
ACSSF,2010m1,al,000,0032,0000051,5085,9817,9602,10562,9790,8456,6962,4318,6175,4822,2346,3949,2161,1130,1957,217,159,121,,,,,,,,,,,,,,,,,,,,,,,,,,,,,,,,,,,,,,,,,,,,,,,,,,,,,,,,,,,,,4232,7210,6093,5208,1606,5000,2156,1041,1843,1396,749,1141,1285,32,815,6324,6046,5035,2480,4086,2767,231,2757,2124,713,2005,577,176,1454,3821,3522,1395,1212,779,1682,226,1663,2867,126,4041,10341,9674,3553,3553,273,8929,6211,5579,4883,2181,371,521,1662,1262,217,273,273,217,4232,7210,6093,5208,1606,5000,2156,1041,1843,1396,1285,32,815,6324,6046,5035,2480,4086,2767,2124,713,2005,577,176,1454,3821,3522,1395,1212,779,1682,2867,126,4041,10341,9674,3553,8929,6211,5579,4883,2181,217,273,217
ACSSF,2010m1,al,000,0032,0000052,6485,11271,11255,9251,11906,8740,6547,3743,5514,3626,1649,2933,2382,1887,1619,982,543,965,,,,,,,,,,,,,,,,,,,,,,,,,,,,,,,,,,,,,,,,,,,,,,,,,,,,,,,,,,,,,4462,8948,8579,7603,5656,4305,3397,2037,2697,1666,688,1623,699,979,,,,,,,,,,,,,,,,,,,,,,,,,,4473,9018,8456,4990,4914,1043,7316,4651,4603,3642,2763,403,1319,2083,911,979,273,273,979,4462,8948,8579,7603,5656,4305,3397,2037,2697,1666,699,979,294,1658,1565,1520,917,1103,313,686,69,682,67,273,,,,,,,,,,4473,9018,8456,4990,7316,4651,4603,3642,2763,979,273,979
ACSSF,2010m1,al,000,0032,0000053,8324,11941,10438,11015,13123,8547,6175,3628,4904,4392,2579,3336,2950,2073,2005,894,443,788,,,,,,,,,,,,,,,,,,,,,,,,,,,,,,,,,,,,,,,,,,,,,,,,,,,,,,,,,,,,,7775,10585,7988,7366,3280,7480,3389,2104,2603,2350,1263,1884,371,894,,,,,,,,,,,,,,,,,,,,,,,,,,8016,10717,7920,3075,3096,376,7822,5630,5331,4373,3120,490,1140,2286,1130,894,273,273,894,7775,10585,7988,7366,3280,7480,3389,2104,2603,2350,371,894,,,,,,,,,,,,,,,,,,,,,,8016,10717,7920,3075,7822,5630,5331,4373,3120,894,273,894
ACSSF,2010m1,al,000,0032,0000054,9688,13363,11125,13042,12493,9897,9222,4380,7572,2870,1357,2833,3730,1291,3588,489,120,485,,,,,,,,,,,,,,,,,,,,,,,,,,,,,,,,,,,,,,,,,,,,,,,,,,,,,,,,,,,,,7454,10111,8603,8494,7566,5178,3719,3309,2036,1640,268,1535,870,678,,,,,,,,,,,,,,,5471,5437,3380,1182,845,636,1668,229,1623,2140,49,9040,12691,10591,7019,7029,192,8808,6378,5946,3643,3812,2704,959,2268,1105,664,273,31,665,7454,10111,8603,8494,7566,5178,3719,3309,2036,1640,870,678,,,,,,,,,,,,,5471,5437,3380,1182,845,636,1668,2140,49,9040,12691,10591,7019,8808,6378,5946,3643,3812,664,273,664
ACSSF,2010m1,al,000,0032,0000055,3479,5188,5131,4732,5342,4084,3023,1672,2688,2193,969,1826,1562,1400,845,146,146,273,,,,,,,,,,,,,,,,,,,,,,,,,,,,,,,,,,,,,,,,,,,,,,,,,,,,,,,,,,,,,567,4249,4225,3073,2603,1983,2479,948,2320,1305,341,1344,439,146,,,,,,,,,,,,,,,,,,,,,,,,,,,,,,,,,,,,,,,,,,,,,567,4249,4225,3073,2603,1983,2479,948,2320,1305,439,146,,,,,,,,,,,,,,,,,,,,,,567,4249,4225,1356,4420,3031,2747,2262,1536,146,273,146
ACSSF,2010m1,al,000,0032,0000056,2337,5357,5387,5049,5465,5198,4083,2576,3242,1465,710,1244,1078,658,881,570,171,535,,,,,,,,,,,,,,,,,,,,,,,,,,,,,,,,,,,,,,,,,,,,,,,,,,,,,,,,,,,,,1636,5199,4876,4446,3799,2037,1654,1505,753,667,409,495,390,570,,,,,,,,,,,,,,,,,,,,,,,,,,1636,5199,4876,3799,3636,763,2852,2037,1843,1373,1178,181,541,936,359,570,273,273,570,1636,5199,4876,4446,3799,2037,1654,1505,753,667,390,570,,,,,,,,,,,,,,,,,,,,,,1636,5199,4876,3799,2852,2037,1843,1373,1178,570,273,570
ACSSF,2010m1,al,000,0032,0000057,2369,6204,5875,4030,6179,4932,2592,1623,2016,1835,919,1563,1457,980,987,726,430,719,,,,,,,,,,,,,,,,,,,,,,,,,,,,,,,,,,,,,,,,,,,,,,,,,,,,,,,,,,,,,1652,3839,3621,3028,1396,2667,1687,821,1304,746,367,550,427,738,,,,,,,,,,,,,,,,,,,,,,,,,,1652,3839,3621,1169,952,702,3520,2397,2728,1714,1956,352,413,1471,557,738,273,273,738,1652,3839,3621,3028,1396,2667,1687,821,1304,746,427,738,,,,,,,,,,,,,,,,,,,,,,1652,3839,3621,1169,3520,2397,2728,1714,1956,738,273,738
ACSSF,2010m1,al,000,0032,0000058,781,3747,3747,3489,4348,3358,3182,2325,2240,1076,688,603,1052,554,878,96,96,273,,,,,,,,,,,,,,,,,,,,,,,,,,,,,,,,,,,,,,,,,,,,,,,,,,,,,,,,,,,,,,,,,,,,,,,,,,,424,3474,3399,3174,1193,3060,586,289,499,1248,638,922,532,96,,,,,,,,,,,,,,,,,,,,,,,,,,,,,,,,,,,,,,,,,,,424,3474,3399,3174,1193,3060,586,1248,638,922,532,96,,,,,,,,,,424,3474,3399,1156,3218,2929,1518,1072,1054,96,273,96
ACSSF,2010m1,al,000,0032,0000059,3003,6132,5257,6095,6622,4823,4103,2972,3890,3442,1620,2990,777,399,666,121,273,121,,,,,,,,,,,,,,,,,,,,,,,,,,,,,,,,,,,,,,,,,,,,,,,,,,,,,,,,,,,,,,,,,,,,,,,,,,,789,5219,4969,4043,2399,3270,2594,188,2587,2016,314,1944,305,121,,,,,,,,,,,,,,,,,,,,,,,,,,,,,,,,,,,,,,,,,,,789,5219,4969,4043,2399,3270,2594,2016,314,1944,305,121,,,,,,,,,,2627,5877,5518,1977,5097,3564,3535,3442,785,121,273,121
ACSSF,2010m1,al,000,0032,0000060,2017,4990,4783,3460,5020,4316,2610,1974,1675,1430,1059,1015,694,447,516,190,190,273,,,,,,,,,,,,,,,,,,,,,,,,,,,,,,,,,,,,,,,,,,,,,,,,,,,,,,,,,,,,,795,3289,3351,2982,1962,1801,1353,709,998,778,395,658,106,190,,,,,,,,,,,,,,,,,,,,,,,,,,,,,,,,,,,,,,,,,,,,,795,3289,3351,2982,1962,1801,1353,709,998,778,106,190,,,,,,,,,,,,,,,,,,,,,,795,3289,3351,1805,2439,1515,1723,1554,694,190,273,190
ACSSF,2010m1,al,000,0032,0000061,3135,4891,4846,4304,4989,3619,2374,1776,1979,1657,406,1478,2174,299,2195,126,126,273,,,,,,,,,,,,,,,,,,,,,,,,,,,,,,,,,,,,,,,,,,,,,,,,,,,,,,,,,,,,,,,,,,,,,,,,,,,,,,,,,,,,,,,,,2886,3959,3720,1301,1213,617,1878,226,1785,2759,126,,,,,,,,,,,,,,,,,,,,,,,,,,,,,,,,,,,,,,,,,,,,2886,3959,3720,1301,1213,617,1878,2759,126,2886,3959,3720,1492,3375,2028,2786,1662,2174,126,273,126
ACSSF,2010m1,al,000,0032,0000062,1417,5960,5956,4832,5510,4757,3818,2248,3278,2350,995,2066,1359,1040,1015,277,277,273,,,,,,,,,,,,,,,,,,,,,,,,,,,,,,,,,,,,,,,,,,,,,,,,,,,,,,,,,,,,,580,4690,4678,4019,461,4106,1265,810,1008,732,605,422,1199,277,,,,,,,,,,,,,,,,,,,,,,,,,,,,,,,,,,,,,,,,,,,,,580,4690,4678,4019,461,4106,1265,810,1008,732,1199,277,,,,,,,,,,,,,,,,,,,,,,580,4690,4678,1159,4409,3599,2928,2355,1359,277,273,277
ACSSF,2010m1,al,000,0032,0000063,6517,4238,6326,5523,3981,4521,3792,845,3852,711,469,556,831,309,787,233,113,193,,,,,,,,,,,,,,,,,,,,,,,,,,,,,,,,,,,,,,,,,,,,,,,,,,,,,,,,,,,,,6177,5453,3636,3655,3606,1950,1032,700,765,733,241,514,301,471,,,,,,,,,,,,,,,,,,,,,,,,,,6177,5453,3636,3558,3558,273,2457,1841,1664,1291,900,188,780,503,114,471,273,273,471,6177,5453,3636,3655,3606,1950,1032,700,765,733,301,471,,,,,,,,,,,,,,,,,,,,,,6177,5453,3636,3558,2457,1841,1664,1291,900,471,273,471
ACSSF,2010m1,al,000,0032,0000064,,,,,,,,,,,,,,,,,,,,,,,,,,,,,,,,,,,,,,,,,,,,,,,,,,,,,,,,,,,,,,,,,,,,,,,,,,,,,,,6893,6596,5270,5362,4347,3145,3032,3033,511,872,112,867,273,273,,,,,,,,,,,,,,,,,,,,,,,,,,,,,,,,,,,,,,,,,,,,,6893,6596,5270,5362,4347,3145,3032,3033,511,872,273,273,,,,,,,,,,,,,,,,,,,,,,6893,6596,5270,4512,3863,2957,3208,1305,2999,273,273,273
ACSSF,2010m1,al,000,0032,0000065,5389,4557,5453,6339,5268,5108,2808,1931,2445,2468,1277,2215,1549,746,1362,501,217,451,,,,,,,,,,,,,,,,,,,,,,,,,,,,,,,,,,,,,,,,,,,,,,,,,,,,,,,,,,,,,5270,6849,3885,3246,2375,3072,2121,1558,1292,821,740,346,791,501,,,,,,,,,,,,,,,,,,,,,,,,,,5270,6849,3885,1861,1880,368,3990,2625,3023,2434,1834,328,390,1576,798,501,273,273,501,5270,6849,3885,3246,2375,3072,2121,1558,1292,821,791,501,,,,,,,,,,,,,,,,,,,,,,5270,6849,3885,1861,3990,2625,3023,2434,1834,501,273,501
ACSSF,2010m1,al,000,0032,0000066,7813,7723,5072,8188,7528,4692,3144,2252,2418,897,622,703,906,568,686,400,239,336,,,,,,,,,,,,,,,,,,,,,,,,,,,,,,,,,,,,,,,,,,,,,,,,,,,,,,,,,,,,,7881,8255,3279,2945,1647,2763,880,556,762,488,429,234,232,400,,,,,,,,,,,,,,,,,,,,,,,,,,,,,,,,,,,,,,,,,,,,,7881,8255,3279,2945,1647,2763,880,556,762,488,232,400,,,,,,,,,,,,,,,,,,,,,,7881,8255,3279,1695,3019,2865,1276,897,906,400,273,400
ACSSF,2010m1,al,000,0032,0000067,5736,5544,4003,5461,5365,3494,2439,1852,1717,842,392,760,961,487,824,117,273,117,,,,,,,,,,,,,,,,,,,,,,,,,,,,,,,,,,,,,,,,,,,,,,,,,,,,,,,,,,,,,5823,5631,3073,2662,1235,2288,844,429,712,644,641,73,410,117,,,,,,,,,,,,,,,,,,,,,,,,,,,,,,,,,,,,,,,,,,,,,5823,5631,3073,2662,1235,2288,844,429,712,644,410,117,,,,,,,,,,,,,,,,,,,,,,5823,5631,3073,1038,2756,2259,1444,858,973,117,273,117
ACSSF,2010m1,al,000,0032,0000068,1221,3571,3510,3709,4117,2716,3490,2124,2380,1830,1227,1324,527,473,265,273,273,273,,,,,,,,,,,,,,,,,,,,,,,,,,,,,,,,,,,,,,,,,,,,,,,,,,,,,,,,,,,,,743,3752,3796,3465,1494,3302,1529,522,1432,1018,382,973,514,273,,,,,,,,,,,,,,,,,,,,,,,,,,,,,,,,,,,,,,,,,,,,,743,3752,3796,3465,1494,3302,1529,522,1432,1018,514,273,,,,,,,,,,,,,,,,,,,,,,743,3752,3796,2631,3010,2208,1935,1815,527,273,273,273
ACSSF,2010m1,al,000,0032,0000069,3354,7168,6325,4711,7031,5778,2141,1637,2022,2192,841,1882,1517,767,1383,218,218,273,,,,,,,,,,,,,,,,,,,,,,,,,,,,,,,,,,,,,,,,,,,,,,,,,,,,,,,,,,,,,,,,,,,,,,,,,,,642,3328,3255,1607,1418,671,1315,126,1268,2525,1528,1543,155,247,1920,2783,2318,1058,601,790,792,662,402,1958,273,,,,,,,,,,,,,,,,,,,,,,,,,,,,,,,,642,3328,3255,1607,1418,671,1315,2525,1528,1543,155,247,1920,2783,2318,1058,601,790,792,1958,273,2030,4297,3831,2082,3443,1574,3011,2411,1581,247,273,247
ACSSF,2010m1,al,000,0032,0000070,2530,4543,4676,3914,4054,4335,2899,1424,2730,2051,1265,1662,878,201,883,251,273,251,,,,,,,,,,,,,,,,,,,,,,,,,,,,,,,,,,,,,,,,,,,,,,,,,,,,,,,,,,,,,559,3765,3811,3004,2294,1568,2245,351,2219,1442,567,1153,855,251,,,,,,,,,,,,,,,,,,,,,,,,,,559,3765,3811,1436,1436,273,3789,2760,3141,2169,1633,137,594,1361,273,251,273,273,251,559,3765,3811,3004,2294,1568,2245,351,2219,1442,855,251,,,,,,,,,,,,,,,,,,,,,,559,3765,3811,1436,3789,2760,3141,2169,1633,251,273,251
ACSSF,2010m1,al,000,0032,0000071,1554,5038,4716,3864,4918,3490,2442,1315,2601,2852,1881,2137,1367,947,982,530,273,530,,,,,,,,,,,,,,,,,,,,,,,,,,,,,,,,,,,,,,,,,,,,,,,,,,,,,,,,,,,,,639,3567,3446,3308,2006,3136,1203,791,932,1559,518,1495,300,530,,,,,,,,,,,,,,,,,,,,,,,,,,,,,,,,,,,,,,,,,,,,,639,3567,3446,3308,2006,3136,1203,791,932,1559,300,530,,,,,,,,,,,,,,,,,,,,,,639,3567,3446,1541,3381,2225,3006,2800,1367,530,273,530
ACSSF,2010m1,al,000,0032,0000072,2997,6307,6110,5980,6530,5378,4315,2095,3664,2659,635,2595,1216,904,1069,350,25,348,,,,,,,,,,,,,,,,,,,,,,,,,,,,,,,,,,,,,,,,,,,,,,,,,,,,,,,,,,,,,897,5552,5538,4795,4008,2619,2406,1340,1928,1101,48,1101,125,412,,,,,,,,,,,,,,,,,,,,,,,,,,897,5552,5538,4010,4010,273,3679,2229,3072,2704,1347,121,350,944,893,412,273,273,412,897,5552,5538,4795,4008,2619,2406,1340,1928,1101,125,412,,,,,,,,,,,,,,,,,,,,,,897,5552,5538,4010,3679,2229,3072,2704,1347,412,273,412
ACSSF,2010m1,al,000,0032,0000073,3685,4763,4605,4825,5166,4408,3150,1901,2239,1409,1024,895,671,75,662,119,119,273,,,,,,,,,,,,,,,,,,,,,,,,,,,,,,,,,,,,,,,,,,,,,,,,,,,,,,,,,,,,,,,,,,,,,,,,,,,,,,,,,,,,,,,,,,,,,,,,,,,,,,,,,,,,,,,,,,,,,,,,,,,,,,,,,,,,,,,,,,,,,,,,,,,,,,,,1661,4052,3971,1833,3587,2602,2124,2071,605,119,273,119
ACSSF,2010m1,al,000,0032,0000074,2388,4793,4215,4023,4692,3699,2822,1217,2629,1347,779,1197,1294,1050,791,135,273,135,,,,,,,,,,,,,,,,,,,,,,,,,,,,,,,,,,,,,,,,,,,,,,,,,,,,,,,,,,,,,,,,,,,,,,,,,,,1955,3299,2888,2408,1247,2029,613,537,253,1381,1006,793,441,135,,,,,,,,,,,,,,,,,,,,,,,,,,,,,,,,,,,,,,,,,,,1955,3299,2888,2408,1247,2029,613,1381,1006,793,441,135,,,,,,,,,,2028,3788,3417,1437,3216,2580,2048,1527,1296,135,273,135
ACSSF,2010m1,al,000,0032,0000075,1802,4723,4825,3471,4201,4190,2642,1606,2306,2353,1304,1849,2723,1022,2602,459,78,450,,,,,,,,,,,,,,,,,,,,,,,,,,,,,,,,,,,,,,,,,,,,,,,,,,,,,,,,,,,,,471,3526,3534,2753,2418,1429,3320,1989,2355,1090,333,1036,493,459,,,,,,,,,,,,,,,,,,,,,,,,,,471,3526,3534,1681,1681,273,3474,2198,3583,2445,2718,308,440,2573,453,459,273,273,459,471,3526,3534,2753,2418,1429,3320,1989,2355,1090,493,459,,,,,,,,,,,,,,,,,,,,,,471,3526,3534,1681,3474,2198,3583,2445,2718,459,273,459
ACSSF,2010m1,al,000,0032,0000076,3725,5647,6237,4484,5225,5139,2890,1885,2369,1843,872,1757,1670,964,1463,600,584,252,,,,,,,,,,,,,,,,,,,,,,,,,,,,,,,,,,,,,,,,,,,,,,,,,,,,,,,,,,,,,1833,2781,2401,2087,475,2097,1419,1384,795,508,316,484,153,595,2218,3613,2800,1677,1415,800,899,772,516,1890,1214,1097,210,200,,,,,,,,,,,,1971,4066,3725,2210,2168,144,2980,2011,2676,2107,1833,496,255,1158,1094,632,273,171,589,1833,2781,2401,2087,475,2097,1419,1384,795,508,153,595,2218,3613,2800,1677,1415,800,899,1890,1214,1097,210,200,,,,,,,,,,1971,4066,3725,2210,2980,2011,2676,2107,1833,632,273,632
ACSSF,2010m1,al,000,0032,0000077,4734,6132,6028,6089,6144,5960,4548,2685,3857,1672,830,1518,1637,742,1525,1032,413,935,,,,,,,,,,,,,,,,,,,,,,,,,,,,,,,,,,,,,,,,,,,,,,,,,,,,,,,,,,,,,4249,5768,4800,4407,4514,1481,1893,1465,1285,666,436,532,574,1032,,,,,,,,,,,,,,,,,,,,,,,,,,4249,5768,4800,4514,4514,273,2437,1260,2300,1742,1740,205,373,1534,827,1032,273,273,1032,4249,5768,4800,4407,4514,1481,1893,1465,1285,666,574,1032,,,,,,,,,,,,,,,,,,,,,,4249,5768,4800,4514,2437,1260,2300,1742,1740,1032,273,1032
ACSSF,2010m1,al,000,0032,0000078,4423,5774,4071,4826,5743,3643,1820,1272,1595,1639,1165,1467,2065,729,1896,411,250,251,,,,,,,,,,,,,,,,,,,,,,,,,,,,,,,,,,,,,,,,,,,,,,,,,,,,,,,,,,,,,4086,4554,3421,2259,1444,1807,2514,1377,1972,888,478,611,474,411,,,,,,,,,,,,,,,,,,,,,,,,,,,,,,,,,,,,,,,,,,,,,4086,4554,3421,2259,1444,1807,2514,1377,1972,888,474,411,,,,,,,,,,,,,,,,,,,,,,4086,4554,3421,1222,3395,1590,2936,2512,2073,411,273,411
ACSSF,2010m1,al,000,0032,0000079,2887,5217,5083,3950,5380,4834,1910,1097,1678,1936,1755,954,458,422,212,369,349,114,,,,,,,,,,,,,,,,,,,,,,,,,,,,,,,,,,,,,,,,,,,,,,,,,,,,,,,,,,,,,,,,,,,,,,,,,,,,,,,,,,,,,,,,,2232,3545,3289,1986,1067,1652,276,163,239,2110,446,,,,,,,,,,,,,,,,,,,,,,,,,,,,,,,,,,,,,,,,,,,,2232,3545,3289,1986,1067,1652,276,2110,446,690,3434,3466,852,3188,1908,2116,2055,706,446,248,369
ACSSF,2010m1,al,000,0032,0000080,3686,5809,6212,4693,5728,6376,3589,1123,3587,755,476,504,1285,424,1138,422,208,347,,,,,,,,,,,,,,,,,,,,,,,,,,,,,,,,,,,,,,,,,,,,,,,,,,,,,,,,,,,,,2588,4587,4060,3739,3527,1009,1388,893,1051,632,512,326,264,424,,,,,,,,,,,,,,,,,,,,,,,,,,2588,4587,4060,3527,3527,273,1883,1009,1650,972,1334,273,447,1218,223,424,273,273,424,2588,4587,4060,3739,3527,1009,1388,893,1051,632,264,424,,,,,,,,,,,,,,,,,,,,,,2588,4587,4060,3527,1883,1009,1650,972,1334,424,273,424
ACSSF,2010m1,al,000,0032,0000081,2674,6711,6785,5643,6562,6248,5090,2946,4150,1227,951,818,1729,703,1456,1031,1033,62,,,,,,,,,,,,,,,,,,,,,,,,,,,,,,,,,,,,,,,,,,,,,,,,,,,,,,,,,,,,,2750,5644,4935,5101,2321,4361,1690,1119,940,1348,1143,715,880,1031,,,,,,,,,,,,,,,,,,,,,,,,,,2750,5644,4935,1473,1473,273,4710,4767,2231,1227,1729,338,1124,1021,571,1031,273,273,1031,2750,5644,4935,5101,2321,4361,1690,1119,940,1348,880,1031,,,,,,,,,,,,,,,,,,,,,,2750,5644,4935,1473,4710,4767,2231,1227,1729,1031,273,1031
ACSSF,2010m1,al,000,0032,0000082,1746,6175,5956,4510,5317,4517,4104,2223,3701,2397,1258,1993,2800,1328,2604,656,632,157,,,,,,,,,,,,,,,,,,,,,,,,,,,,,,,,,,,,,,,,,,,,,,,,,,,,,,,,,,,,,,,,,,,,,,,,,,,986,4524,4521,4189,2806,3868,1386,425,1310,3274,2740,2673,760,656,,,,,,,,,,,,986,4524,4521,2476,2476,273,4239,3373,3195,2370,2803,712,1853,2631,422,656,273,273,656,,,,,,,,,,,,,986,4524,4521,4189,2806,3868,1386,3274,2740,2673,760,656,,,,,,,,,,986,4524,4521,2476,4239,3373,3195,2370,2803,656,273,656
ACSSF,2010m1,al,000,0032,0000083,2165,4171,3750,3423,4130,2936,2357,1115,2266,1427,470,1388,1646,963,1070,435,299,323,,,,,,,,,,,,,,,,,,,,,,,,,,,,,,,,,,,,,,,,,,,,,,,,,,,,,,,,,,,,,1883,2177,1830,1425,169,1445,991,564,700,375,365,63,455,273,183,1789,1763,1238,844,774,95,93,16,1335,862,752,177,435,,,,,,,,,,,,1905,3293,2997,1703,1703,273,2866,1800,2278,1428,1646,308,422,1185,801,435,273,273,435,1883,2177,1830,1425,169,1445,991,564,700,375,455,273,183,1789,1763,1238,844,774,95,1335,862,752,177,435,176,2027,2013,687,342,607,28,1821,273,1905,3293,2997,1703,2866,1800,2278,1428,1646,435,273,435
ACSSF,2010m1,al,000,0032,0000084,1554,3232,3287,2942,3204,3266,1847,953,1708,1581,1223,1462,1752,587,1574,236,177,189,,,,,,,,,,,,,,,,,,,,,,,,,,,,,,,,,,,,,,,,,,,,,,,,,,,,,,,,,,,,,328,2173,2169,1688,1241,1104,1122,589,886,689,357,534,579,222,222,2122,2118,1678,711,1554,653,333,547,1317,1016,1049,132,124,,,,,,,,,,,,425,2730,2751,1487,1487,273,2602,1262,2295,1707,1867,136,496,1666,300,236,87,273,221,328,2173,2169,1688,1241,1104,1122,589,886,689,579,222,222,2122,2118,1678,711,1554,653,1317,1016,1049,132,124,,,,,,,,,,425,2730,2751,1487,2602,1262,2295,1707,1867,236,87,221
ACSSF,2010m1,al,000,0032,0000085,3510,4456,4057,4472,4757,3622,2025,1153,1931,2310,1080,2037,624,257,623,478,136,455,,,,,,,,,,,,,,,,,,,,,,,,,,,,,,,,,,,,,,,,,,,,,,,,,,,,,,,,,,,,,3424,4456,3286,2844,1879,2161,1406,1349,489,365,273,365,273,478,,,,,,,,,,,,,,,,,,,,,,,,,,,,,,,,,,,,,,,,,,,,,3424,4456,3286,2844,1879,2161,1406,1349,489,365,273,478,,,,,,,,,,,,,,,,,,,,,,3424,4456,3286,1674,3096,1266,2401,2294,617,478,273,478
ACSSF,2010m1,al,000,0032,0000086,1746,6175,5956,4510,5317,4517,4104,2223,3701,2397,1258,1993,2800,1328,2604,656,632,157,,,,,,,,,,,,,,,,,,,,,,,,,,,,,,,,,,,,,,,,,,,,,,,,,,,,,,,,,,,,,,,,,,,,,,,,,,,986,4524,4521,4189,2806,3868,1386,425,1310,3274,2740,2673,760,656,,,,,,,,,,,,986,4524,4521,2476,2476,273,4239,3373,3195,2370,2803,712,1853,2631,422,656,273,273,656,,,,,,,,,,,,,986,4524,4521,4189,2806,3868,1386,3274,2740,2673,760,656,,,,,,,,,,986,4524,4521,2476,4239,3373,3195,2370,2803,656,273,656
ACSSF,2010m1,al,000,0032,0000087,3103,6791,6528,5369,6098,6053,5612,2172,5126,1518,1094,1146,3188,940,3031,233,113,193,,,,,,,,,,,,,,,,,,,,,,,,,,,,,,,,,,,,,,,,,,,,,,,,,,,,,,,,,,,,,938,5378,5435,5602,5373,2491,3128,2910,1209,1193,241,1050,714,471,,,,,,,,,,,,,,,,,,,,,,,,,,938,5378,5435,5337,5345,96,4019,2675,3363,1781,3185,2583,1061,1339,268,471,273,273,471,938,5378,5435,5602,5373,2491,3128,2910,1209,1193,714,471,,,,,,,,,,,,,,,,,,,,,,938,5378,5435,5337,4019,2675,3363,1781,3185,471,273,471
ACSSF,2010m1,al,000,0032,0000088,3700,3765,2820,3798,3782,2035,2109,1209,1745,1219,259,1186,339,253,219,75,273,75,,,,,,,,,,,,,,,,,,,,,,,,,,,,,,,,,,,,,,,,,,,,,,,,,,,,,,,,,,,,,,,,,,,,,,,,,,,3700,3798,2304,2109,1168,1849,112,273,112,1264,249,1203,223,75,,,,,,,,,,,,,,,,,,,,,,,,,,,,,,,,,,,,,,,,,,,3700,3798,2304,2109,1168,1849,112,1264,249,1203,223,75,,,,,,,,,,3700,3798,2304,208,2301,2105,1274,1219,339,75,273,75
ACSSF,2010m1,al,000,0032,0000089,1548,1848,1528,2012,1901,1731,1269,584,1182,647,435,557,984,333,915,91,27,90,,,,,,,,,,,,,,,,,,,,,,,,,,,,,,,,,,,,,,,,,,,,,,,,,,,,,,,,,,,,,246,1710,1731,1369,1179,769,929,349,826,683,355,532,543,91,,,,,,,,,,,,,,,,,,,,,,,,,,,,,,,,,,,,,,,,,,,,,246,1710,1731,1369,1179,769,929,349,826,683,543,91,,,,,,,,,,,,,,,,,,,,,,804,1858,1747,1179,1460,526,1267,880,1008,91,87,35
ACSSF,2010m1,al,000,0032,0000090,3596,3810,3099,3626,3805,2631,1517,1005,1451,1264,910,1058,1146,227,1109,226,273,226,,,,,,,,,,,,,,,,,,,,,,,,,,,,,,,,,,,,,,,,,,,,,,,,,,,,,,,,,,,,,1777,2934,2585,2047,1046,1693,1405,738,1083,625,223,475,391,226,,,,,,,,,,,,,,,,,,,,,,,,,,,,,,,,,,,,,,,,,,,,,1777,2934,2585,2047,1046,1693,1405,738,1083,625,391,226,,,,,,,,,,,,,,,,,,,,,,1777,2934,2585,788,2519,1424,2033,1882,1149,226,273,226
ACSSF,2010m1,al,000,0032,0000091,3163,5487,5054,5298,5356,4888,4045,2526,3218,1417,710,1205,1161,671,823,631,171,610,,,,,,,,,,,,,,,,,,,,,,,,,,,,,,,,,,,,,,,,,,,,,,,,,,,,,,,,,,,,,2979,5485,4809,4411,3783,1833,1717,1482,860,860,554,540,377,632,,,,,,,,,,,,,,,,,,,,,,,,,,2979,5485,4809,3783,3620,763,2821,1830,2112,1337,1644,351,586,961,525,632,273,273,632,2979,5485,4809,4411,3783,1833,1717,1482,860,860,377,632,,,,,,,,,,,,,,,,,,,,,,2979,5485,4809,3783,2821,1830,2112,1337,1644,632,273,632
ACSSF,2010m1,al,000,0032,0000092,6723,8516,6232,7753,8503,5997,3973,2907,2681,1396,737,1176,1235,793,949,333,144,299,,,,,,,,,,,,,,,,,,,,,,,,,,,,,,,,,,,,,,,,,,,,,,,,,,,,,,,,,,,,,6606,7691,4427,4105,1306,3870,1181,560,1071,794,760,247,475,333,,,,,,,,,,,,,,,,,,,,,,,,,,6606,7691,4427,1259,1259,273,4293,3797,1991,1402,1238,241,415,1003,563,333,273,273,333,6606,7691,4427,4105,1306,3870,1181,560,1071,794,475,333,,,,,,,,,,,,,,,,,,,,,,6606,7691,4427,1259,4293,3797,1991,1402,1238,333,273,333
ACSSF,2010m1,al,000,0032,0000093,2843,3955,3974,3329,4021,3786,1980,1315,1464,653,521,430,542,443,281,338,148,305,,,,,,,,,,,,,,,,,,,,,,,,,,,,,,,,,,,,,,,,,,,,,,,,,,,,,,,,,,,,,2843,3329,2044,1999,769,2038,699,545,392,87,33,67,401,338,,,,,,,,,,,,,,,,,,,,,,,,,,,,,,,,,,,,,,,,,,,,,2843,3329,2044,1999,769,2038,699,545,392,87,401,338,,,,,,,,,,,,,,,,,,,,,,2843,3329,2044,425,2061,1981,888,653,542,338,273,338
ACSSF,2010m1,al,000,0032,0000094,4670,9043,8387,7501,8485,8155,5675,2909,5024,1465,1055,854,2146,849,1912,1101,1051,350,,,,,,,,,,,,,,,,,,,,,,,,,,,,,,,,,,,,,,,,,,,,,,,,,,,,,,,,,,,,,3706,7200,6384,6009,4018,4640,2072,1289,1388,1461,1285,725,817,1051,,,,,,,,,,,,,,,,,,,,,,,,,,3706,7200,6384,3659,3659,273,5498,5168,2680,1559,2180,338,1149,1633,615,1051,273,273,1051,3706,7200,6384,6009,4018,4640,2072,1289,1388,1461,817,1051,,,,,,,,,,,,,,,,,,,,,,3706,7200,6384,3659,5498,5168,2680,1559,2180,1051,273,1051
ACSSF,2010m1,al,000,0032,0000095,2729,5534,5817,5217,5613,5910,4504,2698,3777,1735,971,1528,1976,769,1997,1026,445,935,,,,,,,,,,,,,,,,,,,,,,,,,,,,,,,,,,,,,,,,,,,,,,,,,,,,,,,,,,,,,1289,4774,4671,4339,4400,1510,2150,1521,1802,799,604,523,638,1026,,,,,,,,,,,,,,,,,,,,,,,,,,1289,4774,4671,4473,4473,273,2874,1352,2783,2165,2034,207,371,2032,858,1026,273,273,1026,1289,4774,4671,4339,4400,1510,2150,1521,1802,799,638,1026,,,,,,,,,,,,,,,,,,,,,,1289,4774,4671,4473,2874,1352,2783,2165,2034,1026,273,1026
ACSSF,2010m1,al,000,0032,0000096,3179,5843,4787,4342,5558,3594,2482,1081,2522,2826,1862,2122,1323,947,937,523,273,523,,,,,,,,,,,,,,,,,,,,,,,,,,,,,,,,,,,,,,,,,,,,,,,,,,,,,,,,,,,,,2895,4160,3457,3320,1841,3121,1054,606,853,1557,518,1489,300,523,,,,,,,,,,,,,,,,,,,,,,,,,,,,,,,,,,,,,,,,,,,,,2895,4160,3457,3320,1841,3121,1054,606,853,1557,300,523,,,,,,,,,,,,,,,,,,,,,,2895,4160,3457,1443,3251,2198,2966,2760,1323,523,273,523
ACSSF,2010m1,al,000,0032,0000097,4887,6118,4458,5938,6154,3625,3276,1244,3030,1730,477,1680,652,245,602,348,273,348,,,,,,,,,,,,,,,,,,,,,,,,,,,,,,,,,,,,,,,,,,,,,,,,,,,,,,,,,,,,,3820,5663,3982,3692,3432,1355,1936,659,1591,428,48,434,273,411,,,,,,,,,,,,,,,,,,,,,,,,,,,,,,,,,,,,,,,,,,,,,3820,5663,3982,3692,3432,1355,1936,659,1591,428,273,411,,,,,,,,,,,,,,,,,,,,,,3820,5663,3982,3432,2367,1355,2057,1773,893,411,273,411
ACSSF,2010m1,al,000,0032,0000098,3790,4984,4074,5041,5076,3403,2603,1540,2141,1576,269,1547,1123,853,914,25,25,273,,,,,,,,,,,,,,,,,,,,,,,,,,,,,,,,,,,,,,,,,,,,,,,,,,,,,,,,,,,,,3790,5041,3217,2711,1256,2344,1345,1144,813,1029,273,1029,125,25,,,,,,,,,,,,,,,,,,,,,,,,,,,,,,,,,,,,,,,,,,,,,3790,5041,3217,2711,1256,2344,1345,1144,813,1029,125,25,,,,,,,,,,,,,,,,,,,,,,3790,5041,3217,1748,2697,1866,1935,1576,1123,25,273,25
