ACSSF,2010m1,al,000,0016,0000001,0,2389,2389,6145,2730,997,442,4148,417,3785,2419,316,731,1641,273,2524,1238,187,266,954,1060,168,1543,273,518,273,1979,1297,886,273,1075,0,2389,934,4632,2256,2697,280,939,4445,490,4466,2389,6695,1880,1973,604,91,6308,1931,1380,1192,0,2389,2389,0,2389,2389,6145,2730,997,442,4148,2524,1979,0,2389,934,4632,2256,2697,280,939,4445,490,4466,2389
ACSSF,2010m1,al,000,0016,0000002,21720,19843,7108,6077,2191,549,266,3394,376,3107,2023,300,464,1436,273,2274,1123,178,266,717,908,168,1518,273,505,273,1278,803,791,273,667,21720,19843,17997,10226,1327,3041,287,564,3350,445,3328,7108,8193,1130,1516,88,91,5128,1289,904,814,21720,19843,7108,21720,19843,7108,6077,2191,549,266,3394,2274,1278,21720,19843,17997,10226,1327,3041,287,564,3350,445,3328,7108
ACSSF,2010m1,al,000,0016,0000003,,,,,,,,,,,,,,,,,,,,,,,,,,,,,,,,21720,19957,18007,10679,2096,3156,165,752,3512,282,3474,7725,6169,1525,1794,595,273,4141,1388,947,891,21720,19957,7725,21720,19957,7725,7012,2107,767,350,2499,970,1346,21720,19957,18007,10679,2096,3156,165,752,3512,282,3474,7725
ACSSF,2010m1,al,000,0016,0000004,4487,4962,1762,5416,2678,980,442,3945,417,3393,2409,316,734,1641,273,2524,1238,187,266,954,1060,168,1543,273,518,273,2018,1295,818,273,1052,4487,4962,3123,6264,2085,2038,223,935,4350,429,4365,1762,6369,1806,1973,604,91,6119,1938,1392,1181,4487,4962,1762,4487,4962,1762,5416,2678,980,442,3945,2524,2018,4487,4962,3123,6264,2085,2038,223,935,4350,429,4365,1762
ACSSF,2010m1,al,000,0016,0000005,3290,3875,1706,4724,2381,622,430,3471,417,2725,1893,115,684,1634,273,2411,1003,187,266,856,1060,168,1543,273,518,273,1443,1052,320,273,994,3290,3875,2051,4957,1854,1851,217,799,4080,416,4108,1706,6058,1406,1959,594,91,5643,1086,683,744,3290,3875,1706,3290,3875,1706,4724,2381,622,430,3471,2411,1443,3290,3875,2051,4957,1854,1851,217,799,4080,416,4108,1706
ACSSF,2010m1,al,000,0016,0000006,,,,,,,,,,,,,,,,,,,,,,,,,,,,,,,,6994,7519,9856,10687,1121,2876,236,411,2757,332,2739,4160,5060,904,1016,594,91,4066,608,569,167,6994,7519,4160,6994,7519,4160,4415,1486,486,215,3060,1807,986,6994,7519,9856,10687,1121,2876,236,411,2757,332,2739,4160
ACSSF,2010m1,al,000,0016,0000007,,,,,,,,,,,,,,,,,,,,,,,,,,,,,,,,7880,8310,9885,10166,1648,2648,156,664,3673,239,3691,4771,4579,1096,2078,273,273,3897,783,378,733,7880,8310,4771,7880,8310,4771,4893,1819,364,365,2203,1592,1014,7880,8310,9885,10166,1648,2648,156,664,3673,239,3691,4771
ACSSF,2010m1,al,000,0016,0000008,,,,,,,,,,,,,,,,,,,,,,,,,,,,,,,,2612,2661,2499,3146,1047,749,43,507,1805,68,1804,606,3710,862,181,96,273,3423,1537,1109,911,2612,2661,606,2612,2661,606,3159,1342,676,99,2548,934,1207,2612,2661,2499,3146,1047,749,43,507,1805,68,1804,606
ACSSF,2010m1,al,000,0016,0000009,,,,,,,,,,,,,,,,,,,,,,,,,,,,,,,,10158,9153,8170,5607,396,484,273,495,992,273,992,4133,4340,442,181,63,273,1425,633,449,404,10158,9153,4133,10158,9153,4133,3759,691,66,99,1975,273,1100,10158,9153,8170,5607,396,484,273,495,992,273,992,4133
ACSSF,2010m1,al,000,0016,0000010,,,,,,,,,,,,,,,,,,,,,,,,,,,,,,,,10197,9332,8039,5249,1154,682,43,99,1794,68,1791,4168,3056,660,273,75,273,3228,1434,994,843,10197,9332,4168,10197,9332,4168,4098,1441,672,273,1675,934,389,10197,9332,8039,5249,1154,682,43,99,1794,68,1791,4168
ACSSF,2010m1,al,000,0016,0000011,,,,,,,,,,,,,,,,,,,,,,,,,,,,,,,,,,,,,,,,,,,,,,,,,,,,,4487,4793,1739,,,,,,,,,,,4487,4793,3001,4966,774,1715,166,83,1019,220,1032,1739
ACSSF,2010m1,al,000,0016,0000012,,,,,,,,,,,,,,,,,,,,,,,,,,,,,,,,3290,3911,2030,4111,1335,1922,175,517,1998,231,1986,1799,4045,1073,181,96,273,3616,1548,1099,931,3290,3911,1799,3290,3911,1799,4072,1403,706,99,2813,934,1220,3290,3911,2030,4111,1335,1922,175,517,1998,231,1986,1799
ACSSF,2010m1,al,000,0016,0000013,,,,,,,,,,,,,,,,,,,,,,,,,,,,,,,,,,,,,,,,,,,,,,,,,,,,,0,0,0,,,,,,,,,,,0,0,495,616,388,517,273,487,886,68,892,0
ACSSF,2010m1,al,000,0016,0000014,,,,,,,,,,,,,,,,,,,,,,,,,,,,,,,,,,,,,,,,,,,,,,,,,,,,,0,0,0,,,,,,,,,,,0,0,273,384,365,366,72,273,667,273,667,0
ACSSF,2010m1,al,000,0016,0000015,,,,,,,,,,,,,,,,,,,,,,,,,,,,,,,,,,,,,,,,,,,,,,,,,,,,,0,0,0,,,,,,,,,,,0,0,273,447,311,150,273,273,508,273,508,0
ACSSF,2010m1,al,000,0016,0000016,,,,,,,,,,,,,,,,,,,,,,,,,,,,,,,,,,,,,,,,,,,,,,,,,,,,,0,0,0,,,,,,,,,,,0,0,273,328,662,273,43,273,753,273,753,0
ACSSF,2010m1,al,000,0016,0000017,,,,,,,,,,,,,,,,,,,,,,,,,,,,,,,,,,,,,,,,,,,,,,,,,,,,,0,0,0,,,,,,,,,,,0,0,78,907,221,512,273,273,587,119,619,0
ACSSF,2010m1,al,000,0016,0000018,,,,,,,,,,,,,,,,,,,,,,,,,,,,,,,,,,,,,,,,,,,,,,,,,,,,,0,0,0,,,,,,,,,,,0,0,135,428,238,343,273,135,358,273,358,0
ACSSF,2010m1,al,000,0016,0000019,,,,,,,,,,,,,,,,,,,,,,,,,,,,,,,,,,,,,,,,,,,,,,,,,,,,,0,0,0,0,0,0,554,244,44,273,74,305,339,0,0,23,725,242,112,273,23,726,273,726,0
ACSSF,2010m1,al,000,0016,0000020,,,,,,,,,,,,,,,,,,,,,,,,,,,,,,,,0,0,142,651,573,743,273,142,1194,233,1208,0,3593,351,273,584,273,3770,722,215,694,0,0,0,,,,,,,,,,,0,0,142,651,573,743,273,142,1194,233,1208,0
ACSSF,2010m1,al,000,0016,0000021,,,,,,,,,,,,,,,,,,,,,,,,,,,,,,,,,,,,,,,,,,,,,,,,,,,,,0,0,0,,,,,,,,,,,0,0,20,669,524,113,273,273,511,20,510,0
ACSSF,2010m1,al,000,0016,0000022,,,,,,,,,,,,,,,,,,,,,,,,,,,,,,,,,,,,,,,,,,,,,,,,,,,,,0,0,0,0,0,0,825,546,18,273,594,411,193,0,0,273,488,119,362,132,95,607,273,607,0
ACSSF,2010m1,al,000,0016,0000023,,,,,,,,,,,,,,,,,,,,,,,,,,,,,,,,,,,,,,,,,,,,,,,,,,,,,0,0,0,,,,,,,,,,,0,0,273,155,302,167,273,273,360,273,360,0
ACSSF,2010m1,al,000,0016,0000024,,,,,,,,,,,,,,,,,,,,,,,,,,,,,,,,0,0,180,1869,508,763,146,219,1853,167,1860,0,1179,488,87,273,273,1078,319,319,273,0,0,0,0,0,0,1485,873,204,150,1368,681,753,0,0,180,1869,508,763,146,219,1853,167,1860,0
ACSSF,2010m1,al,000,0016,0000025,,,,,,,,,,,,,,,,,,,,,,,,,,,,,,,,,,,,,,,,,,,,,,,,,,,,,0,0,0,,,,,,,,,,,0,0,273,505,465,53,273,273,675,273,675,0
ACSSF,2010m1,al,000,0016,0000026,,,,,,,,,,,,,,,,,,,,,,,,,,,,,,,,0,0,92,926,699,561,273,92,1338,273,1338,0,1607,187,1145,273,91,1123,252,252,273,0,0,0,0,0,0,1301,1067,361,273,1152,1016,533,0,0,92,926,699,561,273,92,1338,273,1338,0
ACSSF,2010m1,al,000,0016,0000027,,,,,,,,,,,,,,,,,,,,,,,,,,,,,,,,,,,,,,,,,,,,,,,,,,,,,0,0,0,0,0,0,1636,770,178,156,1249,144,386,0,0,264,1579,425,326,150,273,1670,264,1662,0
ACSSF,2010m1,al,000,0016,0000028,,,,,,,,,,,,,,,,,,,,,,,,,,,,,,,,,,,,,,,,,,,,,,,,,,,,,0,0,0,,,,,,,,,,,0,0,273,737,363,95,273,273,862,130,832,0
ACSSF,2010m1,al,000,0016,0000029,,,,,,,,,,,,,,,,,,,,,,,,,,,,,,,,,,,,,,,,,,,,,,,,,,,,,0,82,82,,,,,,,,,,,0,82,635,731,244,247,273,31,388,273,388,82
ACSSF,2010m1,al,000,0016,0000030,,,,,,,,,,,,,,,,,,,,,,,,,,,,,,,,,,,,,,,,,,,,,,,,,,,,,0,0,0,,,,,,,,,,,0,0,135,728,296,630,273,273,1002,135,996,0
ACSSF,2010m1,al,000,0016,0000031,,,,,,,,,,,,,,,,,,,,,,,,,,,,,,,,,,,,,,,,,,,,,,,,,,,,,0,0,0,,,,,,,,,,,,,,,,,,,,,,
ACSSF,2010m1,al,000,0016,0000032,,,,,,,,,,,,,,,,,,,,,,,,,,,,,,,,,,,,,,,,,,,,,,,,,,,,,0,0,0,0,0,0,1063,515,273,273,346,880,450,0,0,516,535,76,701,273,609,749,273,749,0
ACSSF,2010m1,al,000,0016,0000033,,,,,,,,,,,,,,,,,,,,,,,,,,,,,,,,,,,,,,,,,,,,,,,,,,,,,0,1600,1600,,,,,,,,,,,,,,,,,,,,,,
ACSSF,2010m1,al,000,0016,0000034,,,,,,,,,,,,,,,,,,,,,,,,,,,,,,,,,,,,,,,,,,,,,,,,,,,,,604,3018,2931,,,,,,,,,,,604,3018,4066,4684,447,858,273,142,523,202,480,2931
ACSSF,2010m1,al,000,0016,0000035,,,,,,,,,,,,,,,,,,,,,,,,,,,,,,,,,,,,,,,,,,,,,,,,,,,,,787,1036,588,,,,,,,,,,,787,1036,1456,1147,143,161,273,23,502,273,502,588
ACSSF,2010m1,al,000,0016,0000036,,,,,,,,,,,,,,,,,,,,,,,,,,,,,,,,,,,,,,,,,,,,,,,,,,,,,2905,4308,3263,,,,,,,,,,,,,,,,,,,,,,
ACSSF,2010m1,al,000,0016,0000037,,,,,,,,,,,,,,,,,,,,,,,,,,,,,,,,1122,2033,3680,3973,301,1348,145,113,1894,97,1892,1607,1619,294,273,273,273,1081,325,325,273,1122,2033,1607,1122,2033,1607,1707,468,204,150,1384,592,277,1122,2033,3680,3973,301,1348,145,113,1894,97,1892,1607
ACSSF,2010m1,al,000,0016,0000038,,,,,,,,,,,,,,,,,,,,,,,,,,,,,,,,,,,,,,,,,,,,,,,,,,,,,35,1264,1269,35,1264,1269,990,862,375,273,403,974,412,35,1264,4033,3987,500,1305,273,92,864,273,864,1269
ACSSF,2010m1,al,000,0016,0000039,,,,,,,,,,,,,,,,,,,,,,,,,,,,,,,,,,,,,,,,,,,,,,,,,,,,,4096,4107,281,4096,4107,281,1631,770,178,273,1249,144,355,4096,4107,2458,3575,425,895,150,273,1592,264,1584,281
ACSSF,2010m1,al,000,0016,0000040,,,,,,,,,,,,,,,,,,,,,,,,,,,,,,,,,,,,,,,,,,,,,,,,,,,,,32,1260,1262,,,,,,,,,,,32,1260,3614,3608,273,665,273,355,654,273,654,1262
ACSSF,2010m1,al,000,0016,0000041,,,,,,,,,,,,,,,,,,,,,,,,,,,,,,,,,,,,,,,,,,,,,,,,,,,,,604,3018,2931,,,,,,,,,,,604,3018,4066,4684,447,858,273,142,523,202,480,2931
ACSSF,2010m1,al,000,0016,0000042,,,,,,,,,,,,,,,,,,,,,,,,,,,,,,,,,,,,,,,,,,,,,,,,,,,,,2905,4308,3263,,,,,,,,,,,,,,,,,,,,,,
ACSSF,2010m1,al,000,0016,0000043,,,,,,,,,,,,,,,,,,,,,,,,,,,,,,,,,,,,,,,,,,,,,,,,,,,,,30,592,588,,,,,,,,,,,30,592,1169,1147,143,161,273,23,502,273,502,588
ACSSF,2010m1,al,000,0016,0000044,,,,,,,,,,,,,,,,,,,,,,,,,,,,,,,,1122,2033,3680,3973,301,1348,145,113,1894,97,1892,1607,1619,294,273,273,273,1081,325,325,273,1122,2033,1607,1122,2033,1607,1707,468,204,150,1384,592,277,1122,2033,3680,3973,301,1348,145,113,1894,97,1892,1607
ACSSF,2010m1,al,000,0016,0000045,,,,,,,,,,,,,,,,,,,,,,,,,,,,,,,,,,,,,,,,,,,,,,,,,,,,,35,1264,1269,35,1264,1269,990,862,375,273,403,974,412,35,1264,4033,3987,500,1305,273,92,864,273,864,1269
ACSSF,2010m1,al,000,0016,0000046,,,,,,,,,,,,,,,,,,,,,,,,,,,,,,,,,,,,,,,,,,,,,,,,,,,,,4096,4107,281,4096,4107,281,1631,770,178,273,1249,144,355,4096,4107,2458,3575,425,895,150,273,1592,264,1584,281
ACSSF,2010m1,al,000,0016,0000047,,,,,,,,,,,,,,,,,,,,,,,,,,,,,,,,,,,,,,,,,,,,,,,,,,,,,32,1260,1262,,,,,,,,,,,32,1260,3614,3608,273,665,273,355,654,273,654,1262
ACSSF,2010m1,al,000,0016,0000048,,,,,,,,,,,,,,,,,,,,,,,,,,,,,,,,4741,4537,3057,3846,808,1308,273,495,1656,68,1668,1235,1881,513,1145,273,91,1954,300,300,273,4741,4537,1235,4741,4537,1235,2343,1036,516,99,1718,1369,768,4741,4537,3057,3846,808,1308,273,495,1656,68,1668,1235
ACSSF,2010m1,al,000,0016,0000049,,,,,,,,,,,,,,,,,,,,,,,,,,,,,,,,6747,6692,3851,6171,918,1406,218,120,2084,358,2141,1460,1824,703,273,128,273,1966,993,777,430,6747,6692,1460,6747,6692,1460,1926,996,366,121,1725,467,936,6747,6692,3851,6171,918,1406,218,120,2084,358,2141,1460
ACSSF,2010m1,al,000,0016,0000050,,,,,,,,,,,,,,,,,,,,,,,,,,,,,,,,6551,6460,3289,6415,515,1159,142,95,1617,273,1617,1322,2244,954,224,273,273,1958,154,148,82,6551,6460,1322,6551,6460,1322,2096,1372,89,156,839,514,563,6551,6460,3289,6415,515,1159,142,95,1617,273,1617,1322
ACSSF,2010m1,al,000,0016,0000051,,,,,,,,,,,,,,,,,,,,,,,,,,,,,,,,4280,4326,4010,2739,902,1260,43,186,1794,112,1783,1809,4063,751,1671,273,273,3262,1179,752,860,4280,4326,1809,4280,4326,1809,3746,1225,541,273,2768,252,567,4280,4326,4010,2739,902,1260,43,186,1794,112,1783,1809
ACSSF,2010m1,al,000,0016,0000052,,,,,,,,,,,,,,,,,,,,,,,,,,,,,,,,4019,3936,3729,2575,1169,848,146,484,2484,216,2477,491,2361,585,1182,273,273,1901,452,408,204,4019,3936,491,4019,3936,491,2418,918,258,215,2376,957,815,4019,3936,3729,2575,1169,848,146,484,2484,216,2477,491
ACSSF,2010m1,al,000,0016,0000053,,,,,,,,,,,,,,,,,,,,,,,,,,,,,,,,8081,8450,7236,5659,625,1677,273,31,1919,159,1940,3573,4115,421,93,584,273,3990,800,386,700,8081,8450,3573,8081,8450,3573,3517,665,317,309,1904,1774,847,8081,8450,7236,5659,625,1677,273,31,1919,159,1940,3573
ACSSF,2010m1,al,000,0016,0000054,,,,,,,,,,,,,,,,,,,,,,,,,,,,,,,,9191,9652,7280,6544,592,1172,273,624,1064,213,993,3175,2869,404,273,273,273,2466,22,273,22,9191,9652,3175,9191,9652,3175,3151,675,36,273,476,387,517,9191,9652,7280,6544,592,1172,273,624,1064,213,993,3175
ACSSF,2010m1,al,000,0016,0000055,,,,,,,,,,,,,,,,,,,,,,,,,,,,,,,,,,,,,,,,,,,,,,,,,,,,,0,239,239,,,,,,,,,,,0,239,20,810,558,113,273,273,541,20,540,239
ACSSF,2010m1,al,000,0016,0000056,,,,,,,,,,,,,,,,,,,,,,,,,,,,,,,,1375,1893,3626,3840,293,1347,145,113,1982,97,1980,1631,1575,294,273,273,273,1081,249,249,273,1375,1893,1631,1375,1893,1631,1707,468,273,150,1418,555,277,1375,1893,3626,3840,293,1347,145,113,1982,97,1980,1631
ACSSF,2010m1,al,000,0016,0000057,,,,,,,,,,,,,,,,,,,,,,,,,,,,,,,,1375,1893,3674,3676,744,1149,128,187,1091,136,1096,1631,1754,389,87,273,273,1429,252,231,83,1375,1893,1631,1375,1893,1631,1391,773,204,273,206,393,753,1375,1893,3674,3676,744,1149,128,187,1091,136,1096,1631
ACSSF,2010m1,al,000,0016,0000058,,,,,,,,,,,,,,,,,,,,,,,,,,,,,,,,,,,,,,,,,,,,,,,,,,,,,0,0,0,,,,,,,,,,,0,0,273,377,676,30,43,273,805,273,805,0
ACSSF,2010m1,al,000,0016,0000059,,,,,,,,,,,,,,,,,,,,,,,,,,,,,,,,,,,,,,,,,,,,,,,,,,,,,2583,2575,401,,,,,,,,,,,2583,2575,2574,682,589,162,273,273,864,273,864,401
ACSSF,2010m1,al,000,0016,0000060,,,,,,,,,,,,,,,,,,,,,,,,,,,,,,,,,,,,,,,,,,,,,,,,,,,,,0,0,0,,,,,,,,,,,0,0,427,1009,881,243,273,427,1374,130,1352,0
ACSSF,2010m1,al,000,0016,0000061,,,,,,,,,,,,,,,,,,,,,,,,,,,,,,,,,,,,,,,,,,,,,,,,,,,,,3054,3043,804,,,,,,,,,,,,,,,,,,,,,,
ACSSF,2010m1,al,000,0016,0000062,,,,,,,,,,,,,,,,,,,,,,,,,,,,,,,,,,,,,,,,,,,,,,,,,,,,,0,1585,1585,,,,,,,,,,,0,1585,652,1303,303,351,273,116,1230,112,1204,1585
ACSSF,2010m1,al,000,0016,0000063,,,,,,,,,,,,,,,,,,,,,,,,,,,,,,,,,,,,,,,,,,,,,,,,,,,,,6265,6122,1775,,,,,,,,,,,6265,6122,3559,5364,423,804,273,142,418,84,405,1775
ACSSF,2010m1,al,000,0016,0000064,,,,,,,,,,,,,,,,,,,,,,,,,,,,,,,,,,,,,,,,,,,,,,,,,,,,,6961,7064,2191,,,,,,,,,,,,,,,,,,,,,,
ACSSF,2010m1,al,000,0016,0000065,,,,,,,,,,,,,,,,,,,,,,,,,,,,,,,,,,,,,,,,,,,,,,,,,,,,,5390,5309,3160,,,,,,,,,,,5390,5309,5620,3335,352,1327,273,273,914,107,910,3160
ACSSF,2010m1,al,000,0016,0000066,,,,,,,,,,,,,,,,,,,,,,,,,,,,,,,,,,,,,,,,,,,,,,,,,,,,,7926,7921,1761,,,,,,,,,,,7926,7921,5919,5278,278,474,273,273,815,273,815,1761
ACSSF,2010m1,al,000,0016,0000067,,,,,,,,,,,,,,,,,,,,,,,,,,,,,,,,,,,,,,,,,,,,,,,,,,,,,5862,5785,1006,,,,,,,,,,,5862,5785,4602,4870,380,598,273,273,161,273,161,1006
ACSSF,2010m1,al,000,0016,0000068,,,,,,,,,,,,,,,,,,,,,,,,,,,,,,,,,,,,,,,,,,,,,,,,,,,,,0,0,0,,,,,,,,,,,0,0,135,428,238,343,273,135,358,273,358,0
ACSSF,2010m1,al,000,0016,0000069,,,,,,,,,,,,,,,,,,,,,,,,,,,,,,,,,,,,,,,,,,,,,,,,,,,,,1787,1758,366,,,,,,,,,,,1787,1758,2470,1839,230,111,273,273,726,273,726,366
ACSSF,2010m1,al,000,0016,0000070,,,,,,,,,,,,,,,,,,,,,,,,,,,,,,,,,,,,,,,,,,,,,,,,,,,,,0,0,0,,,,,,,,,,,0,0,273,384,365,366,72,273,667,273,667,0
ACSSF,2010m1,al,000,0016,0000071,,,,,,,,,,,,,,,,,,,,,,,,,,,,,,,,,,,,,,,,,,,,,,,,,,,,,0,0,0,,,,,,,,,,,0,0,135,728,296,630,273,273,1002,135,996,0
ACSSF,2010m1,al,000,0016,0000072,,,,,,,,,,,,,,,,,,,,,,,,,,,,,,,,,,,,,,,,,,,,,,,,,,,,,0,0,0,0,0,0,1063,515,273,273,346,880,450,0,0,516,535,76,701,273,609,749,273,749,0
ACSSF,2010m1,al,000,0016,0000073,,,,,,,,,,,,,,,,,,,,,,,,,,,,,,,,,,,,,,,,,,,,,,,,,,,,,1617,1668,305,,,,,,,,,,,,,,,,,,,,,,
ACSSF,2010m1,al,000,0016,0000074,,,,,,,,,,,,,,,,,,,,,,,,,,,,,,,,,,,,,,,,,,,,,,,,,,,,,1787,1912,515,,,,,,,,,,,1787,1912,2531,2446,203,482,273,273,900,273,900,515
ACSSF,2010m1,al,000,0016,0000075,,,,,,,,,,,,,,,,,,,,,,,,,,,,,,,,,,,,,,,,,,,,,,,,,,,,,0,0,0,0,0,0,825,546,18,273,594,411,193,0,0,273,488,119,362,132,95,607,273,607,0
ACSSF,2010m1,al,000,0016,0000076,,,,,,,,,,,,,,,,,,,,,,,,,,,,,,,,1946,2184,1975,2593,180,1023,166,273,1653,220,1619,808,1016,690,273,273,273,878,647,647,273,1946,2184,808,,,,,,,,,,,1946,2184,1975,2593,180,1023,166,273,1653,220,1619,808
ACSSF,2010m1,al,000,0016,0000077,,,,,,,,,,,,,,,,,,,,,,,,,,,,,,,,,,,,,,,,,,,,,,,,,,,,,4179,4185,281,4179,4185,281,1631,770,178,273,1249,144,355,4179,4185,2508,3575,425,895,150,273,1592,264,1584,281
ACSSF,2010m1,al,000,0016,0000078,,,,,,,,,,,,,,,,,,,,,,,,,,,,,,,,4179,4184,2507,3412,284,935,273,273,863,121,835,281,1032,417,273,273,273,883,273,273,273,4179,4184,281,,,,,,,,,,,4179,4184,2507,3412,284,935,273,273,863,121,835,281
ACSSF,2010m1,al,000,0016,0000079,,,,,,,,,,,,,,,,,,,,,,,,,,,,,,,,,,,,,,,,,,,,,,,,,,,,,0,1402,1402,,,,,,,,,,,0,1402,4,1987,741,969,273,273,458,273,458,1402
ACSSF,2010m1,al,000,0016,0000080,,,,,,,,,,,,,,,,,,,,,,,,,,,,,,,,,,,,,,,,,,,,,,,,,,,,,2572,2784,1269,2572,2784,1269,990,862,375,273,403,974,412,2572,2784,4205,4560,500,1305,273,92,864,273,864,1269
ACSSF,2010m1,al,000,0016,0000081,,,,,,,,,,,,,,,,,,,,,,,,,,,,,,,,,,,,,,,,,,,,,,,,,,,,,2572,2784,1269,,,,,,,,,,,2572,2784,4208,4570,729,1418,273,273,1033,273,1033,1269
ACSSF,2010m1,al,000,0016,0000082,,,,,,,,,,,,,,,,,,,,,,,,,,,,,,,,,,,,,,,,,,,,,,,,,,,,,0,0,0,,,,,,,,,,,0,0,495,616,388,517,273,487,886,68,892,0
ACSSF,2010m1,al,000,0016,0000083,,,,,,,,,,,,,,,,,,,,,,,,,,,,,,,,,,,,,,,,,,,,,,,,,,,,,1946,1978,234,,,,,,,,,,,1946,1978,1975,1242,235,389,273,273,649,273,649,234
ACSSF,2010m1,al,000,0016,0000084,,,,,,,,,,,,,,,,,,,,,,,,,,,,,,,,,,,,,,,,,,,,,,,,,,,,,0,0,0,0,0,0,988,757,44,273,269,305,553,0,0,23,994,240,223,273,120,919,273,919,0
ACSSF,2010m1,al,000,0016,0000085,,,,,,,,,,,,,,,,,,,,,,,,,,,,,,,,,,,,,,,,,,,,,,,,,,,,,3289,4571,3263,,,,,,,,,,,,,,,,,,,,,,
ACSSF,2010m1,al,000,0016,0000086,,,,,,,,,,,,,,,,,,,,,,,,,,,,,,,,,,,,,,,,,,,,,,,,,,,,,0,0,0,,,,,,,,,,,0,0,495,616,388,517,273,487,886,68,892,0
ACSSF,2010m1,al,000,0016,0000087,,,,,,,,,,,,,,,,,,,,,,,,,,,,,,,,,,,,,,,,,,,,,,,,,,,,,604,3018,2931,,,,,,,,,,,604,3018,4066,4684,447,858,273,142,523,202,480,2931
ACSSF,2010m1,al,000,0016,0000088,,,,,,,,,,,,,,,,,,,,,,,,,,,,,,,,,,,,,,,,,,,,,,,,,,,,,3712,3613,792,,,,,,,,,,,3712,3613,3614,465,311,150,273,273,484,273,484,792
ACSSF,2010m1,al,000,0016,0000089,,,,,,,,,,,,,,,,,,,,,,,,,,,,,,,,,,,,,,,,,,,,,,,,,,,,,787,1036,588,,,,,,,,,,,787,1036,1456,1147,143,161,273,23,502,273,502,588
ACSSF,2010m1,al,000,0016,0000090,,,,,,,,,,,,,,,,,,,,,,,,,,,,,,,,,,,,,,,,,,,,,,,,,,,,,1736,1702,437,,,,,,,,,,,1736,1702,1571,1036,184,512,273,273,536,119,561,437
ACSSF,2010m1,al,000,0016,0000091,,,,,,,,,,,,,,,,,,,,,,,,,,,,,,,,2729,2975,4016,3769,293,1445,82,113,1896,97,1892,1576,1574,294,273,273,273,1081,325,325,273,2729,2975,1576,2729,2975,1576,1718,468,273,150,1384,592,277,2729,2975,4016,3769,293,1445,82,113,1896,97,1892,1576
ACSSF,2010m1,al,000,0016,0000092,,,,,,,,,,,,,,,,,,,,,,,,,,,,,,,,,,,,,,,,,,,,,,,,,,,,,6656,6541,2656,,,,,,,,,,,6656,6541,6711,5247,387,613,273,273,709,273,709,2656
ACSSF,2010m1,al,000,0016,0000093,,,,,,,,,,,,,,,,,,,,,,,,,,,,,,,,,,,,,,,,,,,,,,,,,,,,,2730,3026,1496,2730,3026,1496,1254,704,204,273,123,302,691,2730,3026,3850,3412,625,1211,128,158,1460,273,1460,1496
ACSSF,2010m1,al,000,0016,0000094,,,,,,,,,,,,,,,,,,,,,,,,,,,,,,,,3366,3077,2744,1341,810,561,273,92,1196,273,1196,1176,1813,187,1145,273,91,1115,252,252,273,3366,3077,1176,3366,3077,1176,1414,1067,365,273,1152,1016,533,3366,3077,2744,1341,810,561,273,92,1196,273,1196,1176
ACSSF,2010m1,al,000,0016,0000095,,,,,,,,,,,,,,,,,,,,,,,,,,,,,,,,,,,,,,,,,,,,,,,,,,,,,965,845,189,965,845,189,1644,745,178,156,1249,144,386,965,845,676,1603,425,369,150,273,1676,264,1668,189
ACSSF,2010m1,al,000,0016,0000096,,,,,,,,,,,,,,,,,,,,,,,,,,,,,,,,,,,,,,,,,,,,,,,,,,,,,2833,2847,395,,,,,,,,,,,2833,2847,2990,1255,296,660,273,273,1021,135,1014,395
ACSSF,2010m1,al,000,0016,0000097,,,,,,,,,,,,,,,,,,,,,,,,,,,,,,,,,,,,,,,,,,,,,,,,,,,,,3722,3831,1299,,,,,,,,,,,3722,3831,3548,2965,273,665,273,355,654,273,654,1299
ACSSF,2010m1,al,000,0016,0000098,,,,,,,,,,,,,,,,,,,,,,,,,,,,,,,,,,,,,,,,,,,,,,,,,,,,,3722,3831,1299,,,,,,,,,,,3722,3831,3598,2787,76,622,273,466,679,273,679,1299
