ACSSF,2010m1,al,000,0002,0000001,9837,16095,23792,13302,6457,8070,16552,16379,22605,11023,5019,7638,11994,8146,6950,4465,2682,2010,7931,4668,5086,2393,1330,1461,6784,3369,4449,2308,888,1136,8543,12361,15012,12723,10902,7676,15212,12075,14306,12249,9868,7221,9423,4060,5273,4753,3172,1883,6796,3386,2773,3013,2021,1385,5035,1771,2327,2588,2114,1366,9837,10134,12720,14409,10839,12902,10690,10563,7537,5548,8456,16552,10095,16873,13096,10607,11676,9947,9770,7796,5066,8171,11994,4254,10691,5830,4412,4530,3328,3471,2027,1336,1843,7931,2712,7095,3690,2105,2703,2574,1729,1229,956,1050,6784,1775,6023,2552,1857,2282,1617,1449,1652,856,1311,218,237,682,1359,1764,12783,20873,18241,27133,21897,21438,15082,28299,16628,10257,7993,11404,9656,5345,3827,7395,8158,3064,3008,6970,12001,28157,27819,21537,27000,23808,16614,9910,14229,9577,5135,8482,8120,3553,7302,9837,16095,23792,15234,8070,16552,16379,22605,12218,7638,11994,8146,6950,5470,2010,7931,4668,5086,2773,1461,6784,3369,4449,2384,1136
ACSSF,2010m1,al,000,0002,0000002,,,,,,,,,,,,,,,,,,,,,,,,,,,,,,,,,,,,,,,,,,,,,,,,,,,,,,,,,,,,,,,,,,,,,,,,,,,,,,,,,,,,,,,,,,,,,,,,,,,,,,,,,,,,,,,,,,,,,,,,,,,,,,,,,,,,,,,,,,,,,,,,,,,,,,,,,,,,,,,,,,,,,,,,,,,,,,,,,,,,
ACSSF,2010m1,al,000,0002,0000003,,,,,,,,,,,,,,,,,,,,,,,,,,,,,,,,,,,,,,,,,,,,,,,,,,,,,,,,,,,,,,,,,,,,,,,,,,,,,,,,,,,,,,,,,,,,,,,,,,,,,,,,,,,,,,,,,,,,,,,,,,,,,,,,,,,,,,,,,,,,,,,,,,,,,,,,,,,,,,,,,,,,,,,,,,,,,,,,,,,,
ACSSF,2010m1,al,000,0002,0000004,,,,,,,,,,,,,,,,,,,,,,,,,,,,,,,,,,,,,,,,,,,,,,,,,,,,,,,,,,,,,,,,,,,,,,,,,,,,,,,,,,,,,,,,,,,,,,,,,,,,,,,,,,,,,,,,,,,,,,,,,,,,,,,,,,,,,,,,,,,,,,,,,,,,,,,,,,,,,,,,,,,,,,,,,,,,,,,,,,,,
ACSSF,2010m1,al,000,0002,0000005,,,,,,,,,,,,,,,,,,,,,,,,,,,,,,,,,,,,,,,,,,,,,,,,,,,,,,,,,,,,,,,,,,,,,,,,,,,,,,,,,,,,,,,,,,,,,,,,,,,,,,,,,,,,,,,,,,,,,,,,,,,,,,,,,,,,,,,,,,,,,,,,,,,,,,,,,,,,,,,,,,,,,,,,,,,,,,,,,,,,
ACSSF,2010m1,al,000,0002,0000006,,,,,,,,,,,,,,,,,,,,,,,,,,,,,,,,,,,,,,,,,,,,,,,,,,,,,,,,,,,,,,,,,,,,,,,,,,,,,,,,,,,,,,,,,,,,,,,,,,,,,,,,,,,,,,,,,,,,,,,,,,,,,,,,,,,,,,,,,,,,,,,,,,,,,,,,,,,,,,,,,,,,,,,,,,,,,,,,,,,,
ACSSF,2010m1,al,000,0002,0000007,,,,,,,,,,,,,,,,,,,,,,,,,,,,,,,,,,,,,,,,,,,,,,,,,,,,,,,,,,,,,,,,,,,,,,,,,,,,,,,,,,,,,,,,,,,,,,,,,,,,,,,,,,,,,,,,,,,,,,,,,,,,,,,,,,,,,,,,,,,,,,,,,,,,,,,,,,,,,,,,,,,,,,,,,,,,,,,,,,,,
ACSSF,2010m1,al,000,0002,0000008,,,,,,,,,,,,,,,,,,,,,,,,,,,,,,,,,,,,,,,,,,,,,,,,,,,,,,,,,,,,,,,,,,,,,,,,,,,,,,,,,,,,,,,,,,,,,,,,,,,,,,,,,,,,,,,,,,,,,,,,,,,,,,,,,,,,,,,,,,,,,,,,,,,,,,,,,,,,,,,,,,,,,,,,,,,,,,,,,,,,
ACSSF,2010m1,al,000,0002,0000009,,,,,,,,,,,,,,,,,,,,,,,,,,,,,,,,,,,,,,,,,,,,,,,,,,,,,,,,,,,,,,,,,,,,,,,,,,,,,,,,,,,,,,,,,,,,,,,,,,,,,,,,,,,,,,,,,,,,,,,,,,,,,,,,,,,,,,,,,,,,,,,,,,,,,,,,,,,,,,,,,,,,,,,,,,,,,,,,,,,,
ACSSF,2010m1,al,000,0002,0000010,,,,,,,,,,,,,,,,,,,,,,,,,,,,,,,,,,,,,,,,,,,,,,,,,,,,,,,,,,,,,,,,,,,,,,,,,,,,,,,,,,,,,,,,,,,,,,,,,,,,,,,,,,,,,,,,,,,,,,,,,,,,,,,,,,,,,,,,,,,,,,,,,,,,,,,,,,,,,,,,,,,,,,,,,,,,,,,,,,,,
ACSSF,2010m1,al,000,0002,0000011,,,,,,,,,,,,,,,,,,,,,,,,,,,,,,,,,,,,,,,,,,,,,,,,,,,,,,,,,,,,,,,,,,,,,,,,,,,,,,,,,,,,,,,,,,,,,,,,,,,,,,,,,,,,,,,,,,,,,,,,,,,,,,,,,,,,,,,,,,,,,,,,,,,,,,,,,,,,,,,,,,,,,,,,,,,,,,,,,,,,
ACSSF,2010m1,al,000,0002,0000012,,,,,,,,,,,,,,,,,,,,,,,,,,,,,,,,,,,,,,,,,,,,,,,,,,,,,,,,,,,,,,,,,,,,,,,,,,,,,,,,,,,,,,,,,,,,,,,,,,,,,,,,,,,,,,,,,,,,,,,,,,,,,,,,,,,,,,,,,,,,,,,,,,,,,,,,,,,,,,,,,,,,,,,,,,,,,,,,,,,,
ACSSF,2010m1,al,000,0002,0000013,3308,3088,5566,2921,1123,1647,3483,3016,5048,2734,1039,1218,2660,1309,1797,842,393,918,982,615,225,484,244,272,1518,449,1308,353,250,246,2912,2041,3091,2885,2370,1476,3107,1894,3116,2761,2327,1408,2379,1213,1180,1344,936,175,771,284,517,271,433,232,1498,551,549,729,418,350,3308,1960,3405,2525,1914,2971,1918,2285,1941,1263,1565,3483,1717,3587,2312,1626,2681,1775,2201,1849,1228,1503,2660,818,2305,1228,910,989,546,650,442,153,760,982,252,965,642,303,387,212,315,319,273,273,1518,393,1264,494,502,323,465,161,554,129,272,1257,1440,4302,3855,7383,4343,3683,2783,5410,4430,2972,3092,5049,4105,2340,1454,2906,1027,665,274,664,2228,582,273,2077,4419,6017,5543,4510,5317,4517,4104,2223,3701,996,494,859,2228,1059,2015,3308,3088,5566,3189,1647,3483,3016,5048,3021,1218,2660,1309,1797,934,918,982,615,225,553,272,1518,449,1308,435,246
ACSSF,2010m1,al,000,0002,0000014,3317,2622,3621,2345,1182,1167,3082,2276,3163,1915,1002,1062,2462,1291,1218,1201,555,265,1629,893,583,497,306,359,979,647,692,126,49,132,2214,2449,2350,2354,1479,1003,2374,2004,2222,2030,1407,883,2100,831,1177,975,442,231,1475,1288,469,468,147,375,789,433,405,317,189,55,3317,1814,2960,2437,1758,1588,1767,1378,1393,796,1233,3082,1624,2819,2126,1306,1528,1445,1332,1352,796,1160,2462,549,2192,1061,880,502,844,540,341,273,338,1629,414,1543,782,808,347,89,253,137,273,103,979,341,846,268,496,412,182,187,273,45,132,1264,1834,2362,1935,5444,4234,3633,4011,5481,3878,3432,3704,4930,2965,1639,1244,2072,2160,914,310,1556,1052,273,254,1047,4269,4610,4945,3914,4054,4335,2899,1424,2730,2160,932,1714,1052,786,706,3317,2622,3621,2783,1167,3082,2276,3163,2256,1062,2462,1291,1218,1328,265,1629,893,583,575,359,979,647,692,134,132
ACSSF,2010m1,al,000,0002,0000015,1604,2267,3224,1786,873,1217,2184,1902,3033,1370,676,1239,1897,1188,1250,681,580,83,1102,547,829,372,273,273,679,324,338,495,273,273,1334,1572,2076,1940,1241,884,1832,1346,1891,1715,1228,884,1627,758,972,919,320,273,1010,221,513,573,137,273,679,321,353,308,115,273,1604,1718,2122,1990,1404,1737,1278,1413,824,640,870,2184,1546,2413,1608,1308,1559,1185,1319,712,434,821,1897,690,1585,828,333,852,516,126,215,347,354,1102,244,1020,270,307,137,273,429,385,370,273,679,53,667,430,197,255,273,21,273,273,273,2026,2110,2630,33449,1350,2175,3735,2988,4463,2859,2744,2889,4112,2662,2312,444,1481,1693,219,302,1674,689,267,294,449,2274,3708,3404,2968,3524,2261,2728,1413,2558,1695,1683,362,689,479,484,1604,2267,3224,1936,1217,2184,1902,3033,1484,1239,1897,1188,1250,817,83,1102,547,829,372,273,679,324,338,495,273
ACSSF,2010m1,al,000,0002,0000016,2594,1939,3416,1144,943,1155,2208,1938,2352,1049,568,1075,1801,517,1470,296,556,435,2318,757,1570,290,273,325,591,93,524,249,273,273,1714,1777,1596,1679,804,724,1611,1673,1582,1610,721,730,1251,636,647,479,466,60,1360,498,655,721,273,273,574,91,531,90,101,273,,,,,,,,,,,,,,,,,,,,,,,,,,,,,,,,,,,,,,,,,,,,,,,,,,,,,,,,1733,1711,13098,5926,18953,3698,4422,3923,5048,3122,3927,3035,4739,2652,1267,2177,1457,2760,743,1393,2057,1686,273,1641,376,3693,2897,4301,3102,3424,2484,2652,2112,1699,2760,136,2731,1686,251,1661,2594,1939,3416,1314,1155,2208,1938,2352,1079,1075,1801,517,1470,618,435,2318,757,1570,290,325,591,93,524,249,273
ACSSF,2010m1,al,000,0002,0000017,2410,1694,3371,1260,549,1167,2211,1518,3018,1281,479,1111,1199,476,877,229,99,12,1235,788,645,347,127,211,753,273,651,273,294,155,2139,1376,1767,2304,1399,1011,1910,1303,1738,2249,1316,995,953,347,397,466,166,105,1015,411,553,254,395,162,710,276,125,535,347,273,2410,1451,2600,1648,939,1479,1413,1366,1215,658,1062,2211,1342,2479,1546,835,1347,1379,1321,1180,599,1070,1199,327,1007,389,245,386,469,387,273,273,105,1235,530,1091,480,368,349,499,208,248,273,273,753,181,700,345,274,479,140,301,273,234,273,1933,2324,7134,6304,17106,3526,2152,1314,3565,3482,2095,1263,3613,1536,497,420,1183,1058,432,335,912,938,345,123,856,3500,3776,2938,3444,3656,2688,1536,1005,1465,1029,613,800,938,931,462,2410,1694,3371,1357,1167,2211,1518,3018,1320,1111,1199,476,877,249,12,1235,788,645,373,211,753,273,651,294,155
ACSSF,2010m1,al,000,0002,0000018,1977,1929,3511,1760,956,1229,2872,2221,3345,1534,737,1157,2687,1397,1771,823,449,525,970,688,499,327,95,71,183,134,102,82,273,273,1514,2420,2420,2310,1207,821,2071,2224,2153,1998,1008,814,1854,1163,967,1000,663,67,683,213,267,554,273,273,131,273,273,82,273,102,1977,1700,2081,2046,1429,1744,1472,2263,1164,618,611,2872,1601,2673,1922,1359,1535,1400,2148,1148,579,611,2687,760,2253,1220,666,780,814,407,148,305,273,970,346,839,486,255,531,255,133,273,71,273,183,273,183,156,273,273,273,102,273,273,273,1719,1733,7520,12458,29907,2647,3632,4243,4958,3672,3179,2930,4853,3432,1436,2537,1739,1216,875,513,596,183,156,273,102,2740,3449,3503,3709,4117,2716,3490,2124,2380,1216,554,1051,183,165,82,1977,1929,3511,2047,1229,2872,2221,3345,1675,1157,2687,1397,1771,977,525,970,688,499,340,71,183,134,102,82,273
ACSSF,2010m1,al,000,0002,0000019,2028,1727,2402,1363,456,785,1526,1237,2231,1263,338,654,993,622,460,387,287,194,1335,721,875,248,273,486,1052,997,282,45,273,273,1614,1094,1476,1538,741,767,1198,947,1510,1207,664,639,807,446,469,372,103,94,1146,358,382,654,388,327,637,172,284,421,85,104,2028,1180,1841,1362,1117,1268,1231,898,790,484,703,1526,853,1508,989,922,1118,1014,898,811,473,612,993,368,860,578,401,286,212,173,141,41,92,1335,325,1221,742,461,322,569,190,273,273,375,1052,587,843,650,197,405,273,273,273,273,189,1054,1293,1663,5454,4087,3431,2909,1667,2850,2253,1929,1511,2343,1395,917,867,824,2192,1309,343,1519,1581,1477,33,588,3431,2509,3937,2260,2410,2393,1462,666,1375,2187,574,2023,1581,377,1530,2028,1727,2402,1401,785,1526,1237,2231,1313,654,993,622,460,503,194,1335,721,875,248,486,1052,997,282,45,273
ACSSF,2010m1,al,000,0002,0000020,5239,5736,8973,5340,1974,3200,6618,6096,8115,4705,1546,3007,5365,4129,2730,1873,1319,998,2762,1818,1890,838,425,527,1575,1032,1303,451,273,219,4140,3991,4494,4849,4554,3134,5549,3860,4285,4478,4165,2916,4404,1250,2131,2587,1228,1037,2325,1190,887,1141,824,583,1472,669,537,717,387,695,5239,4560,5612,5296,4188,4181,4122,3827,3418,2177,2637,6618,3911,6636,4936,3460,3790,3260,3317,3131,2046,2756,5365,2148,4557,2450,2036,1803,1407,1833,981,591,637,2762,1045,2281,1150,722,824,1249,799,394,243,403,1575,357,1521,690,803,545,520,420,578,167,423,773,1025,2045,4334,7213,7442,7880,6724,8890,8647,7985,5432,8876,7788,5456,3501,4308,4093,1677,2162,3012,2159,886,521,2012,7898,11887,11152,8742,11154,10238,7820,3976,7287,4050,2248,3358,2217,1101,1974,5239,5736,8973,5804,3200,6618,6096,8115,5130,3007,5365,4129,2730,2381,998,2762,1818,1890,924,527,1575,1032,1303,451,219
ACSSF,2010m1,al,000,0002,0000021,2067,1906,2879,1691,446,1048,2973,2076,2778,1598,425,1010,2393,1818,658,599,118,445,1145,880,733,63,133,273,738,354,553,220,273,106,1587,1316,2032,1894,1710,1137,1946,1301,1934,1863,1556,1082,1250,357,1038,286,332,319,568,146,216,94,401,181,626,273,466,372,223,120,,,,,,,,,,,,,,,,,,,,,,,,,,,,,,,,,,,,,,,,,,,,,,,,,,,,,,,,1714,1766,2611,2157,12643,3295,3132,2375,3896,3899,2773,2237,3793,2687,1777,522,1541,1199,894,273,780,957,429,284,872,3296,4228,4428,3901,4274,3143,2687,1570,2361,1199,687,1032,958,788,503,2067,1906,2879,1802,1048,2973,2076,2778,1672,1010,2393,1818,658,589,445,1145,880,733,146,273,738,354,553,220,106
ACSSF,2010m1,al,000,0002,0000022,3312,2876,3441,1837,739,884,2894,2631,3086,1730,577,828,2373,1849,1753,284,455,158,1495,1087,487,130,248,299,1448,956,932,459,102,273,2108,1775,1609,2317,1791,1453,1849,1499,1597,2074,1485,1297,1241,525,604,541,601,461,657,490,242,333,199,177,1095,237,331,570,578,473,3312,1753,3062,2388,1744,2211,1598,1352,1500,880,1033,2894,1345,2832,2151,1417,1732,1365,1245,1476,859,969,2373,473,2253,1279,860,1280,579,464,207,90,112,1495,819,964,451,534,261,339,278,273,273,54,1448,429,1318,697,360,440,398,246,356,170,131,1331,2363,1910,5084,6224,4153,2992,2839,5110,3468,2653,2516,4371,2642,1556,836,2142,1650,1114,456,864,1872,688,586,1708,4154,4698,4244,3471,4201,4190,2642,1606,2306,1643,642,1341,1872,937,1578,3312,2876,3441,1886,884,2894,2631,3086,1766,828,2373,1849,1753,529,158,1495,1087,487,301,299,1448,956,932,478,273
ACSSF,2010m1,al,000,0002,0000023,2233,2228,2944,1309,483,764,2206,1921,3112,1257,351,631,1131,634,722,491,303,63,1060,614,354,256,82,355,1189,886,434,161,273,173,1627,1383,1817,1766,1351,806,1750,1343,1752,1707,1359,801,842,399,363,437,264,213,621,260,256,411,55,273,479,349,215,64,273,77,2233,1267,2371,1291,1064,1295,1469,1676,861,793,1138,2206,1318,2291,1202,888,1260,1453,1583,876,791,1106,1131,376,983,457,466,131,360,210,128,73,243,1060,390,891,411,203,310,179,157,273,273,319,1189,413,937,406,203,87,392,422,64,273,273,1889,2714,6327,7848,20518,2925,2440,2264,3546,3006,2189,2126,3081,1332,1074,434,1015,1217,207,332,1081,1233,841,46,898,2911,3519,3034,3006,3675,2475,1332,908,1257,1117,693,843,1233,518,1055,2233,2228,2944,1439,764,2206,1921,3112,1351,631,1131,634,722,567,63,1060,614,354,294,355,1189,886,434,161,173
ACSSF,2010m1,al,000,0002,0000024,3689,4059,6001,3210,1362,1610,3867,3837,5437,3056,1124,1538,3251,1832,1548,1052,835,312,1811,1237,1118,360,393,243,2136,1020,1176,545,252,723,3141,3256,4069,4267,3365,2870,2786,2999,3769,4067,2805,2732,2428,983,1122,1230,1316,674,1410,609,648,480,484,233,2032,844,759,503,764,571,3689,2827,3880,4222,2742,3240,2825,2734,1932,1569,3159,3867,2652,3881,3840,2617,2887,2560,2513,1736,1406,2893,3251,818,2900,1406,614,1140,1147,897,879,340,546,1811,780,1412,1042,359,365,174,345,386,462,188,2136,708,1748,649,579,1070,311,314,289,148,555,1257,2154,1564,2612,1894,4546,5468,4958,7281,5095,4465,4562,7034,4609,2421,1176,3381,2465,1980,258,1702,2718,635,1258,1944,4580,6341,7153,5221,6378,5586,4625,2807,3678,2454,1538,1867,2713,997,2407,3689,4059,6001,3365,1610,3867,3837,5437,3196,1538,3251,1832,1548,1381,312,1811,1237,1118,534,243,2136,1020,1176,630,723
ACSSF,2010m1,al,000,0002,0000025,3044,1942,3185,2050,492,1065,3376,2039,3176,1874,335,987,2184,824,1413,838,355,134,1230,422,876,318,172,153,530,273,313,306,273,273,2069,2246,2197,2153,986,987,2568,2129,2170,2067,931,987,1810,996,771,1132,380,273,822,590,250,459,243,273,530,273,307,65,306,273,,,,,,,,,,,,,,,,,,,,,,,,,,,,,,,,,,,,,,,,,,,,,,,,,,,,,,,,944,952,7648,5847,446838,3654,3433,2995,4712,4619,3089,2653,4616,3400,2114,1227,2699,1268,631,326,1120,550,133,273,526,3656,3836,4602,4616,4114,3993,3422,2795,2728,1276,473,1193,550,273,550,3044,1942,3185,2071,1065,3376,2039,3176,1867,987,2184,824,1413,896,134,1230,422,876,399,153,530,273,313,306,273
ACSSF,2010m1,al,000,0002,0000026,3633,4104,5891,4031,1880,1716,4847,4442,5787,3196,1473,1671,4346,2407,2204,1646,992,560,1354,894,1166,552,175,203,2394,942,1306,1370,513,127,3100,3621,4909,4351,3211,1977,3786,3246,4233,3986,3066,1846,3518,1530,2099,1654,848,434,1229,762,631,718,393,197,2229,537,1277,1273,197,188,3633,3545,4380,4159,2885,3726,3466,3086,2529,1485,2055,4847,3419,5173,3841,2842,3588,2876,2727,2459,1399,2056,4346,1488,3642,1801,1336,1472,1270,1200,579,431,629,1354,543,1265,695,161,618,351,467,273,117,189,2394,825,2237,1264,565,564,726,454,407,366,512,685,762,2676,5008,3910,5388,7701,7157,8669,6881,7238,6351,8272,5696,3627,2323,3994,2602,1843,1783,914,2503,1113,1374,2308,5387,8525,9231,6830,8200,8609,5777,2895,5095,2635,1716,1921,2715,1081,2689,3633,4104,5891,4303,1716,4847,4442,5787,3489,1671,4346,2407,2204,1953,560,1354,894,1166,572,203,2394,942,1306,1367,127
ACSSF,2010m1,al,000,0002,0000027,3482,3767,5131,3150,1658,1558,3908,4154,4496,2358,973,1408,3262,2503,1137,1742,890,342,2078,1175,1194,348,329,356,1688,765,1226,506,612,158,2841,2407,3024,2807,2405,2571,3030,2335,2879,2463,2273,2408,2524,1081,1290,1573,752,656,1809,468,937,877,589,236,1516,277,754,589,651,462,3482,2331,3623,2858,1934,3027,2012,2102,1896,1281,1880,3908,2098,3793,2706,1655,2507,1943,2050,1851,1093,1719,3262,1273,2523,1657,1134,1299,1013,841,486,131,496,2078,533,1888,950,99,988,407,491,127,475,429,1688,446,1602,527,373,803,523,262,340,131,471,1122,1867,1795,1722,8726,5069,5328,3642,7573,5239,4992,2990,6131,4463,3248,1917,3304,2535,1121,593,1924,2390,440,455,2272,5111,5685,6301,5214,5613,5912,4524,2698,3802,2543,1363,1855,2436,1098,2150,3482,3767,5131,3603,1558,3908,4154,4496,2655,1408,3262,2503,1137,1916,342,2078,1175,1194,517,356,1688,765,1226,791,158
ACSSF,2010m1,al,000,0002,0000028,2288,2268,3710,1650,1008,959,2481,2307,3311,1570,775,915,1942,863,1094,521,308,354,1632,1187,883,369,483,409,661,285,543,240,80,86,2067,2600,2387,2199,1650,987,2004,2358,2269,2167,1648,991,1429,547,804,638,303,118,1421,1016,640,482,131,86,635,336,160,316,181,273,2288,1374,2468,2133,1634,2171,1709,1705,1454,694,967,2481,1277,2581,1925,1459,1965,1548,1553,1379,680,948,1942,489,1678,753,578,548,431,599,305,49,192,1632,691,1274,588,749,336,603,242,133,273,273,661,276,489,194,137,380,157,273,273,119,86,1989,2140,5151,4577,5872,3660,3997,2685,4116,3236,2850,2532,4553,2587,1267,594,2108,2283,1389,735,996,1496,1462,273,425,3776,4416,5148,3388,4531,3993,2567,1911,1642,2291,801,2248,1496,430,1458,2288,2268,3710,1934,959,2481,2307,3311,1857,915,1942,863,1094,552,354,1632,1187,883,658,409,661,285,543,242,86
ACSSF,2010m1,al,000,0002,0000029,2166,2043,2770,1468,681,1131,2794,1912,2943,1336,612,1128,2064,819,1347,494,215,283,1219,862,462,515,214,147,365,199,282,273,273,114,2010,1911,2064,2503,1694,702,2511,1910,1780,2304,1660,702,1646,508,781,1082,205,273,978,225,832,470,183,273,329,114,170,120,153,273,2166,1662,2455,1730,1457,2001,1171,1564,1190,914,1543,2794,1652,2721,1562,1304,1658,1106,1480,1233,902,1458,2064,649,1631,433,257,925,300,1034,315,273,135,1219,136,1240,813,538,514,120,313,273,273,158,365,120,303,199,273,114,273,273,273,120,153,3280,3940,12421,5610,102532,2703,2290,3456,4010,3449,2312,2701,4191,2927,338,2139,1850,1612,634,550,1259,329,116,273,306,2648,3786,3558,3436,4175,2934,2927,1773,2159,1612,582,1493,329,122,306,2166,2043,2770,1495,1131,2794,1912,2943,1386,1128,2064,819,1347,543,283,1219,862,462,559,147,365,199,282,273,114
ACSSF,2010m1,al,000,0002,0000030,3312,2834,4389,2664,1001,1445,2751,2400,4095,2402,766,1382,2050,1199,825,851,331,358,1909,930,1139,734,432,92,1626,336,1411,534,105,58,2831,1870,2673,3424,3019,1943,2384,1665,2660,2942,2668,1823,1642,547,669,1203,512,166,1543,452,554,842,751,299,1517,289,270,526,1061,336,3312,2176,3412,1910,2103,2313,2119,1885,1803,1300,1964,2751,1959,2862,1788,1974,2147,1925,1651,1639,1105,1874,2050,576,1949,852,575,525,620,503,490,728,134,1909,347,1800,678,664,714,551,464,249,56,383,1626,475,1330,447,167,271,374,685,364,91,471,1161,1153,7109,4995,21240,4685,3094,2949,4595,3868,2842,2722,3838,2442,1510,768,2218,2199,674,731,1839,2374,281,167,2283,4667,5468,5457,3864,4918,3490,2442,1315,2601,2199,1215,1706,2371,385,2336,3312,2834,4389,2784,1445,2751,2400,4095,2511,1382,2050,1199,825,914,358,1909,930,1139,865,92,1626,336,1411,533,58
ACSSF,2010m1,al,000,0002,0000031,2905,2027,2876,1682,1007,1142,2871,1925,2850,1569,1033,1055,1361,640,829,388,287,313,1453,613,910,208,491,474,566,284,151,216,273,446,2272,1641,1817,1848,1027,911,2284,1611,1736,1789,908,888,1035,505,482,484,79,151,1282,670,680,241,362,326,545,417,199,184,243,273,2905,1365,2630,1838,1074,1554,1244,1143,806,525,564,2871,1241,2894,1850,933,1662,1155,1035,765,525,497,1361,475,1148,745,289,547,285,196,286,273,158,1453,430,1304,734,116,205,532,444,58,273,308,566,169,562,199,453,80,219,158,273,273,273,1332,1417,5443,12652,773,3602,2676,2121,4476,3574,2619,2098,4278,1605,1229,313,1011,1813,641,273,1513,548,207,139,499,3815,5332,4650,3678,5158,4243,1585,893,1492,1813,1435,1443,539,361,413,2905,2027,2876,1919,1142,2871,1925,2850,1960,1055,1361,640,829,467,313,1453,613,910,528,474,566,284,151,216,446
ACSSF,2010m1,al,000,0002,0000032,3204,4307,4085,2088,715,1332,4405,4148,3848,1947,626,1356,3518,2865,1575,434,183,138,1503,838,1124,191,180,92,1047,918,550,148,30,273,1578,1973,2865,3139,2020,1703,2605,1719,2777,3047,1777,1317,2146,849,1049,1010,609,545,1081,207,274,281,592,642,472,78,28,270,273,436,3204,3122,3538,3213,2078,2953,2579,1794,1874,858,1342,4405,3110,3975,2930,1893,2984,2185,1769,1660,876,1251,3518,949,3162,1974,1513,877,948,499,532,134,347,1503,143,1484,624,521,504,488,89,324,136,257,1047,237,984,543,451,384,71,348,353,273,273,1173,1325,2170,3458,8970,4742,4360,3669,6770,5972,3302,3743,6872,4315,2608,1132,3200,1713,491,270,1698,1030,298,273,997,4487,6413,5976,5980,6530,5378,4315,2095,3664,1709,950,1415,1030,563,826,3204,4307,4085,2093,1332,4405,4148,3848,1964,1356,3518,2865,1575,407,138,1503,838,1124,281,92,1047,918,550,152,273
ACSSF,2010m1,al,000,0002,0000033,1419,1714,2278,1888,876,1018,1857,1635,2274,1771,878,1047,1229,441,891,543,91,233,822,473,541,149,76,81,374,244,219,20,42,273,1210,1693,1654,1721,865,485,1611,1655,1680,1663,845,473,1078,554,737,445,39,37,690,371,338,269,84,273,317,139,133,71,108,106,,,,,,,,,,,,,,,,,,,,,,,,,,,,,,,,,,,,,,,,,,,,,,,,,,,,,,,,1527,1631,2054,5307,6252,2068,3170,2017,3258,2958,3172,1871,2894,2032,1709,495,1343,838,478,467,475,499,286,273,365,2076,3653,3233,2958,3350,2883,2043,1325,1714,838,257,793,608,430,404,1419,1714,2278,1968,1018,1857,1635,2274,1868,1047,1229,441,891,544,233,822,473,541,167,81,374,244,219,48,273
ACSSF,2010m1,al,000,0002,0000034,4963,4381,4421,3159,1601,1936,4338,4007,3979,2769,1201,1795,4322,3149,1313,1217,1073,675,1155,1104,312,313,151,514,1197,851,646,602,273,273,4502,2851,3463,2988,2441,1751,4214,2691,2987,3015,2180,1561,3552,1169,1921,1583,869,623,964,339,523,461,546,303,1023,273,319,646,666,323,4963,2715,4728,3657,2855,2726,2531,2225,1725,800,1201,4338,2221,4384,3148,2342,2278,2153,1815,1607,704,1187,4322,1617,3844,1880,1518,1550,1066,1168,628,225,258,1155,402,1056,740,361,251,456,300,104,243,106,1197,216,1144,527,227,257,534,361,487,94,342,1079,1269,2317,7485,11571,6062,6741,3974,6145,5465,5468,3020,5835,6348,4743,2180,3180,1253,698,432,1029,1363,422,167,1241,6217,6691,7690,5369,6098,6053,6347,2060,5900,1370,1057,1231,1393,907,1153,4963,4381,4421,3570,1936,4338,4007,3979,3053,1795,4322,3149,1313,1767,675,1155,1104,312,373,514,1197,851,646,602,273
ACSSF,2010m1,al,000,0002,0000035,1833,1620,1538,739,380,561,1411,1024,1415,689,262,403,795,477,385,363,258,148,1118,727,647,162,273,364,857,828,197,30,273,273,1384,712,1203,1099,709,511,1233,671,1103,842,628,465,636,344,380,346,99,114,892,358,290,488,361,31,588,273,296,451,85,104,1833,1095,1587,1085,844,945,789,661,577,359,630,1411,733,1331,732,640,766,717,622,578,349,436,795,296,718,546,262,273,204,163,115,30,54,1118,295,1029,715,409,322,164,24,273,273,358,857,590,609,382,64,405,273,273,273,273,189,1565,2003,1953,1662,12970,2709,2376,1408,2260,2008,1387,1074,2056,1206,843,811,663,1560,1295,374,663,1355,1213,33,588,2707,1925,2659,2012,1901,1731,1230,491,1166,1564,535,1318,1355,413,1276,1833,1620,1538,753,561,1411,1024,1415,692,403,795,477,385,470,148,1118,727,647,162,364,857,828,197,30,273
ACSSF,2010m1,al,000,0002,0000036,4037,1969,3444,1349,691,984,3673,1854,3105,1303,520,943,1472,942,916,189,401,338,1147,549,982,286,273,72,572,344,274,235,273,273,3421,1007,1534,1869,2118,1635,3156,796,1194,1726,1964,1512,1210,64,864,493,507,411,1073,536,416,514,361,256,422,273,125,104,299,182,4037,1321,3695,1610,1524,1316,1517,1431,1092,745,1573,3673,1206,3394,1529,1193,1143,1413,1165,1027,578,1531,1472,467,1258,511,634,573,242,312,442,392,320,1147,242,1062,488,36,242,475,684,258,273,124,572,91,520,395,273,104,273,119,110,273,103,3114,3962,12456,9355,4668,4889,1798,2736,5181,4713,1616,2010,4925,2249,1264,1215,1486,1982,130,1457,1380,692,235,104,639,4889,5263,4327,4713,4764,3828,2249,1287,2122,1982,795,1807,692,392,622,4037,1969,3444,1519,984,3673,1854,3105,1421,943,1472,942,916,423,338,1147,549,982,286,72,572,344,274,235,273
ACSSF,2010m1,al,000,0002,0000037,3715,3570,4784,2367,1222,1212,4459,3522,4504,2456,989,1116,2446,1579,965,766,757,270,1243,749,759,260,387,243,1483,712,638,363,188,607,3497,2246,3059,3276,2459,2255,3520,2000,2688,3218,2149,2191,1829,699,1001,882,876,474,1096,477,460,487,311,229,1431,768,618,407,120,259,3715,1957,3925,2958,2392,1999,1989,1974,1518,883,2230,4459,1730,4355,3003,2232,1814,1847,1912,1461,858,2226,2446,705,2136,1076,537,850,917,706,425,191,258,1243,623,924,641,243,349,197,340,214,94,176,1483,287,1397,574,538,910,230,253,234,273,120,1661,1542,1922,4004,6856,4188,4356,2684,5097,4863,3439,2470,4914,3621,2335,1077,1905,2017,1361,273,1527,1450,466,517,1146,4138,5690,5662,5022,5654,5171,3618,1854,3113,2008,1199,1789,1443,799,1198,3715,3570,4784,2738,1212,4459,3522,4504,2650,1116,2446,1579,965,1106,270,1243,749,759,493,243,1483,712,638,444,607
ACSSF,2010m1,al,000,0002,0000038,3959,3584,3492,3120,1654,1503,4017,3801,3419,2063,1217,1373,3082,1792,1083,1274,769,536,1073,597,909,384,175,204,2182,799,991,1322,509,109,3688,1955,3143,2869,2014,1640,3257,1706,2878,2355,1854,1550,2363,730,1098,1217,750,443,935,320,496,536,386,273,2158,503,1200,1190,197,136,3959,2641,4211,3331,2108,2462,2221,2526,1649,881,1512,4017,2227,4052,2763,1778,2501,1884,2088,1606,797,1476,3082,954,2638,1347,1008,1003,734,960,461,273,579,1073,497,824,532,161,247,351,364,273,273,175,2182,645,2155,1203,537,392,698,398,132,355,510,1192,1198,4202,9767,4567,4354,5595,5339,6945,4381,5114,4825,6770,3865,2920,1742,2938,1900,690,1763,574,2314,1110,678,2206,4288,5926,6828,4287,6035,6305,3928,1345,3931,1900,631,1830,2434,382,2404,3959,3584,3492,3317,1503,4017,3801,3419,2256,1373,3082,1792,1083,1551,536,1073,597,909,404,204,2182,799,991,1296,109
ACSSF,2010m1,al,000,0002,0000039,4146,3910,4833,3007,1554,1329,4530,4129,4165,2287,877,1195,3243,2531,1127,1714,880,342,2087,1205,1168,325,219,356,1694,759,1226,506,612,158,3632,2317,3097,2792,2226,2393,3877,2235,2986,2560,2135,2196,2498,1074,1290,1499,748,662,1805,461,927,873,585,226,1522,259,754,589,651,462,4146,2390,4051,2955,1795,2944,1998,2273,1588,1276,1757,4530,2215,4232,2565,1538,2438,1933,2184,1519,1097,1558,3243,1228,2552,1691,1046,1299,1002,836,486,131,495,2087,520,1861,955,99,968,407,478,127,475,403,1694,446,1608,527,355,803,523,262,340,131,471,1281,1853,1853,1568,8837,5782,5135,3542,7464,6037,4880,2814,6408,4441,3280,1917,3204,2478,1117,593,1829,2390,440,455,2272,5752,6126,6758,5973,6174,6009,4501,2680,3887,2486,1314,1835,2436,1098,2150,4146,3910,4833,3427,1329,4530,4129,4165,2519,1195,3243,2531,1127,1897,342,2087,1205,1168,454,356,1694,759,1226,791,158
ACSSF,2010m1,al,000,0002,0000040,2700,3273,2375,1407,593,1098,3210,2386,2432,1213,560,1104,2875,2499,1074,398,140,124,869,649,775,138,136,54,932,771,561,74,30,273,2360,1400,1975,2254,1665,1235,2589,1163,1889,2105,1539,1127,1688,766,702,887,280,433,669,180,178,246,494,224,451,78,28,193,273,397,2700,2119,2851,2518,1693,1584,1596,1331,1253,553,1198,3210,2056,2722,1932,1242,1542,1369,1286,1060,524,1159,2875,642,2727,1888,1359,823,596,310,104,106,148,869,140,850,597,186,232,340,273,134,273,167,932,237,851,345,451,384,28,348,310,273,273,1668,2260,2027,8682,8365,3721,3982,2166,5315,4541,3256,2075,5133,3636,2666,967,2085,979,471,245,973,910,298,273,869,3518,4515,4480,4489,4524,3807,3636,1352,3412,961,666,703,910,431,785,2700,3273,2375,1357,1098,3210,2386,2432,1201,1104,2875,2499,1074,385,124,869,649,775,196,54,932,771,561,81,273
ACSSF,2010m1,al,000,0002,0000041,4963,4381,4421,3159,1601,1936,4338,4007,3979,2769,1201,1795,4322,3149,1313,1217,1073,675,1155,1104,312,313,151,514,1197,851,646,602,273,273,4502,2851,3463,2988,2441,1751,4214,2691,2987,3015,2180,1561,3552,1169,1921,1583,869,623,964,339,523,461,546,303,1023,273,319,646,666,323,4963,2715,4728,3657,2855,2726,2531,2225,1725,800,1201,4338,2221,4384,3148,2342,2278,2153,1815,1607,704,1187,4322,1617,3844,1880,1518,1550,1066,1168,628,225,258,1155,402,1056,740,361,251,456,300,104,243,106,1197,216,1144,527,227,257,534,361,487,94,342,1079,1269,2317,7485,11571,6062,6741,3974,6145,5465,5468,3020,5835,6348,4743,2180,3180,1253,698,432,1029,1363,422,167,1241,6217,6691,7690,5369,6098,6053,6347,2060,5900,1370,1057,1231,1393,907,1153,4963,4381,4421,3570,1936,4338,4007,3979,3053,1795,4322,3149,1313,1767,675,1155,1104,312,373,514,1197,851,646,602,273
ACSSF,2010m1,al,000,0002,0000042,4037,1969,3444,1349,691,984,3673,1854,3105,1303,520,943,1472,942,916,189,401,338,1147,549,982,286,273,72,572,344,274,235,273,273,3421,1007,1534,1869,2118,1635,3156,796,1194,1726,1964,1512,1210,64,864,493,507,411,1073,536,416,514,361,256,422,273,125,104,299,182,4037,1321,3695,1610,1524,1316,1517,1431,1092,745,1573,3673,1206,3394,1529,1193,1143,1413,1165,1027,578,1531,1472,467,1258,511,634,573,242,312,442,392,320,1147,242,1062,488,36,242,475,684,258,273,124,572,91,520,395,273,104,273,119,110,273,103,3114,3962,12456,9355,4668,4889,1798,2736,5181,4713,1616,2010,4925,2249,1264,1215,1486,1982,130,1457,1380,692,235,104,639,4889,5263,4327,4713,4764,3828,2249,1287,2122,1982,795,1807,692,392,622,4037,1969,3444,1519,984,3673,1854,3105,1421,943,1472,942,916,423,338,1147,549,982,286,72,572,344,274,235,273
ACSSF,2010m1,al,000,0002,0000043,1835,1513,1520,775,380,561,1385,951,1387,692,262,403,795,477,385,363,258,148,1118,727,647,162,273,364,857,828,197,30,273,273,1389,712,1203,1084,695,475,1221,671,1103,779,607,429,636,344,380,346,99,114,892,358,290,488,361,31,588,273,296,451,85,104,1835,1030,1629,1111,844,945,791,614,576,330,598,1385,638,1307,745,640,766,722,570,575,319,427,795,296,718,546,262,273,204,163,115,30,54,1118,295,1029,715,409,322,164,24,273,273,358,857,590,609,382,64,405,273,273,273,273,189,1588,1868,1953,1662,12970,2646,2376,1408,2038,1858,1387,1074,1793,1206,843,811,663,1560,1295,374,663,1355,1213,33,588,2662,1853,2659,1863,1740,1731,1230,491,1166,1564,535,1318,1355,413,1276,1835,1513,1520,826,561,1385,951,1387,711,403,795,477,385,470,148,1118,727,647,162,364,857,828,197,30,273
ACSSF,2010m1,al,000,0002,0000044,3715,3570,4784,2367,1222,1212,4459,3522,4504,2456,989,1116,2446,1579,965,766,757,270,1243,749,759,260,387,243,1483,712,638,363,188,607,3497,2246,3059,3276,2459,2255,3520,2000,2688,3218,2149,2191,1829,699,1001,882,876,474,1096,477,460,487,311,229,1431,768,618,407,120,259,3715,1957,3925,2958,2392,1999,1989,1974,1518,883,2230,4459,1730,4355,3003,2232,1814,1847,1912,1461,858,2226,2446,705,2136,1076,537,850,917,706,425,191,258,1243,623,924,641,243,349,197,340,214,94,176,1483,287,1397,574,538,910,230,253,234,273,120,1661,1542,1922,4004,6856,4188,4356,2684,5097,4863,3439,2470,4914,3621,2335,1077,1905,2017,1361,273,1527,1450,466,517,1146,4138,5690,5662,5022,5654,5171,3618,1854,3113,2008,1199,1789,1443,799,1198,3715,3570,4784,2738,1212,4459,3522,4504,2650,1116,2446,1579,965,1106,270,1243,749,759,493,243,1483,712,638,444,607
ACSSF,2010m1,al,000,0002,0000045,3959,3584,3492,3120,1654,1503,4017,3801,3419,2063,1217,1373,3082,1792,1083,1274,769,536,1073,597,909,384,175,204,2182,799,991,1322,509,109,3688,1955,3143,2869,2014,1640,3257,1706,2878,2355,1854,1550,2363,730,1098,1217,750,443,935,320,496,536,386,273,2158,503,1200,1190,197,136,3959,2641,4211,3331,2108,2462,2221,2526,1649,881,1512,4017,2227,4052,2763,1778,2501,1884,2088,1606,797,1476,3082,954,2638,1347,1008,1003,734,960,461,273,579,1073,497,824,532,161,247,351,364,273,273,175,2182,645,2155,1203,537,392,698,398,132,355,510,1192,1198,4202,9767,4567,4354,5595,5339,6945,4381,5114,4825,6770,3865,2920,1742,2938,1900,690,1763,574,2314,1110,678,2206,4288,5926,6828,4287,6035,6305,3928,1345,3931,1900,631,1830,2434,382,2404,3959,3584,3492,3317,1503,4017,3801,3419,2256,1373,3082,1792,1083,1551,536,1073,597,909,404,204,2182,799,991,1296,109
ACSSF,2010m1,al,000,0002,0000046,4146,3910,4833,3007,1554,1329,4530,4129,4165,2287,877,1195,3243,2531,1127,1714,880,342,2087,1205,1168,325,219,356,1694,759,1226,506,612,158,3632,2317,3097,2792,2226,2393,3877,2235,2986,2560,2135,2196,2498,1074,1290,1499,748,662,1805,461,927,873,585,226,1522,259,754,589,651,462,4146,2390,4051,2955,1795,2944,1998,2273,1588,1276,1757,4530,2215,4232,2565,1538,2438,1933,2184,1519,1097,1558,3243,1228,2552,1691,1046,1299,1002,836,486,131,495,2087,520,1861,955,99,968,407,478,127,475,403,1694,446,1608,527,355,803,523,262,340,131,471,1281,1853,1853,1568,8837,5782,5135,3542,7464,6037,4880,2814,6408,4441,3280,1917,3204,2478,1117,593,1829,2390,440,455,2272,5752,6126,6758,5973,6174,6009,4501,2680,3887,2486,1314,1835,2436,1098,2150,4146,3910,4833,3427,1329,4530,4129,4165,2519,1195,3243,2531,1127,1897,342,2087,1205,1168,454,356,1694,759,1226,791,158
ACSSF,2010m1,al,000,0002,0000047,2700,3273,2375,1407,593,1098,3210,2386,2432,1213,560,1104,2875,2499,1074,398,140,124,869,649,775,138,136,54,932,771,561,74,30,273,2360,1400,1975,2254,1665,1235,2589,1163,1889,2105,1539,1127,1688,766,702,887,280,433,669,180,178,246,494,224,451,78,28,193,273,397,2700,2119,2851,2518,1693,1584,1596,1331,1253,553,1198,3210,2056,2722,1932,1242,1542,1369,1286,1060,524,1159,2875,642,2727,1888,1359,823,596,310,104,106,148,869,140,850,597,186,232,340,273,134,273,167,932,237,851,345,451,384,28,348,310,273,273,1668,2260,2027,8682,8365,3721,3982,2166,5315,4541,3256,2075,5133,3636,2666,967,2085,979,471,245,973,910,298,273,869,3518,4515,4480,4489,4524,3807,3636,1352,3412,961,666,703,910,431,785,2700,3273,2375,1357,1098,3210,2386,2432,1201,1104,2875,2499,1074,385,124,869,649,775,196,54,932,771,561,81,273
ACSSF,2010m1,al,000,0002,0000048,,,,,,,,,,,,,,,,,,,,,,,,,,,,,,,,,,,,,,,,,,,,,,,,,,,,,,,,,,,,,,,,,,,,,,,,,,,,,,,,,,,,,,,,,,,,,,,,,,,,,,,,,,,,,,,,,,,,,,,,,,,,,,,,,,,,,,,,,,,,,,,,,,,,,,,,,,,,,,,,,,,,,,,,,,,,,,,,,,,,
ACSSF,2010m1,al,000,0002,0000049,,,,,,,,,,,,,,,,,,,,,,,,,,,,,,,,,,,,,,,,,,,,,,,,,,,,,,,,,,,,,,,,,,,,,,,,,,,,,,,,,,,,,,,,,,,,,,,,,,,,,,,,,,,,,,,,,,,,,,,,,,,,,,,,,,,,,,,,,,,,,,,,,,,,,,,,,,,,,,,,,,,,,,,,,,,,,,,,,,,,
ACSSF,2010m1,al,000,0002,0000050,,,,,,,,,,,,,,,,,,,,,,,,,,,,,,,,,,,,,,,,,,,,,,,,,,,,,,,,,,,,,,,,,,,,,,,,,,,,,,,,,,,,,,,,,,,,,,,,,,,,,,,,,,,,,,,,,,,,,,,,,,,,,,,,,,,,,,,,,,,,,,,,,,,,,,,,,,,,,,,,,,,,,,,,,,,,,,,,,,,,
ACSSF,2010m1,al,000,0002,0000051,,,,,,,,,,,,,,,,,,,,,,,,,,,,,,,,,,,,,,,,,,,,,,,,,,,,,,,,,,,,,,,,,,,,,,,,,,,,,,,,,,,,,,,,,,,,,,,,,,,,,,,,,,,,,,,,,,,,,,,,,,,,,,,,,,,,,,,,,,,,,,,,,,,,,,,,,,,,,,,,,,,,,,,,,,,,,,,,,,,,
ACSSF,2010m1,al,000,0002,0000052,,,,,,,,,,,,,,,,,,,,,,,,,,,,,,,,,,,,,,,,,,,,,,,,,,,,,,,,,,,,,,,,,,,,,,,,,,,,,,,,,,,,,,,,,,,,,,,,,,,,,,,,,,,,,,,,,,,,,,,,,,,,,,,,,,,,,,,,,,,,,,,,,,,,,,,,,,,,,,,,,,,,,,,,,,,,,,,,,,,,
ACSSF,2010m1,al,000,0002,0000053,,,,,,,,,,,,,,,,,,,,,,,,,,,,,,,,,,,,,,,,,,,,,,,,,,,,,,,,,,,,,,,,,,,,,,,,,,,,,,,,,,,,,,,,,,,,,,,,,,,,,,,,,,,,,,,,,,,,,,,,,,,,,,,,,,,,,,,,,,,,,,,,,,,,,,,,,,,,,,,,,,,,,,,,,,,,,,,,,,,,
ACSSF,2010m1,al,000,0002,0000054,,,,,,,,,,,,,,,,,,,,,,,,,,,,,,,,,,,,,,,,,,,,,,,,,,,,,,,,,,,,,,,,,,,,,,,,,,,,,,,,,,,,,,,,,,,,,,,,,,,,,,,,,,,,,,,,,,,,,,,,,,,,,,,,,,,,,,,,,,,,,,,,,,,,,,,,,,,,,,,,,,,,,,,,,,,,,,,,,,,,
ACSSF,2010m1,al,000,0002,0000055,,,,,,,,,,,,,,,,,,,,,,,,,,,,,,,,,,,,,,,,,,,,,,,,,,,,,,,,,,,,,,,,,,,,,,,,,,,,,,,,,,,,,,,,,,,,,,,,,,,,,,,,,,,,,,,,,,,,,,,,,,,,,,,,,,,,,,,,,,,,,,,,,,,,,,,,,,,,,,,,,,,,,,,,,,,,,,,,,,,,
ACSSF,2010m1,al,000,0002,0000056,,,,,,,,,,,,,,,,,,,,,,,,,,,,,,,,,,,,,,,,,,,,,,,,,,,,,,,,,,,,,,,,,,,,,,,,,,,,,,,,,,,,,,,,,,,,,,,,,,,,,,,,,,,,,,,,,,,,,,,,,,,,,,,,,,,,,,,,,,,,,,,,,,,,,,,,,,,,,,,,,,,,,,,,,,,,,,,,,,,,
ACSSF,2010m1,al,000,0002,0000057,,,,,,,,,,,,,,,,,,,,,,,,,,,,,,,,,,,,,,,,,,,,,,,,,,,,,,,,,,,,,,,,,,,,,,,,,,,,,,,,,,,,,,,,,,,,,,,,,,,,,,,,,,,,,,,,,,,,,,,,,,,,,,,,,,,,,,,,,,,,,,,,,,,,,,,,,,,,,,,,,,,,,,,,,,,,,,,,,,,,
ACSSF,2010m1,al,000,0002,0000058,,,,,,,,,,,,,,,,,,,,,,,,,,,,,,,,,,,,,,,,,,,,,,,,,,,,,,,,,,,,,,,,,,,,,,,,,,,,,,,,,,,,,,,,,,,,,,,,,,,,,,,,,,,,,,,,,,,,,,,,,,,,,,,,,,,,,,,,,,,,,,,,,,,,,,,,,,,,,,,,,,,,,,,,,,,,,,,,,,,,
ACSSF,2010m1,al,000,0002,0000059,,,,,,,,,,,,,,,,,,,,,,,,,,,,,,,,,,,,,,,,,,,,,,,,,,,,,,,,,,,,,,,,,,,,,,,,,,,,,,,,,,,,,,,,,,,,,,,,,,,,,,,,,,,,,,,,,,,,,,,,,,,,,,,,,,,,,,,,,,,,,,,,,,,,,,,,,,,,,,,,,,,,,,,,,,,,,,,,,,,,
ACSSF,2010m1,al,000,0002,0000060,,,,,,,,,,,,,,,,,,,,,,,,,,,,,,,,,,,,,,,,,,,,,,,,,,,,,,,,,,,,,,,,,,,,,,,,,,,,,,,,,,,,,,,,,,,,,,,,,,,,,,,,,,,,,,,,,,,,,,,,,,,,,,,,,,,,,,,,,,,,,,,,,,,,,,,,,,,,,,,,,,,,,,,,,,,,,,,,,,,,
ACSSF,2010m1,al,000,0002,0000061,,,,,,,,,,,,,,,,,,,,,,,,,,,,,,,,,,,,,,,,,,,,,,,,,,,,,,,,,,,,,,,,,,,,,,,,,,,,,,,,,,,,,,,,,,,,,,,,,,,,,,,,,,,,,,,,,,,,,,,,,,,,,,,,,,,,,,,,,,,,,,,,,,,,,,,,,,,,,,,,,,,,,,,,,,,,,,,,,,,,
ACSSF,2010m1,al,000,0002,0000062,,,,,,,,,,,,,,,,,,,,,,,,,,,,,,,,,,,,,,,,,,,,,,,,,,,,,,,,,,,,,,,,,,,,,,,,,,,,,,,,,,,,,,,,,,,,,,,,,,,,,,,,,,,,,,,,,,,,,,,,,,,,,,,,,,,,,,,,,,,,,,,,,,,,,,,,,,,,,,,,,,,,,,,,,,,,,,,,,,,,
ACSSF,2010m1,al,000,0002,0000063,,,,,,,,,,,,,,,,,,,,,,,,,,,,,,,,,,,,,,,,,,,,,,,,,,,,,,,,,,,,,,,,,,,,,,,,,,,,,,,,,,,,,,,,,,,,,,,,,,,,,,,,,,,,,,,,,,,,,,,,,,,,,,,,,,,,,,,,,,,,,,,,,,,,,,,,,,,,,,,,,,,,,,,,,,,,,,,,,,,,
ACSSF,2010m1,al,000,0002,0000064,,,,,,,,,,,,,,,,,,,,,,,,,,,,,,,,,,,,,,,,,,,,,,,,,,,,,,,,,,,,,,,,,,,,,,,,,,,,,,,,,,,,,,,,,,,,,,,,,,,,,,,,,,,,,,,,,,,,,,,,,,,,,,,,,,,,,,,,,,,,,,,,,,,,,,,,,,,,,,,,,,,,,,,,,,,,,,,,,,,,
ACSSF,2010m1,al,000,0002,0000065,,,,,,,,,,,,,,,,,,,,,,,,,,,,,,,,,,,,,,,,,,,,,,,,,,,,,,,,,,,,,,,,,,,,,,,,,,,,,,,,,,,,,,,,,,,,,,,,,,,,,,,,,,,,,,,,,,,,,,,,,,,,,,,,,,,,,,,,,,,,,,,,,,,,,,,,,,,,,,,,,,,,,,,,,,,,,,,,,,,,
ACSSF,2010m1,al,000,0002,0000066,,,,,,,,,,,,,,,,,,,,,,,,,,,,,,,,,,,,,,,,,,,,,,,,,,,,,,,,,,,,,,,,,,,,,,,,,,,,,,,,,,,,,,,,,,,,,,,,,,,,,,,,,,,,,,,,,,,,,,,,,,,,,,,,,,,,,,,,,,,,,,,,,,,,,,,,,,,,,,,,,,,,,,,,,,,,,,,,,,,,
ACSSF,2010m1,al,000,0002,0000067,,,,,,,,,,,,,,,,,,,,,,,,,,,,,,,,,,,,,,,,,,,,,,,,,,,,,,,,,,,,,,,,,,,,,,,,,,,,,,,,,,,,,,,,,,,,,,,,,,,,,,,,,,,,,,,,,,,,,,,,,,,,,,,,,,,,,,,,,,,,,,,,,,,,,,,,,,,,,,,,,,,,,,,,,,,,,,,,,,,,
ACSSF,2010m1,al,000,0002,0000068,,,,,,,,,,,,,,,,,,,,,,,,,,,,,,,,,,,,,,,,,,,,,,,,,,,,,,,,,,,,,,,,,,,,,,,,,,,,,,,,,,,,,,,,,,,,,,,,,,,,,,,,,,,,,,,,,,,,,,,,,,,,,,,,,,,,,,,,,,,,,,,,,,,,,,,,,,,,,,,,,,,,,,,,,,,,,,,,,,,,
ACSSF,2010m1,al,000,0002,0000069,,,,,,,,,,,,,,,,,,,,,,,,,,,,,,,,,,,,,,,,,,,,,,,,,,,,,,,,,,,,,,,,,,,,,,,,,,,,,,,,,,,,,,,,,,,,,,,,,,,,,,,,,,,,,,,,,,,,,,,,,,,,,,,,,,,,,,,,,,,,,,,,,,,,,,,,,,,,,,,,,,,,,,,,,,,,,,,,,,,,
ACSSF,2010m1,al,000,0002,0000070,,,,,,,,,,,,,,,,,,,,,,,,,,,,,,,,,,,,,,,,,,,,,,,,,,,,,,,,,,,,,,,,,,,,,,,,,,,,,,,,,,,,,,,,,,,,,,,,,,,,,,,,,,,,,,,,,,,,,,,,,,,,,,,,,,,,,,,,,,,,,,,,,,,,,,,,,,,,,,,,,,,,,,,,,,,,,,,,,,,,
ACSSF,2010m1,al,000,0002,0000071,,,,,,,,,,,,,,,,,,,,,,,,,,,,,,,,,,,,,,,,,,,,,,,,,,,,,,,,,,,,,,,,,,,,,,,,,,,,,,,,,,,,,,,,,,,,,,,,,,,,,,,,,,,,,,,,,,,,,,,,,,,,,,,,,,,,,,,,,,,,,,,,,,,,,,,,,,,,,,,,,,,,,,,,,,,,,,,,,,,,
ACSSF,2010m1,al,000,0002,0000072,,,,,,,,,,,,,,,,,,,,,,,,,,,,,,,,,,,,,,,,,,,,,,,,,,,,,,,,,,,,,,,,,,,,,,,,,,,,,,,,,,,,,,,,,,,,,,,,,,,,,,,,,,,,,,,,,,,,,,,,,,,,,,,,,,,,,,,,,,,,,,,,,,,,,,,,,,,,,,,,,,,,,,,,,,,,,,,,,,,,
ACSSF,2010m1,al,000,0002,0000073,,,,,,,,,,,,,,,,,,,,,,,,,,,,,,,,,,,,,,,,,,,,,,,,,,,,,,,,,,,,,,,,,,,,,,,,,,,,,,,,,,,,,,,,,,,,,,,,,,,,,,,,,,,,,,,,,,,,,,,,,,,,,,,,,,,,,,,,,,,,,,,,,,,,,,,,,,,,,,,,,,,,,,,,,,,,,,,,,,,,
ACSSF,2010m1,al,000,0002,0000074,,,,,,,,,,,,,,,,,,,,,,,,,,,,,,,,,,,,,,,,,,,,,,,,,,,,,,,,,,,,,,,,,,,,,,,,,,,,,,,,,,,,,,,,,,,,,,,,,,,,,,,,,,,,,,,,,,,,,,,,,,,,,,,,,,,,,,,,,,,,,,,,,,,,,,,,,,,,,,,,,,,,,,,,,,,,,,,,,,,,
ACSSF,2010m1,al,000,0002,0000075,,,,,,,,,,,,,,,,,,,,,,,,,,,,,,,,,,,,,,,,,,,,,,,,,,,,,,,,,,,,,,,,,,,,,,,,,,,,,,,,,,,,,,,,,,,,,,,,,,,,,,,,,,,,,,,,,,,,,,,,,,,,,,,,,,,,,,,,,,,,,,,,,,,,,,,,,,,,,,,,,,,,,,,,,,,,,,,,,,,,
ACSSF,2010m1,al,000,0002,0000076,,,,,,,,,,,,,,,,,,,,,,,,,,,,,,,,,,,,,,,,,,,,,,,,,,,,,,,,,,,,,,,,,,,,,,,,,,,,,,,,,,,,,,,,,,,,,,,,,,,,,,,,,,,,,,,,,,,,,,,,,,,,,,,,,,,,,,,,,,,,,,,,,,,,,,,,,,,,,,,,,,,,,,,,,,,,,,,,,,,,
ACSSF,2010m1,al,000,0002,0000077,,,,,,,,,,,,,,,,,,,,,,,,,,,,,,,,,,,,,,,,,,,,,,,,,,,,,,,,,,,,,,,,,,,,,,,,,,,,,,,,,,,,,,,,,,,,,,,,,,,,,,,,,,,,,,,,,,,,,,,,,,,,,,,,,,,,,,,,,,,,,,,,,,,,,,,,,,,,,,,,,,,,,,,,,,,,,,,,,,,,
ACSSF,2010m1,al,000,0002,0000078,,,,,,,,,,,,,,,,,,,,,,,,,,,,,,,,,,,,,,,,,,,,,,,,,,,,,,,,,,,,,,,,,,,,,,,,,,,,,,,,,,,,,,,,,,,,,,,,,,,,,,,,,,,,,,,,,,,,,,,,,,,,,,,,,,,,,,,,,,,,,,,,,,,,,,,,,,,,,,,,,,,,,,,,,,,,,,,,,,,,
ACSSF,2010m1,al,000,0002,0000079,,,,,,,,,,,,,,,,,,,,,,,,,,,,,,,,,,,,,,,,,,,,,,,,,,,,,,,,,,,,,,,,,,,,,,,,,,,,,,,,,,,,,,,,,,,,,,,,,,,,,,,,,,,,,,,,,,,,,,,,,,,,,,,,,,,,,,,,,,,,,,,,,,,,,,,,,,,,,,,,,,,,,,,,,,,,,,,,,,,,
ACSSF,2010m1,al,000,0002,0000080,,,,,,,,,,,,,,,,,,,,,,,,,,,,,,,,,,,,,,,,,,,,,,,,,,,,,,,,,,,,,,,,,,,,,,,,,,,,,,,,,,,,,,,,,,,,,,,,,,,,,,,,,,,,,,,,,,,,,,,,,,,,,,,,,,,,,,,,,,,,,,,,,,,,,,,,,,,,,,,,,,,,,,,,,,,,,,,,,,,,
ACSSF,2010m1,al,000,0002,0000081,,,,,,,,,,,,,,,,,,,,,,,,,,,,,,,,,,,,,,,,,,,,,,,,,,,,,,,,,,,,,,,,,,,,,,,,,,,,,,,,,,,,,,,,,,,,,,,,,,,,,,,,,,,,,,,,,,,,,,,,,,,,,,,,,,,,,,,,,,,,,,,,,,,,,,,,,,,,,,,,,,,,,,,,,,,,,,,,,,,,
ACSSF,2010m1,al,000,0002,0000082,,,,,,,,,,,,,,,,,,,,,,,,,,,,,,,,,,,,,,,,,,,,,,,,,,,,,,,,,,,,,,,,,,,,,,,,,,,,,,,,,,,,,,,,,,,,,,,,,,,,,,,,,,,,,,,,,,,,,,,,,,,,,,,,,,,,,,,,,,,,,,,,,,,,,,,,,,,,,,,,,,,,,,,,,,,,,,,,,,,,
ACSSF,2010m1,al,000,0002,0000083,,,,,,,,,,,,,,,,,,,,,,,,,,,,,,,,,,,,,,,,,,,,,,,,,,,,,,,,,,,,,,,,,,,,,,,,,,,,,,,,,,,,,,,,,,,,,,,,,,,,,,,,,,,,,,,,,,,,,,,,,,,,,,,,,,,,,,,,,,,,,,,,,,,,,,,,,,,,,,,,,,,,,,,,,,,,,,,,,,,,
ACSSF,2010m1,al,000,0002,0000084,,,,,,,,,,,,,,,,,,,,,,,,,,,,,,,,,,,,,,,,,,,,,,,,,,,,,,,,,,,,,,,,,,,,,,,,,,,,,,,,,,,,,,,,,,,,,,,,,,,,,,,,,,,,,,,,,,,,,,,,,,,,,,,,,,,,,,,,,,,,,,,,,,,,,,,,,,,,,,,,,,,,,,,,,,,,,,,,,,,,
ACSSF,2010m1,al,000,0002,0000085,,,,,,,,,,,,,,,,,,,,,,,,,,,,,,,,,,,,,,,,,,,,,,,,,,,,,,,,,,,,,,,,,,,,,,,,,,,,,,,,,,,,,,,,,,,,,,,,,,,,,,,,,,,,,,,,,,,,,,,,,,,,,,,,,,,,,,,,,,,,,,,,,,,,,,,,,,,,,,,,,,,,,,,,,,,,,,,,,,,,
ACSSF,2010m1,al,000,0002,0000086,,,,,,,,,,,,,,,,,,,,,,,,,,,,,,,,,,,,,,,,,,,,,,,,,,,,,,,,,,,,,,,,,,,,,,,,,,,,,,,,,,,,,,,,,,,,,,,,,,,,,,,,,,,,,,,,,,,,,,,,,,,,,,,,,,,,,,,,,,,,,,,,,,,,,,,,,,,,,,,,,,,,,,,,,,,,,,,,,,,,
ACSSF,2010m1,al,000,0002,0000087,,,,,,,,,,,,,,,,,,,,,,,,,,,,,,,,,,,,,,,,,,,,,,,,,,,,,,,,,,,,,,,,,,,,,,,,,,,,,,,,,,,,,,,,,,,,,,,,,,,,,,,,,,,,,,,,,,,,,,,,,,,,,,,,,,,,,,,,,,,,,,,,,,,,,,,,,,,,,,,,,,,,,,,,,,,,,,,,,,,,
ACSSF,2010m1,al,000,0002,0000088,,,,,,,,,,,,,,,,,,,,,,,,,,,,,,,,,,,,,,,,,,,,,,,,,,,,,,,,,,,,,,,,,,,,,,,,,,,,,,,,,,,,,,,,,,,,,,,,,,,,,,,,,,,,,,,,,,,,,,,,,,,,,,,,,,,,,,,,,,,,,,,,,,,,,,,,,,,,,,,,,,,,,,,,,,,,,,,,,,,,
ACSSF,2010m1,al,000,0002,0000089,,,,,,,,,,,,,,,,,,,,,,,,,,,,,,,,,,,,,,,,,,,,,,,,,,,,,,,,,,,,,,,,,,,,,,,,,,,,,,,,,,,,,,,,,,,,,,,,,,,,,,,,,,,,,,,,,,,,,,,,,,,,,,,,,,,,,,,,,,,,,,,,,,,,,,,,,,,,,,,,,,,,,,,,,,,,,,,,,,,,
ACSSF,2010m1,al,000,0002,0000090,,,,,,,,,,,,,,,,,,,,,,,,,,,,,,,,,,,,,,,,,,,,,,,,,,,,,,,,,,,,,,,,,,,,,,,,,,,,,,,,,,,,,,,,,,,,,,,,,,,,,,,,,,,,,,,,,,,,,,,,,,,,,,,,,,,,,,,,,,,,,,,,,,,,,,,,,,,,,,,,,,,,,,,,,,,,,,,,,,,,
ACSSF,2010m1,al,000,0002,0000091,,,,,,,,,,,,,,,,,,,,,,,,,,,,,,,,,,,,,,,,,,,,,,,,,,,,,,,,,,,,,,,,,,,,,,,,,,,,,,,,,,,,,,,,,,,,,,,,,,,,,,,,,,,,,,,,,,,,,,,,,,,,,,,,,,,,,,,,,,,,,,,,,,,,,,,,,,,,,,,,,,,,,,,,,,,,,,,,,,,,
ACSSF,2010m1,al,000,0002,0000092,,,,,,,,,,,,,,,,,,,,,,,,,,,,,,,,,,,,,,,,,,,,,,,,,,,,,,,,,,,,,,,,,,,,,,,,,,,,,,,,,,,,,,,,,,,,,,,,,,,,,,,,,,,,,,,,,,,,,,,,,,,,,,,,,,,,,,,,,,,,,,,,,,,,,,,,,,,,,,,,,,,,,,,,,,,,,,,,,,,,
ACSSF,2010m1,al,000,0002,0000093,,,,,,,,,,,,,,,,,,,,,,,,,,,,,,,,,,,,,,,,,,,,,,,,,,,,,,,,,,,,,,,,,,,,,,,,,,,,,,,,,,,,,,,,,,,,,,,,,,,,,,,,,,,,,,,,,,,,,,,,,,,,,,,,,,,,,,,,,,,,,,,,,,,,,,,,,,,,,,,,,,,,,,,,,,,,,,,,,,,,
ACSSF,2010m1,al,000,0002,0000094,,,,,,,,,,,,,,,,,,,,,,,,,,,,,,,,,,,,,,,,,,,,,,,,,,,,,,,,,,,,,,,,,,,,,,,,,,,,,,,,,,,,,,,,,,,,,,,,,,,,,,,,,,,,,,,,,,,,,,,,,,,,,,,,,,,,,,,,,,,,,,,,,,,,,,,,,,,,,,,,,,,,,,,,,,,,,,,,,,,,
ACSSF,2010m1,al,000,0002,0000095,,,,,,,,,,,,,,,,,,,,,,,,,,,,,,,,,,,,,,,,,,,,,,,,,,,,,,,,,,,,,,,,,,,,,,,,,,,,,,,,,,,,,,,,,,,,,,,,,,,,,,,,,,,,,,,,,,,,,,,,,,,,,,,,,,,,,,,,,,,,,,,,,,,,,,,,,,,,,,,,,,,,,,,,,,,,,,,,,,,,
ACSSF,2010m1,al,000,0002,0000096,,,,,,,,,,,,,,,,,,,,,,,,,,,,,,,,,,,,,,,,,,,,,,,,,,,,,,,,,,,,,,,,,,,,,,,,,,,,,,,,,,,,,,,,,,,,,,,,,,,,,,,,,,,,,,,,,,,,,,,,,,,,,,,,,,,,,,,,,,,,,,,,,,,,,,,,,,,,,,,,,,,,,,,,,,,,,,,,,,,,
ACSSF,2010m1,al,000,0002,0000097,,,,,,,,,,,,,,,,,,,,,,,,,,,,,,,,,,,,,,,,,,,,,,,,,,,,,,,,,,,,,,,,,,,,,,,,,,,,,,,,,,,,,,,,,,,,,,,,,,,,,,,,,,,,,,,,,,,,,,,,,,,,,,,,,,,,,,,,,,,,,,,,,,,,,,,,,,,,,,,,,,,,,,,,,,,,,,,,,,,,
ACSSF,2010m1,al,000,0002,0000098,,,,,,,,,,,,,,,,,,,,,,,,,,,,,,,,,,,,,,,,,,,,,,,,,,,,,,,,,,,,,,,,,,,,,,,,,,,,,,,,,,,,,,,,,,,,,,,,,,,,,,,,,,,,,,,,,,,,,,,,,,,,,,,,,,,,,,,,,,,,,,,,,,,,,,,,,,,,,,,,,,,,,,,,,,,,,,,,,,,,
