ACSSF,2010m1,al,000,0043,0000001,17044,5360,5875,6400,6590,8313,8886,7668,7141,3704,4757,3817,2515,5823,5268,17044,4094,6995,8262,10269,9443,5683,9631,4258,4463,6100,4654,3230,17044,5360,5875,6400,6590,8313,8886,7668,7141,3704,10850,17044,8023,8262,10269,9443,5683,9631,6053,6100,5105
ACSSF,2010m1,al,000,0043,0000002,15869,4061,3803,3858,4492,5700,6586,5803,5783,3420,4003,2849,2105,4855,4688,15869,2886,5197,7395,8087,6874,3585,6279,2440,2805,3779,3043,1828,15869,4061,3803,3858,4492,5700,6586,5803,5783,3420,9339,15869,6182,7395,8087,6874,3585,6279,3686,3779,3119
ACSSF,2010m1,al,000,0043,0000003,14041,3513,4186,4711,6139,5535,6797,4576,4306,2343,2949,2503,1319,3759,3597,14041,2789,4654,5271,6462,6377,4101,6711,3342,3315,5020,3692,2645,14041,3513,4186,4711,6139,5535,6797,4576,4306,2343,5987,14041,5194,5271,6462,6377,4101,6711,4784,5020,4214
ACSSF,2010m1,al,000,0043,0000004,15771,5082,5721,5582,5814,8031,8531,7155,6914,3637,4692,3656,2346,5383,5599,15771,3821,6192,8170,9960,9238,5738,9359,4114,4113,5841,4366,2785,15771,5082,5721,5582,5814,8031,8531,7155,6914,3637,10622,15771,7773,8170,9960,9238,5738,9359,5655,5841,4652
ACSSF,2010m1,al,000,0043,0000005,14200,4969,4383,4804,5604,7036,7833,6398,5820,3483,4331,3138,1961,4842,4855,14200,3276,5602,7358,9149,8256,5278,8065,3922,3605,4889,3622,2393,14200,4969,4383,4804,5604,7036,7833,6398,5820,3483,9038,14200,6940,7358,9149,8256,5278,8065,5468,4889,4060
ACSSF,2010m1,al,000,0043,0000006,11024,2414,2775,2765,3458,4405,4826,4316,4217,2240,3486,2229,1249,3663,3457,11024,2003,4104,4809,6623,5982,2810,4136,1216,1675,2401,1785,1541,11024,2414,2775,2765,3458,4405,4826,4316,4217,2240,6748,11024,4562,4809,6623,5982,2810,4136,2101,2401,2102
ACSSF,2010m1,al,000,0043,0000007,12308,4284,3909,3549,4700,5482,5991,5213,4026,2628,3286,2035,1378,4026,3578,12308,2391,4567,5392,5781,5780,4350,7114,3758,3265,4318,3178,1700,12308,4284,3909,3549,4700,5482,5991,5213,4026,2628,7471,12308,5169,5392,5781,5780,4350,7114,5030,4318,3646
ACSSF,2010m1,al,000,0043,0000008,8048,2303,2646,2629,2983,3317,3567,2924,3163,1456,1700,1733,979,3051,2849,8048,1916,3557,3433,3958,4382,2418,3742,1409,1948,2506,2081,1649,8048,2303,2646,2629,2983,3317,3567,2924,3163,1456,4313,8048,3799,3433,3958,4382,2418,3742,2306,2506,2599
ACSSF,2010m1,al,000,0043,0000009,6298,1295,1582,1243,1466,1796,1971,1930,1851,1064,1350,1010,290,1412,1788,6298,1215,2470,2599,2285,2341,1150,1772,571,993,1332,1140,814,6298,1295,1582,1243,1466,1796,1971,1930,1851,1064,3105,6298,2673,2599,2285,2341,1150,1772,1190,1332,1326
ACSSF,2010m1,al,000,0043,0000010,7028,1918,1794,2463,2834,2644,2981,2338,2313,928,1270,1338,904,2547,2312,7028,1537,2260,2496,3209,3039,2054,3568,1228,1458,2508,1828,1399,7028,1918,1794,2463,2834,2644,2981,2338,2313,928,3382,7028,2666,2496,3209,3039,2054,3568,1811,2508,2168
ACSSF,2010m1,al,000,0043,0000011,6125,1916,1439,2056,2470,1968,2649,2176,1609,878,1428,901,558,1748,1790,6125,1800,2928,2555,2825,1938,1038,2121,1231,1267,1867,2176,1366,6125,1916,1439,2056,2470,1968,2649,2176,1609,878,3052,6125,3536,2555,2825,1938,1038,2121,1809,1867,2476
ACSSF,2010m1,al,000,0043,0000012,9789,2886,3020,3504,3732,3800,4633,3529,3571,1657,1989,1901,1187,3277,2875,9789,2451,4933,4583,4848,4554,2593,4688,1951,2422,3114,2681,1881,9789,2886,3020,3504,3732,3800,4633,3529,3571,1657,4614,9789,5063,4583,4848,4554,2593,4688,2961,3114,3022
ACSSF,2010m1,al,000,0043,0000013,3206,1011,951,1037,1861,1373,1993,1702,1377,750,1083,981,510,1412,1613,3206,1107,1488,1713,1917,2203,1097,1981,692,1406,1306,1182,716,3206,1011,951,1037,1861,1373,1993,1702,1377,750,2328,3206,1958,1713,1917,2203,1097,1981,1608,1306,1445
ACSSF,2010m1,al,000,0043,0000014,2634,1379,931,1051,1055,957,1046,1059,759,732,820,558,237,996,750,2634,1160,737,1497,1601,1153,984,1183,486,402,765,469,208,2634,1379,931,1051,1055,957,1046,1059,759,732,1811,2634,1470,1497,1601,1153,984,1183,680,765,449
ACSSF,2010m1,al,000,0043,0000015,2760,774,610,756,617,826,1279,808,816,381,505,145,98,994,573,2760,471,1142,1177,1160,1119,749,922,269,346,765,742,433,2760,774,610,756,617,826,1279,808,816,381,1318,2760,1179,1177,1160,1119,749,922,442,765,868
ACSSF,2010m1,al,000,0043,0000016,1904,830,724,715,691,986,1179,768,759,329,461,575,273,843,735,1904,453,1431,1072,883,841,1083,1331,304,340,805,463,527,1904,830,724,715,691,986,1179,768,759,329,1307,1904,1499,1072,883,841,1083,1331,492,805,664
ACSSF,2010m1,al,000,0043,0000017,2727,690,477,718,774,1116,1594,1019,781,239,502,467,292,510,533,2727,506,890,591,1011,1264,929,1486,561,753,1033,451,377,2727,690,477,718,774,1116,1594,1019,781,239,1194,2727,1077,591,1011,1264,929,1486,937,1033,558
ACSSF,2010m1,al,000,0043,0000018,2976,635,585,785,1342,963,1057,1058,977,396,636,502,563,913,945,2976,272,1136,1305,1781,1179,644,999,204,350,818,700,456,2976,635,585,785,1342,963,1057,1058,977,396,1804,2976,1192,1305,1781,1179,644,999,400,818,780
ACSSF,2010m1,al,000,0043,0000019,1528,551,438,617,664,1050,776,742,698,198,477,310,190,623,725,1528,329,803,1016,908,745,329,920,121,191,492,202,234,1528,551,438,617,664,1050,776,742,698,198,1014,1528,877,1016,908,745,329,920,242,492,291
ACSSF,2010m1,al,000,0043,0000020,6024,1732,1515,1724,2778,2911,3720,3246,2843,1888,2094,1295,859,2220,1959,6024,1160,2161,3576,3601,3670,1962,3625,1463,1366,2356,1527,908,6024,1732,1515,1724,2778,2911,3720,3246,2843,1888,3620,6024,2373,3576,3601,3670,1962,3625,2145,2356,1754
ACSSF,2010m1,al,000,0043,0000021,2034,710,616,830,1215,986,1208,1003,962,642,564,587,291,958,772,2034,498,1520,1248,1419,965,763,1078,666,720,911,920,372,2034,710,616,830,1215,986,1208,1003,962,642,1390,2034,1557,1248,1419,965,763,1078,1000,911,967
ACSSF,2010m1,al,000,0043,0000022,2348,671,1461,602,1014,950,1555,1507,1130,779,708,795,802,1393,1089,2348,742,1563,1581,1581,1490,1092,1429,507,362,920,621,653,2348,671,1461,602,1014,950,1555,1507,1130,779,1965,2348,1798,1581,1581,1490,1092,1429,663,920,780
ACSSF,2010m1,al,000,0043,0000023,1962,684,1007,793,901,1124,1404,881,776,383,404,178,230,638,712,1962,536,723,1214,1019,1514,605,1121,440,591,676,539,149,1962,684,1007,793,901,1124,1404,881,776,383,1037,1962,933,1214,1019,1514,605,1121,735,676,553
ACSSF,2010m1,al,000,0043,0000024,4264,1143,1400,1593,2244,2045,2333,2253,2124,1139,1619,1438,755,1514,1385,4264,929,2137,2246,3194,3131,2066,1973,819,713,1187,592,816,4264,1143,1400,1593,2244,2045,2333,2253,2124,1139,3180,4264,2187,2246,3194,3131,2066,1973,1100,1187,966
ACSSF,2010m1,al,000,0043,0000025,1919,915,1461,896,1157,1083,1431,765,755,321,518,541,699,882,898,1919,767,1477,1075,1339,1199,477,1292,690,485,1306,692,977,1919,915,1461,896,1157,1083,1431,765,755,321,1478,1919,1566,1075,1339,1199,477,1292,843,1306,1197
ACSSF,2010m1,al,000,0043,0000026,4863,2204,1872,1674,2283,2264,3014,2574,1656,1294,1776,1106,420,1834,1814,4863,1328,1839,2417,3218,2927,2081,2725,1125,1165,2375,1209,740,4863,2204,1872,1674,2283,2264,3014,2574,1656,1294,3481,4863,2238,2417,3218,2927,2081,2725,1618,2375,1474
ACSSF,2010m1,al,000,0043,0000027,3752,967,889,923,1651,1946,2559,1902,1190,1008,1121,845,448,1557,1737,3752,721,1730,2431,2589,2109,1473,1511,522,866,863,551,683,3752,967,889,923,1651,1946,2559,1902,1190,1008,2921,3752,1881,2431,2589,2109,1473,1511,1005,863,967
ACSSF,2010m1,al,000,0043,0000028,2603,735,610,916,1293,1174,1409,1175,1310,685,749,657,397,1102,1317,2603,638,1406,1696,1149,1387,716,1912,874,1075,1180,495,285,2603,735,610,916,1293,1174,1409,1175,1310,685,2112,2603,1525,1696,1149,1387,716,1912,1402,1180,560
ACSSF,2010m1,al,000,0043,0000029,2412,778,814,896,1158,1268,1213,948,825,368,595,384,131,949,555,2412,381,673,921,1169,1070,1161,1313,823,761,1225,593,449,2412,778,814,896,1158,1268,1213,948,825,368,1121,2412,869,921,1169,1070,1161,1313,951,1225,753
ACSSF,2010m1,al,000,0043,0000030,3174,987,1037,1111,1715,1603,1686,1497,1406,819,1291,523,786,1093,1024,3174,848,1425,1576,1742,1765,1183,1972,1315,1065,1593,1096,764,3174,987,1037,1111,1715,1603,1686,1497,1406,819,2253,3174,1810,1576,1742,1765,1183,1972,1641,1593,1343
ACSSF,2010m1,al,000,0043,0000031,2474,822,662,838,837,1097,1040,901,625,404,492,269,159,818,639,2474,454,1178,1192,975,1041,948,760,492,492,486,822,517,2474,822,662,838,837,1097,1040,901,625,404,1086,2474,1257,1192,975,1041,948,760,649,486,1160
ACSSF,2010m1,al,000,0043,0000032,3854,1330,1171,901,1689,1841,2130,1547,1774,984,727,508,285,1615,1624,3854,633,1646,1977,2719,2556,1243,1703,537,898,969,750,480,3854,1330,1171,901,1689,1841,2130,1547,1774,984,2060,3854,1744,1977,2719,2556,1243,1703,1009,969,929
ACSSF,2010m1,al,000,0043,0000033,2102,664,601,581,604,814,663,594,702,476,302,322,277,783,622,2102,390,726,824,1013,711,368,927,342,567,818,629,429,2102,664,601,581,604,814,663,594,702,476,1215,2102,783,824,1013,711,368,927,640,818,781
ACSSF,2010m1,al,000,0043,0000034,3961,1044,888,777,1503,1805,2359,1915,1753,916,1169,753,345,1318,1545,3961,479,1202,1778,2419,2518,1228,2040,495,539,959,1030,537,3961,1044,888,777,1503,1805,2359,1915,1753,916,2510,3961,1215,1778,2419,2518,1228,2040,739,959,1164
ACSSF,2010m1,al,000,0043,0000035,1474,411,362,430,472,525,595,635,529,160,393,296,188,509,553,1474,223,639,1050,729,492,223,488,92,129,298,147,120,1474,411,362,430,472,525,595,635,529,160,843,1474,693,1050,729,492,223,488,151,298,191
ACSSF,2010m1,al,000,0043,0000036,2656,484,538,652,700,877,1246,1427,1081,718,1515,694,302,490,686,2656,540,959,1335,1301,1627,943,1173,514,535,569,397,554,2656,484,538,652,700,877,1246,1427,1081,718,1714,2656,1103,1335,1301,1627,943,1173,745,569,737
ACSSF,2010m1,al,000,0043,0000037,3914,699,1223,1019,1512,1341,1901,1392,1859,1025,1398,1236,434,1131,1098,3914,845,1856,1895,2689,2310,1026,1057,334,397,819,497,617,3914,699,1223,1019,1512,1341,1901,1392,1859,1025,2508,3914,1973,1895,2689,2310,1026,1057,513,819,785
ACSSF,2010m1,al,000,0043,0000038,3511,1496,814,1126,1696,1375,2133,1845,1265,955,1554,713,291,1348,1280,3511,746,1317,2185,1864,2028,1115,1645,654,606,1132,930,382,3511,1496,814,1126,1696,1375,2133,1845,1265,955,2567,3511,1512,2185,1864,2028,1115,1645,867,1132,976
ACSSF,2010m1,al,000,0043,0000039,4151,967,806,871,1593,1804,2495,1883,1188,961,1071,828,437,1628,1713,4151,635,1720,2263,2629,1994,1362,1534,489,756,622,499,665,4151,967,806,871,1593,1804,2495,1883,1188,961,2936,4151,1832,2263,2629,1994,1362,1534,937,622,878
ACSSF,2010m1,al,000,0043,0000040,2653,414,681,377,1438,1333,1558,1201,1358,763,597,468,285,1029,1212,2653,550,1393,1317,2193,1434,639,677,206,574,562,505,273,2653,414,681,377,1438,1333,1558,1201,1358,763,1480,2653,1449,1317,2193,1434,639,677,615,562,505
ACSSF,2010m1,al,000,0043,0000041,3961,1044,888,777,1503,1805,2359,1915,1753,916,1169,753,345,1318,1545,3961,479,1202,1778,2419,2518,1228,2040,495,539,959,1030,537,3961,1044,888,777,1503,1805,2359,1915,1753,916,2510,3961,1215,1778,2419,2518,1228,2040,739,959,1164
ACSSF,2010m1,al,000,0043,0000042,2656,484,538,652,700,877,1246,1427,1081,718,1515,694,302,490,686,2656,540,959,1335,1301,1627,943,1173,514,535,569,397,554,2656,484,538,652,700,877,1246,1427,1081,718,1714,2656,1103,1335,1301,1627,943,1173,745,569,737
ACSSF,2010m1,al,000,0043,0000043,1443,411,362,430,472,525,572,560,521,160,393,270,188,509,553,1443,223,639,1007,680,492,223,488,92,129,277,147,120,1443,411,362,430,472,525,572,560,521,160,836,1443,691,1007,680,492,223,488,151,277,191
ACSSF,2010m1,al,000,0043,0000044,3914,699,1223,1019,1512,1341,1901,1392,1859,1025,1398,1236,434,1131,1098,3914,845,1856,1895,2689,2310,1026,1057,334,397,819,497,617,3914,699,1223,1019,1512,1341,1901,1392,1859,1025,2508,3914,1973,1895,2689,2310,1026,1057,513,819,785
ACSSF,2010m1,al,000,0043,0000045,3511,1496,814,1126,1696,1375,2133,1845,1265,955,1554,713,291,1348,1280,3511,746,1317,2185,1864,2028,1115,1645,654,606,1132,930,382,3511,1496,814,1126,1696,1375,2133,1845,1265,955,2567,3511,1512,2185,1864,2028,1115,1645,867,1132,976
ACSSF,2010m1,al,000,0043,0000046,4151,967,806,871,1593,1804,2495,1883,1188,961,1071,828,437,1628,1713,4151,635,1720,2263,2629,1994,1362,1534,489,756,622,499,665,4151,967,806,871,1593,1804,2495,1883,1188,961,2936,4151,1832,2263,2629,1994,1362,1534,937,622,878
ACSSF,2010m1,al,000,0043,0000047,2653,414,681,377,1438,1333,1558,1201,1358,763,597,468,285,1029,1212,2653,550,1393,1317,2193,1434,639,677,206,574,562,505,273,2653,414,681,377,1438,1333,1558,1201,1358,763,1480,2653,1449,1317,2193,1434,639,677,615,562,505
ACSSF,2010m1,al,000,0043,0000048,6701,2768,2246,2080,2881,2775,3918,3452,2149,1547,2195,1475,727,2126,2611,6701,1848,3182,3273,3837,3646,2434,3611,1348,1742,2934,1988,1143,6701,2768,2246,2080,2881,2775,3918,3452,2149,1547,4755,6701,3598,3273,3837,3646,2434,3611,2286,2934,2351
ACSSF,2010m1,al,000,0043,0000049,7036,2075,1605,1859,2606,2889,3399,3027,2090,1139,1496,1344,743,1889,2458,7036,1447,2882,3216,3384,3077,1935,2725,1207,1421,2258,1802,1013,7036,2075,1605,1859,2606,2889,3399,3027,2090,1139,4107,7036,3176,3216,3384,3077,1935,2725,2042,2258,1979
ACSSF,2010m1,al,000,0043,0000050,6622,2152,1996,2388,3128,2775,3186,2832,2196,1545,1644,1314,1049,2793,1976,6622,1658,2899,3719,3618,3637,2751,2918,1517,1507,1866,1752,1239,6622,2152,1996,2388,3128,2775,3186,2832,2196,1545,4105,6622,3423,3719,3618,3637,2751,2918,2066,1866,2178
ACSSF,2010m1,al,000,0043,0000051,8047,2282,2590,2400,2396,2587,3299,2589,2118,1228,1264,1088,1023,2445,2299,8047,1394,3507,2862,3717,3002,1826,3868,1647,1446,2659,2016,1624,8047,2282,2590,2400,2396,2587,3299,2589,2118,1228,4112,8047,3505,2862,3717,3002,1826,3868,2029,2659,2245
ACSSF,2010m1,al,000,0043,0000052,6956,1696,2100,2286,2914,2745,3407,2871,2885,1374,2011,1913,873,2473,2233,6956,1464,2966,3519,4372,3840,2328,2980,1658,1614,2026,1429,1025,6956,1696,2100,2286,2914,2745,3407,2871,2885,1374,4663,6956,3283,3519,4372,3840,2328,2980,2045,2026,1642
ACSSF,2010m1,al,000,0043,0000053,6843,2421,2185,2049,2832,3469,3668,3082,2863,1738,2378,1239,966,2289,2067,6843,1424,2585,3197,3780,3657,2490,3524,2044,1652,2956,1801,1362,6843,2421,2185,2049,2832,3469,3668,3082,2863,1738,4171,6843,2808,3197,3780,3657,2490,3524,2529,2956,2133
ACSSF,2010m1,al,000,0043,0000054,7933,2265,1590,1645,2550,2833,3211,3219,2760,1696,1608,1355,918,2522,2390,7933,1100,2684,3346,4114,3618,2201,2910,1273,1437,1994,1697,949,7933,2265,1590,1645,2550,2833,3211,3219,2760,1696,4271,7933,3101,3346,4114,3618,2201,2910,2107,1994,2122
ACSSF,2010m1,al,000,0043,0000055,2564,759,749,963,1446,1235,1646,1176,1087,700,728,638,291,1237,993,2564,695,1563,1543,1869,1284,857,1422,751,786,998,1068,498,2564,759,749,963,1446,1235,1646,1176,1087,700,1737,2564,1722,1543,1869,1284,857,1422,1068,998,1158
ACSSF,2010m1,al,000,0043,0000056,3950,698,1043,1021,1524,1323,1927,1360,1867,1036,1379,1215,376,1142,1098,3950,845,1854,1856,2672,2281,1016,1012,323,363,758,448,617,3950,698,1043,1021,1524,1323,1927,1360,1867,1036,2476,3950,1971,1856,2672,2281,1016,1012,491,758,753
ACSSF,2010m1,al,000,0043,0000057,3318,1114,1177,1618,1965,1800,2218,1963,1112,892,960,762,693,1118,1203,3318,817,1258,1918,2040,2520,1939,1946,859,870,1017,689,455,3318,1114,1177,1618,1965,1800,2218,1963,1112,892,2283,3318,1526,1918,2040,2520,1939,1946,1149,1017,839
ACSSF,2010m1,al,000,0043,0000058,2755,1029,965,1108,1014,1253,1443,968,1012,437,653,831,96,1006,855,2755,751,1637,1376,1251,1155,1152,1532,722,592,1118,718,644,2755,1029,965,1108,1014,1253,1443,968,1012,437,1670,2755,1778,1376,1251,1155,1152,1532,823,1118,849
ACSSF,2010m1,al,000,0043,0000059,3565,1283,1754,1218,1459,1447,1954,1114,1137,724,717,711,715,1483,1101,3565,1024,1898,1617,1978,1910,850,1838,785,602,1683,1170,1130,3565,1283,1754,1218,1459,1447,1954,1114,1137,724,2100,3565,1983,1617,1978,1910,850,1838,921,1683,1572
ACSSF,2010m1,al,000,0043,0000060,3060,841,754,1096,1394,1219,1496,1372,1341,704,935,672,433,1154,1409,3060,699,1509,1900,1345,1410,989,1923,1069,1123,1306,700,339,3060,841,754,1096,1394,1219,1496,1372,1341,704,2281,3060,1647,1900,1345,1410,989,1923,1443,1306,714
ACSSF,2010m1,al,000,0043,0000061,2724,1113,863,998,1181,1138,1267,1129,647,308,709,226,133,1150,942,2724,691,1474,1457,1378,1148,669,1433,485,698,1096,839,923,2724,1113,863,998,1181,1138,1267,1129,647,308,1729,2724,1674,1457,1378,1148,669,1433,846,1096,1219
ACSSF,2010m1,al,000,0043,0000062,3738,1243,1283,1307,1552,1588,1657,1162,1160,659,969,497,321,1481,1117,3738,706,1145,1377,1849,1548,1492,1757,1080,1007,1819,1342,589,3738,1243,1283,1307,1552,1588,1657,1162,1160,659,2105,3738,1317,1377,1849,1548,1492,1757,1206,1819,1426
ACSSF,2010m1,al,000,0043,0000063,3139,719,856,496,847,1006,1293,1150,1351,593,840,627,270,763,1231,3139,440,938,1197,1864,1273,626,1199,285,349,720,527,348,3139,719,856,496,847,1006,1293,1150,1351,593,1743,3139,936,1197,1864,1273,626,1199,453,720,619
ACSSF,2010m1,al,000,0043,0000064,3344,736,541,515,1097,1160,1581,1142,1132,754,497,566,194,1050,963,3344,212,1238,1117,1333,1588,1040,1512,387,221,540,604,273,3344,736,541,515,1097,1160,1581,1142,1132,754,1861,3344,1307,1117,1333,1588,1040,1512,462,540,604
ACSSF,2010m1,al,000,0043,0000065,4059,576,599,969,1218,1525,1931,2250,1907,1213,1597,850,374,954,1418,4059,716,1620,2130,2498,2177,1030,1828,483,496,727,710,525,4059,576,599,969,1218,1525,1931,2250,1907,1213,2287,4059,1753,2130,2498,2177,1030,1828,729,727,880
ACSSF,2010m1,al,000,0043,0000066,4924,985,1115,1086,1661,1530,2121,1661,1434,626,935,752,482,1772,1033,4924,601,917,1591,1713,2213,1129,2237,1193,991,1503,899,641,4924,985,1115,1086,1661,1530,2121,1661,1434,626,2324,4924,1151,1591,1713,2213,1129,2237,1500,1503,1105
ACSSF,2010m1,al,000,0043,0000067,3810,1069,661,545,1034,1010,1917,1410,960,786,709,365,474,812,735,3810,347,768,1074,1458,1700,1018,1667,751,597,1256,736,203,3810,1069,661,545,1034,1010,1917,1410,960,786,1520,3810,852,1074,1458,1700,1018,1667,910,1256,720
ACSSF,2010m1,al,000,0043,0000068,2976,635,585,785,1342,963,1057,1058,977,396,636,502,563,913,945,2976,272,1136,1305,1781,1179,644,999,204,350,818,700,456,2976,635,585,785,1342,963,1057,1058,977,396,1804,2976,1192,1305,1781,1179,644,999,400,818,780
ACSSF,2010m1,al,000,0043,0000069,3161,1053,962,1267,1205,1250,1445,1128,867,574,748,378,235,1119,1075,3161,744,1500,1542,1367,1281,1117,1015,1069,663,811,1063,543,3161,1053,962,1267,1205,1250,1445,1128,867,574,1605,3161,1678,1542,1367,1281,1117,1015,1180,811,1355
ACSSF,2010m1,al,000,0043,0000070,2634,1379,931,1051,1055,957,1046,1059,759,732,820,558,237,996,750,2634,1160,737,1497,1601,1153,984,1183,486,402,765,469,208,2634,1379,931,1051,1055,957,1046,1059,759,732,1811,2634,1470,1497,1601,1153,984,1183,680,765,449
ACSSF,2010m1,al,000,0043,0000071,3174,987,1037,1111,1715,1603,1686,1497,1406,819,1291,523,786,1093,1024,3174,848,1425,1576,1742,1765,1183,1972,1315,1065,1593,1096,764,3174,987,1037,1111,1715,1603,1686,1497,1406,819,2253,3174,1810,1576,1742,1765,1183,1972,1641,1593,1343
ACSSF,2010m1,al,000,0043,0000072,3854,1330,1171,901,1689,1841,2130,1547,1774,984,727,508,285,1615,1624,3854,633,1646,1977,2719,2556,1243,1703,537,898,969,750,480,3854,1330,1171,901,1689,1841,2130,1547,1774,984,2060,3854,1744,1977,2719,2556,1243,1703,1009,969,929
ACSSF,2010m1,al,000,0043,0000073,3197,812,682,1014,1323,1083,1180,1322,891,354,659,625,381,936,974,3197,1183,1305,1507,1167,1293,669,939,429,953,1011,804,613,3197,812,682,1014,1323,1083,1180,1322,891,354,1710,3197,1812,1507,1167,1293,669,939,1174,1011,954
ACSSF,2010m1,al,000,0043,0000074,2686,1265,780,1047,1486,1186,934,1252,1160,522,766,329,138,937,902,2686,441,1034,1632,1379,1278,687,1588,827,719,1061,960,827,2686,1265,780,1047,1486,1186,934,1252,1160,522,1483,2686,1007,1632,1379,1278,687,1588,1339,1061,1114
ACSSF,2010m1,al,000,0043,0000075,2348,671,1461,602,1014,950,1555,1507,1130,779,708,795,802,1393,1089,2348,742,1563,1581,1581,1490,1092,1429,507,362,920,621,653,2348,671,1461,602,1014,950,1555,1507,1130,779,1965,2348,1798,1581,1581,1490,1092,1429,663,920,780
ACSSF,2010m1,al,000,0043,0000076,3848,997,654,914,1451,1423,1855,1421,1268,899,1121,586,719,1419,1376,3848,726,1866,1902,1467,1497,899,1888,984,843,1065,1226,267,3848,997,654,914,1451,1423,1855,1421,1268,899,2486,3848,1976,1902,1467,1497,899,1888,1325,1065,1260
ACSSF,2010m1,al,000,0043,0000077,4138,967,806,871,1593,1794,2477,1912,1192,961,1059,828,437,1628,1713,4138,635,1720,2186,2645,1943,1362,1533,489,756,622,499,665,4138,967,806,871,1593,1794,2477,1912,1192,961,2928,4138,1832,2186,2645,1943,1362,1533,937,622,878
ACSSF,2010m1,al,000,0043,0000078,3642,813,870,1060,1255,1777,1890,1597,1150,380,745,680,415,857,911,3642,719,1200,1063,1683,1928,1254,2029,712,1132,1317,852,519,3642,813,870,1060,1255,1777,1890,1597,1150,380,1572,3642,1396,1063,1683,1928,1254,2029,1277,1317,982
ACSSF,2010m1,al,000,0043,0000079,3609,997,818,925,1726,1150,1623,1071,708,444,790,218,189,950,912,3609,604,1624,1431,1207,989,800,1055,351,364,1369,1291,793,3609,997,818,925,1726,1150,1623,1071,708,444,1483,3609,1700,1431,1207,989,800,1055,491,1369,1297
ACSSF,2010m1,al,000,0043,0000080,3556,1468,811,1126,1668,1385,2039,1848,1203,955,1554,713,291,1327,1235,3556,752,1309,2196,1864,1979,1066,1514,654,606,1123,795,382,3556,1468,811,1126,1668,1385,2039,1848,1203,955,2558,3556,1499,2196,1864,1979,1066,1514,867,1123,860
ACSSF,2010m1,al,000,0043,0000081,4527,1549,1753,1051,1925,1979,2409,1638,999,1108,957,758,272,1295,1378,4527,1102,1308,1596,2433,2195,1703,2226,934,943,1920,958,632,4527,1549,1753,1051,1925,1979,2409,1638,999,1108,2482,4527,1641,1596,2433,2195,1703,2226,1277,1920,1203
ACSSF,2010m1,al,000,0043,0000082,3206,1011,951,1037,1861,1373,1993,1702,1377,750,1083,981,510,1412,1613,3206,1107,1488,1713,1917,2203,1097,1981,692,1406,1306,1182,716,3206,1011,951,1037,1861,1373,1993,1702,1377,750,2328,3206,1958,1713,1917,2203,1097,1981,1608,1306,1445
ACSSF,2010m1,al,000,0043,0000083,2395,827,638,811,1176,1003,1413,1476,711,323,571,370,154,861,757,2395,800,1380,1177,1298,1259,752,1299,386,575,863,719,592,2395,827,638,811,1176,1003,1413,1476,711,323,1253,2395,1444,1177,1298,1259,752,1299,673,863,940
ACSSF,2010m1,al,000,0043,0000084,2274,756,638,880,852,1333,1434,950,832,372,567,465,318,930,1127,2274,456,1019,1296,1492,1019,674,1092,373,351,720,301,271,2274,756,638,880,852,1333,1434,950,832,372,1646,2274,1116,1296,1492,1019,674,1092,513,720,384
ACSSF,2010m1,al,000,0043,0000085,2747,414,538,652,700,885,1225,1427,1093,718,1515,694,302,490,686,2747,540,964,1335,1338,1613,943,1154,514,502,569,397,554,2747,414,538,652,700,885,1225,1427,1093,718,1714,2747,1119,1335,1338,1613,943,1154,730,569,737
ACSSF,2010m1,al,000,0043,0000086,3206,1011,951,1037,1861,1373,1993,1702,1377,750,1083,981,510,1412,1613,3206,1107,1488,1713,1917,2203,1097,1981,692,1406,1306,1182,716,3206,1011,951,1037,1861,1373,1993,1702,1377,750,2328,3206,1958,1713,1917,2203,1097,1981,1608,1306,1445
ACSSF,2010m1,al,000,0043,0000087,3961,1044,888,777,1503,1805,2359,1915,1753,916,1169,753,345,1318,1545,3961,479,1202,1778,2419,2518,1228,2040,495,539,959,1030,537,3961,1044,888,777,1503,1805,2359,1915,1753,916,2510,3961,1215,1778,2419,2518,1228,2040,739,959,1164
ACSSF,2010m1,al,000,0043,0000088,2526,737,507,652,604,701,1022,503,602,392,410,273,98,885,509,2526,302,849,852,1063,1052,711,886,269,245,626,565,336,2526,737,507,652,604,701,1022,503,602,392,1131,2526,876,852,1063,1052,711,886,372,626,622
ACSSF,2010m1,al,000,0043,0000089,1474,411,362,430,472,525,595,635,529,160,393,296,188,509,553,1474,223,639,1050,729,492,223,488,92,129,298,147,120,1474,411,362,430,472,525,595,635,529,160,843,1474,693,1050,729,492,223,488,151,298,191
ACSSF,2010m1,al,000,0043,0000090,2925,607,401,704,722,1094,1577,1014,734,167,473,467,292,510,534,2925,506,797,573,1062,1248,923,1477,568,612,1013,451,370,2925,607,401,704,722,1094,1577,1014,734,167,1220,2925,991,573,1062,1248,923,1477,841,1013,561
ACSSF,2010m1,al,000,0043,0000091,4022,698,1033,974,1529,1343,1810,1869,1597,1025,1399,1169,376,1108,1102,4022,750,1858,1764,2771,2304,995,1001,323,322,758,448,617,4022,698,1033,974,1529,1343,1810,1869,1597,1025,2484,4022,1908,1764,2771,2304,995,1001,461,758,753
ACSSF,2010m1,al,000,0043,0000092,4869,1214,1196,1026,1615,1614,2223,1803,1464,914,872,923,526,1802,1213,4869,711,1094,1572,2094,2506,1073,2692,1241,923,1687,858,524,4869,1214,1196,1026,1615,1614,2223,1803,1464,914,2572,4869,1386,1572,2094,2506,1073,2692,1461,1687,1048
ACSSF,2010m1,al,000,0043,0000093,3072,814,829,1068,1629,1271,1489,1367,1321,654,709,766,557,890,904,3072,573,940,1063,1605,1877,1784,1652,753,647,945,411,391,3072,814,829,1068,1629,1271,1489,1367,1321,654,1672,3072,1177,1063,1605,1877,1784,1652,1012,945,562
ACSSF,2010m1,al,000,0043,0000094,5336,2235,1872,1652,2178,2278,3040,2466,1639,1181,1722,1106,420,1809,1814,5336,1023,1734,2461,3224,2987,1992,2751,1097,1137,2369,1225,740,5336,2235,1872,1652,2178,2278,3040,2466,1639,1181,3458,5336,1987,2461,3224,2987,1992,2751,1563,2369,1491
ACSSF,2010m1,al,000,0043,0000095,3714,963,889,923,1656,1957,2532,1897,1191,1004,1118,845,448,1572,1687,3714,570,1734,2433,2592,2112,1473,1511,522,866,863,551,684,3714,963,889,923,1656,1957,2532,1897,1191,1004,2878,3714,1814,2433,2592,2112,1473,1511,1005,863,966
ACSSF,2010m1,al,000,0043,0000096,3326,975,1008,1058,1738,1571,1529,1443,1445,826,1200,502,779,1039,1010,3326,820,1452,1517,1677,1501,1164,1855,1294,1038,1579,1048,670,3326,975,1008,1058,1738,1571,1529,1443,1445,826,2083,3326,1712,1517,1677,1501,1164,1855,1625,1579,1251
ACSSF,2010m1,al,000,0043,0000097,2709,414,684,377,1415,1333,1556,1178,1363,763,597,468,285,1237,1212,2709,550,1393,1317,2290,1426,639,762,206,496,546,517,273,2709,414,684,377,1415,1333,1556,1178,1363,763,1638,2709,1449,1317,2290,1426,639,762,535,546,517
ACSSF,2010m1,al,000,0043,0000098,3139,1295,860,777,1146,1222,1472,1015,1288,771,448,155,273,1023,1079,3139,383,801,1657,1320,1908,1041,1633,501,711,898,557,480,3139,1295,860,777,1146,1222,1472,1015,1288,771,1316,3139,911,1657,1320,1908,1041,1633,804,898,722
