ACSSF,2010m1,al,000,0055,0000001,4238,3430,750,753,886,501,785,914,677,463,726,629,494,573,886,607,1194,334,2878,3404,8974,3158,3358,3061,2897,3289,2975,3239,2851,3552,2897,2409,2537,2188,2756,7192,2978,9187,2881,2814,880,1469,938,1585,854,1009,1237,729,1052,859,745,896,923,859,1270,663,2799,4238,3430,1072,2169,1386,1333,2878,3404,8974,4013,4580,3545,7401,9187,2881,2814,1659,2331,1634,1540,2799
ACSSF,2010m1,al,000,0055,0000002,3434,2929,554,642,605,322,571,462,437,393,404,624,430,381,566,558,1018,355,1903,17446,10165,2033,1966,1696,2125,2184,2044,2413,2040,2437,1811,1623,2140,1676,2186,5257,2382,12280,6680,2857,844,1158,735,1320,739,698,819,519,791,696,698,577,797,749,984,534,5405,3434,2929,920,1690,983,1184,1903,17446,10165,2714,5645,3786,5293,12280,6680,2857,1459,1952,1511,1122,5405
ACSSF,2010m1,al,000,0055,0000003,3536,2222,481,363,765,391,518,763,553,407,575,278,240,455,713,236,622,113,2679,17967,9628,2528,2656,2304,2248,2743,2313,2112,2271,3000,2143,2323,2081,1922,2248,4723,1649,14154,7457,3678,526,845,544,998,560,709,909,495,670,558,423,637,536,419,860,389,4880,3536,2222,538,1790,941,624,2679,17967,9628,3511,6469,4188,4950,14154,7457,3678,1161,2375,1044,1037,4880
ACSSF,2010m1,al,000,0055,0000004,4198,3241,746,732,863,501,785,835,597,463,717,629,494,573,886,607,1178,334,2764,4627,9289,3168,3185,3049,2742,3068,2755,3325,2891,3340,2705,2157,2350,2011,2553,7212,2922,9866,2347,2676,876,1469,913,1618,798,1006,1255,695,982,885,745,896,923,838,1259,663,2269,4198,3241,1092,2060,1386,1323,2764,4627,9289,3747,4316,3245,7617,9866,2347,2676,1656,2157,1633,1532,2269
ACSSF,2010m1,al,000,0055,0000005,3843,2871,748,666,697,462,576,539,556,436,536,609,334,421,847,565,1133,270,2526,3722,7784,2782,2883,2739,2414,2755,2504,2656,2638,2541,2182,1866,1948,1783,2032,6583,2557,8014,2026,2468,842,1303,798,1052,635,662,1125,582,891,750,547,817,681,615,1177,449,1964,3843,2871,1015,1883,1198,1193,2526,3722,7784,3537,3717,2744,6818,8014,2026,2468,1512,1665,1174,1360,1964
ACSSF,2010m1,al,000,0055,0000006,2665,2335,554,496,544,313,299,268,451,325,376,383,187,234,468,260,951,194,1450,9705,6708,1375,1334,1265,1289,1155,1357,1087,1249,1250,1276,1023,1099,1206,1164,5076,1472,8076,4099,2565,866,891,407,724,373,486,611,200,620,436,416,438,448,311,1035,265,3165,2665,2335,764,1327,588,974,1450,9705,6708,2042,3554,2355,5185,8076,4099,2565,1338,1262,757,1080,3165
ACSSF,2010m1,al,000,0055,0000007,3350,1981,435,461,553,354,491,435,372,436,335,530,274,336,757,475,557,164,2161,10385,6791,2320,2695,2516,2281,2470,2382,2475,2255,2369,1828,1909,1766,1706,1994,4512,2194,10398,4563,2732,485,1039,743,810,492,492,934,566,518,678,419,689,578,494,658,381,3022,3350,1981,576,1484,1009,592,2161,10385,6791,3118,4200,2975,4976,10398,4563,2732,1236,1799,1085,801,3022
ACSSF,2010m1,al,000,0055,0000008,2087,1756,160,312,479,169,564,613,341,199,455,200,397,401,237,168,487,228,1211,2924,3968,1191,1421,1269,1463,1389,1299,1610,1499,1704,1367,1286,1318,1071,1471,3092,1281,4513,1095,1241,231,546,520,1027,472,641,658,437,484,336,483,338,653,565,391,469,924,2087,1756,363,1301,677,525,1211,2924,3968,1783,2043,2023,3409,4513,1095,1241,653,1353,1302,632,924
ACSSF,2010m1,al,000,0055,0000009,,,,,,,,,,,,,,,,,,,,8055,3902,785,784,737,831,749,827,992,873,824,606,610,838,644,1036,1767,678,6012,3840,1690,109,346,189,805,356,340,356,145,362,312,260,101,514,411,235,463,2686,1008,899,186,548,224,316,517,8055,3902,1216,2694,1766,1911,6012,3840,1690,378,1009,1015,546,2686
ACSSF,2010m1,al,000,0055,0000010,,,,,,,,,,,,,,,,,,,,7845,4681,1041,1414,1074,1148,1309,1140,1490,1276,1528,1170,1121,1037,1000,1301,2668,1037,6944,3984,1954,192,472,509,495,230,535,578,419,319,90,441,309,355,383,300,76,2599,2080,1588,298,1227,635,455,1160,7845,4681,1845,2885,1806,2857,6944,3984,1954,577,1526,836,316,2599
ACSSF,2010m1,al,000,0055,0000011,,,,,,,,,,,,,,,,,,,,3222,2829,897,1028,1078,905,858,898,995,924,1240,973,1009,1069,848,949,2012,451,3409,,,,,,,,,,,,,,,,,,,,,,,,,,,3222,2829,1221,1970,1419,2201,3409,,,,,,,
ACSSF,2010m1,al,000,0055,0000012,2162,2003,163,394,505,169,564,738,482,199,465,200,397,401,237,168,503,228,1393,2841,4575,1312,1648,1767,1718,1600,1574,1779,1693,2012,1595,1676,1712,1346,1799,3458,1314,4785,1968,1550,236,546,500,976,594,645,662,482,589,387,483,338,653,573,431,469,1868,2162,2003,437,1553,677,542,1393,2841,4575,1994,2626,2566,3737,4785,1968,1550,655,1563,1295,657,1868
ACSSF,2010m1,al,000,0055,0000013,,,,,,,,,,,,,,,,,,,,895,1775,606,1030,581,761,385,796,983,979,1132,650,520,726,571,801,1457,805,1795,,,,,,,,,,,,,,,,,,,,748,663,67,379,305,198,477,895,1775,1167,975,747,1566,1795,,,,,,,
ACSSF,2010m1,al,000,0055,0000014,,,,,,,,,,,,,,,,,,,,752,1405,882,481,291,424,378,449,367,530,759,630,539,333,345,486,1211,309,1186,,,,,,,,,,,,,,,,,,,,,,,,,,,752,1405,1014,833,740,1275,1186,,,,,,,
ACSSF,2010m1,al,000,0055,0000015,,,,,,,,,,,,,,,,,,,,431,1375,502,567,481,427,524,260,538,384,522,538,772,503,446,386,1261,328,1402,,,,,,,,,,,,,,,,,,,,,,,,,,,431,1375,735,1027,689,1295,1402,94,217,128,170,263,122,192
ACSSF,2010m1,al,000,0055,0000016,,,,,,,,,,,,,,,,,,,,488,814,294,398,322,706,403,431,514,414,567,500,364,371,243,591,710,265,944,,,,,,,,,,,,,,,,,,,,,,,,,,,488,814,647,579,683,735,944,,,,,,,
ACSSF,2010m1,al,000,0055,0000017,,,,,,,,,,,,,,,,,,,,465,997,453,496,210,354,427,486,311,444,386,157,410,291,242,473,556,329,852,,,,,,,,,,,,,,,,,,,,528,362,138,280,85,273,261,465,997,672,417,272,687,852,,,,,,,
ACSSF,2010m1,al,000,0055,0000018,,,,,,,,,,,,,,,,,,,,519,1209,455,500,508,327,388,461,375,404,418,499,633,342,476,453,1081,224,1284,,,,,,,,,,,,,,,,,,,,,,,,,,,519,1209,553,642,601,1121,1284,295,370,273,320,187,273,208
ACSSF,2010m1,al,000,0055,0000019,,,,,,,,,,,,,,,,,,,,310,682,277,218,289,246,251,272,319,401,205,206,180,255,253,251,432,124,620,,,,,,,,,,,,,,,,,,,,691,482,96,432,112,273,321,310,682,365,378,313,449,620,65,151,101,165,147,153,153
ACSSF,2010m1,al,000,0055,0000020,,,,,,,,,,,,,,,,,,,,1022,2728,1334,941,941,913,916,771,638,975,776,969,899,724,831,789,2704,1509,2538,,,,,,,,,,,,,,,,,,,,1339,857,429,406,386,388,772,1022,2728,1688,1186,980,2424,2538,631,889,1255,708,590,513,749
ACSSF,2010m1,al,000,0055,0000021,,,,,,,,,,,,,,,,,,,,471,1287,524,815,647,587,369,729,454,427,496,628,504,359,371,366,1156,548,1170,,,,,,,,,,,,,,,,,,,,,,,,,,,471,1287,1103,906,572,1104,1170,,,,,,,
ACSSF,2010m1,al,000,0055,0000022,,,,,,,,,,,,,,,,,,,,531,1661,548,444,434,505,491,383,598,631,509,496,418,512,464,480,1533,764,1639,,,,,,,,,,,,,,,,,,,,611,484,56,242,143,396,333,531,1661,722,497,397,1622,1639,108,428,128,159,159,416,438
ACSSF,2010m1,al,000,0055,0000023,,,,,,,,,,,,,,,,,,,,495,995,410,283,381,477,285,512,210,397,566,508,430,401,240,428,770,313,1075,,,,,,,,,,,,,,,,,,,,,,,,,,,495,995,447,574,431,787,1075,228,391,166,419,125,144,326
ACSSF,2010m1,al,000,0055,0000024,,,,,,,,,,,,,,,,,,,,886,2012,788,788,1002,883,808,583,545,700,906,842,604,807,598,701,1414,894,2015,408,651,360,266,214,256,104,236,157,216,245,217,230,130,153,159,366,255,521,1893,1647,543,1165,227,284,1020,886,2012,1144,1041,965,1722,2015,408,651,427,309,248,475,521
ACSSF,2010m1,al,000,0055,0000025,,,,,,,,,,,,,,,,,,,,760,1205,391,479,388,468,502,574,565,470,679,516,452,437,360,443,882,313,1545,,,,,,,,,,,,,,,,,,,,,,,,,,,760,1205,605,877,431,918,1545,292,238,427,687,839,273,364
ACSSF,2010m1,al,000,0055,0000026,,,,,,,,,,,,,,,,,,,,1128,2244,1029,1230,1009,789,824,820,978,893,918,578,674,810,698,806,1957,657,2105,,,,,,,,,,,,,,,,,,,,1138,720,214,421,431,261,764,1128,2244,1446,1406,929,1943,2105,175,599,227,435,457,587,594
ACSSF,2010m1,al,000,0055,0000027,,,,,,,,,,,,,,,,,,,,535,1454,311,349,416,350,383,482,254,503,441,374,414,390,393,316,1245,588,1484,,,,,,,,,,,,,,,,,,,,,,,,,,,535,1454,477,520,620,1432,1484,248,444,356,181,102,199,588
ACSSF,2010m1,al,000,0055,0000028,,,,,,,,,,,,,,,,,,,,502,1258,444,551,522,558,466,446,484,566,668,521,579,433,398,433,1090,378,1342,,,,,,,,,,,,,,,,,,,,737,528,228,308,149,228,449,502,1258,659,776,669,1105,1342,464,1039,341,427,324,559,672
ACSSF,2010m1,al,000,0055,0000029,,,,,,,,,,,,,,,,,,,,1058,1405,373,436,710,545,596,497,943,329,526,275,710,420,280,400,826,209,1419,,,,,,,,,,,,,,,,,,,,,,,,,,,1058,1405,591,1098,882,880,1419,111,180,38,147,61,273,187
ACSSF,2010m1,al,000,0055,0000030,,,,,,,,,,,,,,,,,,,,629,1477,639,748,566,729,739,634,716,704,622,644,558,565,602,514,1319,621,1520,,,,,,,,,,,,,,,,,,,,997,699,273,488,363,73,651,629,1477,908,723,648,1345,1520,193,350,122,307,168,177,372
ACSSF,2010m1,al,000,0055,0000031,,,,,,,,,,,,,,,,,,,,490,1116,360,169,284,170,480,397,688,445,333,322,482,328,323,449,1076,112,1331,,,,,,,,,,,,,,,,,,,,,,,,,,,490,1116,418,541,631,1076,1331,,,,,,,
ACSSF,2010m1,al,000,0055,0000032,,,,,,,,,,,,,,,,,,,,855,2393,463,607,517,403,448,581,584,579,492,538,461,588,639,679,2620,789,2494,,,,,,,,,,,,,,,,,,,,663,647,243,382,324,337,328,855,2393,684,737,995,2564,2494,,,,,,,
ACSSF,2010m1,al,000,0055,0000033,,,,,,,,,,,,,,,,,,,,385,1169,328,391,570,482,458,426,223,502,426,227,287,297,317,286,643,126,948,,,,,,,,,,,,,,,,,,,,,,,,,,,385,1169,464,792,346,646,948,,,,,,,
ACSSF,2010m1,al,000,0055,0000034,,,,,,,,,,,,,,,,,,,,,,,,,,,,,,,,,,,,,,,,,,,,,,,,,,,,,,,,,,,,,,,,,3994,1491,467,506,352,1418,3694,,,,,,,
ACSSF,2010m1,al,000,0055,0000035,,,,,,,,,,,,,,,,,,,,1436,987,200,165,128,213,180,676,233,251,152,185,154,221,240,326,320,104,1184,,,,,,,,,,,,,,,,,,,,442,307,96,183,87,273,244,1436,987,283,756,373,336,1184,590,293,94,114,148,147,405
ACSSF,2010m1,al,000,0055,0000036,,,,,,,,,,,,,,,,,,,,4483,1976,703,506,415,472,265,364,408,471,277,567,522,403,409,400,901,291,3485,,,,,,,,,,,,,,,,,,,,,,,,,,,4483,1976,920,1440,809,949,3485,3240,1581,1224,650,401,333,2109
ACSSF,2010m1,al,000,0055,0000037,,,,,,,,,,,,,,,,,,,,3707,2450,416,507,597,465,508,472,335,458,917,421,379,409,472,470,1393,580,2849,,,,,,,,,,,,,,,,,,,,1974,1693,521,1203,259,284,877,3707,2450,714,1595,825,1603,2849,1480,716,427,358,139,304,1246
ACSSF,2010m1,al,000,0055,0000038,,,,,,,,,,,,,,,,,,,,3892,2452,687,360,764,538,345,277,456,348,463,462,380,416,346,756,1951,549,3472,,,,,,,,,,,,,,,,,,,,,,,,,,,3892,2452,767,1322,1129,1956,3472,1195,768,227,478,435,592,899
ACSSF,2010m1,al,000,0055,0000039,,,,,,,,,,,,,,,,,,,,2401,1746,292,349,302,350,300,475,218,509,387,321,368,363,452,287,1255,578,2228,,,,,,,,,,,,,,,,,,,,,,,,,,,2401,1746,481,602,865,1429,2228,386,424,356,185,102,146,626
ACSSF,2010m1,al,000,0055,0000040,,,,,,,,,,,,,,,,,,,,3566,2908,349,378,245,131,379,369,160,209,335,356,138,298,273,103,2933,726,3196,,,,,,,,,,,,,,,,,,,,,,,,,,,3566,2908,382,969,334,2793,3196,,,,,,,
ACSSF,2010m1,al,000,0055,0000041,,,,,,,,,,,,,,,,,,,,,,,,,,,,,,,,,,,,,,,,,,,,,,,,,,,,,,,,,,,,,,,,,3994,1491,467,506,352,1418,3694,,,,,,,
ACSSF,2010m1,al,000,0055,0000042,,,,,,,,,,,,,,,,,,,,4483,1976,703,506,415,472,265,364,408,471,277,567,522,403,409,400,901,291,3485,,,,,,,,,,,,,,,,,,,,,,,,,,,4483,1976,920,1440,809,949,3485,3240,1581,1224,650,401,333,2109
ACSSF,2010m1,al,000,0055,0000043,,,,,,,,,,,,,,,,,,,,1113,814,200,165,128,213,180,208,233,251,152,185,154,209,240,176,320,104,1125,,,,,,,,,,,,,,,,,,,,442,307,96,183,87,273,244,1113,814,283,535,293,336,1125,590,293,94,114,148,147,405
ACSSF,2010m1,al,000,0055,0000044,,,,,,,,,,,,,,,,,,,,3707,2450,416,507,597,465,508,472,335,458,917,421,379,409,472,470,1393,580,2849,,,,,,,,,,,,,,,,,,,,1974,1693,521,1203,259,284,877,3707,2450,714,1595,825,1603,2849,1480,716,427,358,139,304,1246
ACSSF,2010m1,al,000,0055,0000045,,,,,,,,,,,,,,,,,,,,3892,2452,687,360,764,538,345,277,456,348,463,462,380,416,346,756,1951,549,3472,,,,,,,,,,,,,,,,,,,,,,,,,,,3892,2452,767,1322,1129,1956,3472,1195,768,227,478,435,592,899
ACSSF,2010m1,al,000,0055,0000046,,,,,,,,,,,,,,,,,,,,2401,1746,292,349,302,350,300,475,218,509,387,321,368,363,452,287,1255,578,2228,,,,,,,,,,,,,,,,,,,,,,,,,,,2401,1746,481,602,865,1429,2228,386,424,356,185,102,146,626
ACSSF,2010m1,al,000,0055,0000047,,,,,,,,,,,,,,,,,,,,3566,2908,349,378,245,131,379,369,160,209,335,356,138,298,273,103,2933,726,3196,,,,,,,,,,,,,,,,,,,,,,,,,,,3566,2908,382,969,334,2793,3196,,,,,,,
ACSSF,2010m1,al,000,0055,0000048,,,,,,,,,,,,,,,,,,,,3345,2977,1244,1763,1247,1140,894,1205,1487,1313,1382,830,887,1090,1044,1048,2109,1004,3561,1355,794,210,298,193,356,138,394,430,306,441,273,171,141,418,133,583,151,1453,1446,1007,214,597,550,323,942,3345,2977,1965,2060,1329,2169,3561,1355,794,328,685,492,603,1453
ACSSF,2010m1,al,000,0055,0000049,2045,1764,216,427,341,128,376,388,360,152,534,56,393,360,389,222,774,151,967,4168,2934,915,990,984,832,934,1007,732,1007,973,870,795,800,826,817,1954,933,4007,1341,1282,377,229,122,815,318,425,223,181,345,256,400,216,349,263,451,463,1169,2045,1764,459,844,770,812,967,4168,2934,1272,1442,1116,2232,4007,1341,1282,441,821,683,593,1169
ACSSF,2010m1,al,000,0055,0000050,,,,,,,,,,,,,,,,,,,,3494,3444,1319,1070,778,990,966,978,1050,1281,1155,1052,923,987,873,1154,2711,1012,4109,1379,901,337,242,434,259,247,288,403,211,177,94,186,102,156,101,463,195,1313,1529,751,225,518,194,462,1317,3494,3444,1762,1822,1599,3020,4109,1379,901,350,823,268,537,1313
ACSSF,2010m1,al,000,0055,0000051,,,,,,,,,,,,,,,,,,,,4145,3707,1065,1480,1216,1352,1396,1279,1242,1034,1539,1440,1373,1182,911,1081,2559,761,4568,1889,1608,190,699,535,707,383,436,506,401,502,290,290,384,663,656,485,54,1619,1944,1499,334,1417,286,467,1138,4145,3707,1699,2370,1579,2580,4568,1889,1608,748,1485,1152,486,1619
ACSSF,2010m1,al,000,0055,0000052,2345,1832,543,379,526,155,412,139,359,382,332,367,138,195,428,122,492,225,1522,3872,3692,1186,1286,1413,1309,1221,1185,1075,1269,1554,1254,1197,1035,885,1037,2428,1137,4103,1008,1571,499,572,297,319,486,377,489,247,447,490,290,391,309,205,749,268,987,2345,1832,614,1188,507,564,1522,3872,3692,1817,2021,1521,2587,4103,1008,1571,865,967,618,815,987
ACSSF,2010m1,al,000,0055,0000053,,,,,,,,,,,,,,,,,,,,7527,4792,1693,1611,1438,1331,1532,1313,1568,1370,1189,1157,1331,1060,1148,1206,3422,1725,6309,3566,1808,803,803,605,878,315,253,195,300,364,481,265,554,142,381,455,236,2548,1701,1331,608,780,758,292,886,7527,4792,2355,2692,1802,3672,6309,3566,1808,1295,1146,646,546,2548
ACSSF,2010m1,al,000,0055,0000054,,,,,,,,,,,,,,,,,,,,7026,4197,529,418,660,616,578,738,564,630,556,757,530,788,884,866,3477,934,6370,,,,,,,,,,,,,,,,,,,,968,659,241,340,203,399,643,7026,4197,690,1937,1435,3411,6370,2891,1153,408,772,370,514,2414
ACSSF,2010m1,al,000,0055,0000055,,,,,,,,,,,,,,,,,,,,557,1634,548,882,724,675,578,804,551,490,565,718,611,412,445,444,1553,548,1574,,,,,,,,,,,,,,,,,,,,511,296,77,139,136,220,393,557,1634,1163,965,655,1575,1574,,,,,,,
ACSSF,2010m1,al,000,0055,0000056,,,,,,,,,,,,,,,,,,,,3671,2485,416,507,600,465,483,472,335,458,917,408,379,409,485,449,1419,566,2735,,,,,,,,,,,,,,,,,,,,2034,1717,521,1228,259,284,863,3671,2485,714,1549,823,1603,2735,1534,730,448,360,75,304,1286
ACSSF,2010m1,al,000,0055,0000057,,,,,,,,,,,,,,,,,,,,3765,2553,763,638,1009,891,741,654,432,759,996,906,558,767,529,692,1486,831,3616,,,,,,,,,,,,,,,,,,,,1034,592,180,573,76,127,759,3765,2553,969,1669,1082,1762,3616,1507,676,181,602,266,322,1271
ACSSF,2010m1,al,000,0055,0000058,,,,,,,,,,,,,,,,,,,,562,1092,431,449,505,792,786,516,616,564,709,559,530,497,332,622,989,400,1209,,,,,,,,,,,,,,,,,,,,,,,,,,,562,1092,814,662,884,1002,1209,255,260,220,674,428,54,262
ACSSF,2010m1,al,000,0055,0000059,,,,,,,,,,,,,,,,,,,,2679,2292,655,813,798,646,725,616,907,567,1159,731,829,696,612,694,1760,434,2691,320,287,187,359,387,188,218,278,217,218,226,218,100,292,453,503,122,273,405,,,,,,,,2679,2292,989,1716,857,1794,2691,320,287,455,726,877,122,405
ACSSF,2010m1,al,000,0055,0000060,,,,,,,,,,,,,,,,,,,,716,1709,668,555,609,658,533,453,493,586,818,639,679,446,540,478,1386,455,1894,,,,,,,,,,,,,,,,,,,,1153,949,368,308,425,435,876,716,1709,847,878,851,1471,1894,522,1062,341,483,339,559,671
ACSSF,2010m1,al,000,0055,0000061,,,,,,,,,,,,,,,,,,,,2908,1472,574,615,570,471,553,642,429,271,611,476,610,639,342,480,824,334,2363,,,,,,,,,,,,,,,,,,,,,,,,,,,2908,1472,769,1029,842,904,2363,,,,,,,
ACSSF,2010m1,al,000,0055,0000062,,,,,,,,,,,,,,,,,,,,1225,2046,503,858,986,823,931,744,932,716,793,496,885,612,450,602,1176,267,2048,,,,,,,,,,,,,,,,,,,,1200,632,77,617,273,68,754,1225,2046,947,1545,987,1219,2048,1590,1161,561,547,385,466,939
ACSSF,2010m1,al,000,0055,0000063,,,,,,,,,,,,,,,,,,,,,,,,,,,,,,,,,,,,,,,,,,,,,,,,,,,,,,,,,,,,,,,,,3458,1407,366,373,352,1194,3040,,,,,,,
ACSSF,2010m1,al,000,0055,0000064,,,,,,,,,,,,,,,,,,,,,,,,,,,,,,,,,,,,,,,,,,,,,,,,,,,,,,,,,,,,,,,,,,,,,,,,,,,,,,
ACSSF,2010m1,al,000,0055,0000065,,,,,,,,,,,,,,,,,,,,5483,3296,903,768,545,553,763,583,567,593,530,605,523,550,614,573,2274,1231,4268,,,,,,,,,,,,,,,,,,,,,,,,,,,5483,3296,1148,1805,1201,2246,4268,3123,1526,1280,830,396,305,2266
ACSSF,2010m1,al,000,0055,0000066,,,,,,,,,,,,,,,,,,,,5730,3320,1044,711,568,435,433,507,383,815,496,578,671,549,559,480,1450,506,4431,,,,,,,,,,,,,,,,,,,,,,,,,,,5730,3320,1521,1687,1089,1572,4431,,,,,,,
ACSSF,2010m1,al,000,0055,0000067,,,,,,,,,,,,,,,,,,,,4529,2136,239,240,382,341,395,365,460,396,445,556,264,364,248,385,647,159,3525,,,,,,,,,,,,,,,,,,,,,,,,,,,4529,2136,339,1530,699,689,3525,,,,,,,
ACSSF,2010m1,al,000,0055,0000068,,,,,,,,,,,,,,,,,,,,519,1209,455,500,508,327,388,461,375,404,418,499,633,342,476,453,1081,224,1284,,,,,,,,,,,,,,,,,,,,,,,,,,,519,1209,553,642,601,1121,1284,295,370,273,320,187,273,208
ACSSF,2010m1,al,000,0055,0000069,,,,,,,,,,,,,,,,,,,,2477,2310,552,464,360,551,693,528,826,730,491,647,689,532,435,714,1434,208,3034,,,,,,,,,,,,,,,,,,,,,,,,,,,2477,2310,803,1241,1015,1499,3034,,,,,,,
ACSSF,2010m1,al,000,0055,0000070,,,,,,,,,,,,,,,,,,,,752,1405,882,481,291,424,378,449,367,530,759,630,539,333,345,486,1211,309,1186,,,,,,,,,,,,,,,,,,,,,,,,,,,752,1405,1014,833,740,1275,1186,,,,,,,
ACSSF,2010m1,al,000,0055,0000071,,,,,,,,,,,,,,,,,,,,629,1477,639,748,566,729,739,634,716,704,622,644,558,565,602,514,1319,621,1520,,,,,,,,,,,,,,,,,,,,997,699,273,488,363,73,651,629,1477,908,723,648,1345,1520,193,350,122,307,168,177,372
ACSSF,2010m1,al,000,0055,0000072,,,,,,,,,,,,,,,,,,,,855,2393,463,607,517,403,448,581,584,579,492,538,461,588,639,679,2620,789,2494,,,,,,,,,,,,,,,,,,,,663,647,243,382,324,337,328,855,2393,684,737,995,2564,2494,,,,,,,
ACSSF,2010m1,al,000,0055,0000073,,,,,,,,,,,,,,,,,,,,2494,1517,407,296,341,373,535,273,242,434,289,274,346,434,494,590,1174,255,2481,,,,,,,,,,,,,,,,,,,,,,,,,,,2494,1517,625,917,897,1298,2481,,,,,,,
ACSSF,2010m1,al,000,0055,0000074,,,,,,,,,,,,,,,,,,,,2632,1996,483,775,481,457,419,556,328,445,578,500,495,392,351,663,904,314,2840,,,,,,,,,,,,,,,,,,,,,,,,,,,2632,1996,885,1048,1009,941,2840,,,,,,,
ACSSF,2010m1,al,000,0055,0000075,,,,,,,,,,,,,,,,,,,,531,1661,548,444,434,505,491,383,598,631,509,496,418,512,464,480,1533,764,1639,,,,,,,,,,,,,,,,,,,,611,484,56,242,143,396,333,531,1661,722,497,397,1622,1639,108,428,128,159,159,416,438
ACSSF,2010m1,al,000,0055,0000076,,,,,,,,,,,,,,,,,,,,2031,1520,427,693,396,447,494,381,606,446,525,441,444,406,275,585,1387,560,1957,,,,,,,,,,,,,,,,,,,,1596,871,172,446,335,236,1234,2031,1520,742,927,772,1335,1957,837,671,327,432,159,310,847
ACSSF,2010m1,al,000,0055,0000077,,,,,,,,,,,,,,,,,,,,2469,1742,292,328,302,350,300,475,218,509,387,321,368,363,452,287,1250,578,2242,,,,,,,,,,,,,,,,,,,,,,,,,,,2469,1742,468,602,865,1426,2242,386,424,356,185,102,146,626
ACSSF,2010m1,al,000,0055,0000078,,,,,,,,,,,,,,,,,,,,2510,1663,534,775,440,483,573,611,382,603,465,496,600,432,470,581,936,572,2435,,,,,,,,,,,,,,,,,,,,748,555,157,411,219,72,481,2510,1663,848,833,562,1141,2435,318,474,182,311,307,251,464
ACSSF,2010m1,al,000,0055,0000079,,,,,,,,,,,,,,,,,,,,575,878,300,554,526,403,283,338,511,470,498,463,461,580,617,435,527,153,907,,,,,,,,,,,,,,,,,,,,,,,,,,,575,878,510,984,861,548,907,,,,,,,
ACSSF,2010m1,al,000,0055,0000080,,,,,,,,,,,,,,,,,,,,4016,2459,687,346,764,538,345,277,456,348,452,462,380,416,346,756,1951,549,3529,,,,,,,,,,,,,,,,,,,,,,,,,,,4016,2459,762,1320,1129,1956,3529,1195,768,227,478,435,592,899
ACSSF,2010m1,al,000,0055,0000081,,,,,,,,,,,,,,,,,,,,3862,2024,657,1137,745,686,759,826,901,825,917,428,620,794,635,520,1062,359,3733,,,,,,,,,,,,,,,,,,,,,,,,,,,3862,2024,1225,1664,888,1135,3733,,,,,,,
ACSSF,2010m1,al,000,0055,0000082,,,,,,,,,,,,,,,,,,,,895,1775,606,1030,581,761,385,796,983,979,1132,650,520,726,571,801,1457,805,1795,,,,,,,,,,,,,,,,,,,,748,663,67,379,305,198,477,895,1775,1167,975,747,1566,1795,,,,,,,
ACSSF,2010m1,al,000,0055,0000083,,,,,,,,,,,,,,,,,,,,1938,1251,683,339,528,430,341,339,394,559,559,578,367,439,524,379,729,335,1779,,,,,,,,,,,,,,,,,,,,,,,,,,,1938,1251,640,765,569,806,1779,,,,,,,
ACSSF,2010m1,al,000,0055,0000084,,,,,,,,,,,,,,,,,,,,413,927,362,420,328,333,377,604,400,531,352,327,297,368,350,393,669,222,867,,,,,,,,,,,,,,,,,,,,892,732,187,504,421,106,383,413,927,529,541,427,726,867,448,691,101,324,592,444,395
ACSSF,2010m1,al,000,0055,0000085,,,,,,,,,,,,,,,,,,,,4772,2081,703,506,344,472,265,364,408,423,277,497,522,403,409,400,901,276,3558,,,,,,,,,,,,,,,,,,,,,,,,,,,4772,2081,920,1429,809,943,3558,3240,1581,1224,650,401,333,2109
ACSSF,2010m1,al,000,0055,0000086,,,,,,,,,,,,,,,,,,,,895,1775,606,1030,581,761,385,796,983,979,1132,650,520,726,571,801,1457,805,1795,,,,,,,,,,,,,,,,,,,,748,663,67,379,305,198,477,895,1775,1167,975,747,1566,1795,,,,,,,
ACSSF,2010m1,al,000,0055,0000087,,,,,,,,,,,,,,,,,,,,,,,,,,,,,,,,,,,,,,,,,,,,,,,,,,,,,,,,,,,,,,,,,3994,1491,467,506,352,1418,3694,,,,,,,
ACSSF,2010m1,al,000,0055,0000088,,,,,,,,,,,,,,,,,,,,3399,2023,375,497,310,427,286,232,465,382,467,521,716,325,317,376,1272,292,2634,,,,,,,,,,,,,,,,,,,,,,,,,,,3399,2023,608,1041,963,1269,2634,786,450,97,264,284,122,439
ACSSF,2010m1,al,000,0055,0000089,,,,,,,,,,,,,,,,,,,,1436,987,200,165,128,213,180,676,233,251,152,185,154,221,240,326,320,104,1184,,,,,,,,,,,,,,,,,,,,442,307,96,183,87,273,244,1436,987,283,756,373,336,1184,590,293,94,114,148,147,405
ACSSF,2010m1,al,000,0055,0000090,,,,,,,,,,,,,,,,,,,,1727,1278,453,496,198,354,429,477,302,458,418,157,409,269,242,463,553,329,1332,,,,,,,,,,,,,,,,,,,,,,,,,,,1727,1278,672,540,325,680,1332,,,,,,,
ACSSF,2010m1,al,000,0055,0000091,,,,,,,,,,,,,,,,,,,,4056,2428,416,507,597,518,508,472,335,470,916,403,379,409,461,451,1389,497,2914,,,,,,,,,,,,,,,,,,,,1957,1387,432,937,259,284,953,4056,2428,714,1606,802,1507,2914,1462,725,448,360,139,304,1239
ACSSF,2010m1,al,000,0055,0000092,,,,,,,,,,,,,,,,,,,,6460,3112,961,586,645,582,553,527,475,797,624,662,703,628,628,603,1506,585,5227,,,,,,,,,,,,,,,,,,,,,,,,,,,6460,3112,1251,1927,1304,1555,5227,2424,1127,553,656,531,125,1648
ACSSF,2010m1,al,000,0055,0000093,,,,,,,,,,,,,,,,,,,,3943,2201,623,575,867,686,697,307,367,557,444,532,427,531,381,460,983,629,3494,,,,,,,,,,,,,,,,,,,,,,,,,,,3943,2201,832,1469,926,1248,3494,1350,581,71,422,226,291,1101
ACSSF,2010m1,al,000,0055,0000094,,,,,,,,,,,,,,,,,,,,2867,2373,1037,1204,1009,724,783,780,931,888,924,551,681,796,652,806,1990,657,2963,,,,,,,,,,,,,,,,,,,,1138,720,214,421,431,261,764,2867,2373,1451,1597,1049,1976,2963,1213,696,227,457,457,587,1309
ACSSF,2010m1,al,000,0055,0000095,,,,,,,,,,,,,,,,,,,,851,1459,316,346,410,350,384,485,254,503,447,368,414,390,394,316,1246,588,1503,,,,,,,,,,,,,,,,,,,,,,,,,,,851,1459,479,526,621,1426,1503,316,441,356,181,102,191,614
ACSSF,2010m1,al,000,0055,0000096,,,,,,,,,,,,,,,,,,,,2907,1823,578,713,557,689,724,659,700,672,608,635,528,556,606,479,1246,621,2537,,,,,,,,,,,,,,,,,,,,1014,699,273,488,363,73,660,2907,1823,882,1061,762,1297,2537,432,356,122,303,168,144,428
ACSSF,2010m1,al,000,0055,0000097,,,,,,,,,,,,,,,,,,,,3493,2918,349,378,245,131,379,199,160,209,335,356,138,298,273,103,2923,726,3091,,,,,,,,,,,,,,,,,,,,,,,,,,,3493,2918,382,939,334,2776,3091,,,,,,,
ACSSF,2010m1,al,000,0055,0000098,,,,,,,,,,,,,,,,,,,,3755,2072,306,469,487,374,326,567,569,570,377,436,444,536,639,663,1447,406,3399,,,,,,,,,,,,,,,,,,,,,,,,,,,3755,2072,558,1021,1053,1569,3399,,,,,,,
