ACSSF,2010m1,al,000,0122,0000001,16252,4205,6562,8630,4074,8499,5673,2856,5710,8251,10586,7508,5074,5304,13742,1662,2656,4120,1154,2375,1645,2037,3236,5771,8889,2849,1915,3307,9630,588,565,1315,424,1507,871,575,1159,3213,5282,6404,3296,3299,13364,704,1638,3282,2868,7931,2388,1733,4623,3465,4099,3150,2196,2330,6811,2798,5002,2364,1170,1385,1521,1030,884,1128,1066,739,2414,1168,10465,1251,1549,7105,2198,2662,4004,653,539,2409,1687,1019,1888,1395
ACSSF,2010m1,al,000,0122,0000002,15862,1817,4390,6447,2840,6872,3827,2173,3990,6230,8019,6148,4063,3873,10758,767,1888,2835,844,1834,1282,1565,2608,4740,6340,2354,1732,2503,7417,326,180,676,386,1106,529,520,811,2566,3640,4901,2815,2317,9353,260,1016,2103,2146,5802,1575,1459,2836,2407,2736,2803,1499,1669,4981,1188,3554,1540,473,1091,872,790,725,694,674,616,1712,849,7054,783,874,4828,1487,1983,2775,610,487,1918,1009,854,1570,767
ACSSF,2010m1,al,000,0122,0000003,13976,3493,4833,6409,3176,5559,3878,1661,3839,4393,6736,4748,3454,4022,8140,1449,1723,2722,938,1610,1177,1224,2051,2727,5433,1762,1333,2437,6445,473,530,1129,228,1187,604,170,891,2023,3682,3997,1992,2291,9537,669,1282,2016,1814,4952,1824,886,2957,2274,2749,1398,1553,1791,5159,2416,3962,2032,1037,1117,1179,628,454,698,847,350,1683,1027,7862,1085,1322,5616,1551,2106,2637,216,221,1699,1319,511,1243,1062
ACSSF,2010m1,al,000,0122,0000004,15398,3699,6510,8436,4082,8303,5302,2829,5771,8109,10049,6789,4859,5330,13034,1516,2612,3825,1168,2420,1591,1984,3116,5718,8305,2569,1837,3370,9605,495,560,1179,423,1515,868,575,1137,3160,4999,5972,3214,3333,12329,576,1561,3240,2854,7457,2241,1677,4525,3473,3829,2955,2070,2163,6305,2555,4813,2186,1154,1331,1420,1014,908,1114,999,733,2320,1165,9670,1118,1400,6731,2194,2499,3827,649,534,2413,1556,1019,1819,1404
ACSSF,2010m1,al,000,0122,0000005,14065,2919,5988,7472,3350,7878,4506,2689,4932,6947,9354,6297,4339,4417,12058,1360,2287,3757,1083,2165,1635,1821,3120,5183,7516,2635,1828,3223,8526,396,543,1121,285,1337,838,577,1015,2798,4600,5270,2956,2464,11427,404,1407,2613,2503,7088,1927,1667,3829,2938,3596,2563,1923,2048,5852,1957,4522,1894,1016,1181,1092,943,675,948,836,714,1962,1023,8570,1111,1398,5736,2010,2095,3263,627,405,2182,1391,987,1767,1096
ACSSF,2010m1,al,000,0122,0000006,11018,1203,3252,4640,1757,4660,2982,1680,2419,4355,6232,4527,2679,2805,6901,587,906,1938,491,1430,934,999,1671,3221,4771,1974,1237,2201,6037,226,168,515,265,771,337,474,596,1777,3227,3563,1648,1603,5687,169,777,1351,1265,3847,1014,927,2080,1888,2277,1636,1201,1289,3671,684,2947,791,297,776,834,639,351,353,579,408,1129,647,4904,603,667,3504,1122,1446,2043,563,276,1448,859,775,1187,625
ACSSF,2010m1,al,000,0122,0000007,11926,2416,4908,5563,2723,5567,3518,2116,4285,5039,7154,4833,3796,3757,9152,1154,1946,3063,972,1752,1428,1499,2908,3604,5979,1864,1362,2538,6769,337,517,923,137,1104,736,208,827,2184,3235,3801,2398,2120,8302,381,1169,2057,1841,4943,1627,1444,2963,2145,2501,2161,1758,1767,5100,1788,3874,1685,904,979,954,680,583,799,726,500,1734,922,6669,946,1255,4766,1636,1769,2423,243,304,1391,1079,651,1330,865
ACSSF,2010m1,al,000,0122,0000008,7665,1753,2660,4007,1646,3567,2048,1110,2371,2481,4583,3231,2456,3048,4961,811,988,1512,438,792,763,720,1375,1595,3345,917,807,1362,4481,241,125,539,328,695,281,96,553,1439,2159,2634,1644,2016,4891,370,646,1308,1161,2985,740,694,1782,1281,1527,1134,644,1106,2830,1436,2327,1119,432,736,862,408,644,511,548,168,954,471,4278,372,424,3369,835,1329,1279,112,243,1103,700,235,604,741
ACSSF,2010m1,al,000,0122,0000009,6297,797,1528,2657,881,1948,913,544,1379,1568,2912,1711,1744,1572,3517,388,589,948,209,488,304,468,964,1137,2299,521,531,776,2732,176,273,108,256,366,157,273,352,738,1235,1259,1262,968,2619,88,267,680,685,1715,413,354,787,933,992,704,433,602,1549,573,1400,720,273,226,545,113,400,258,135,114,576,238,2785,363,115,2341,349,569,712,273,121,720,291,209,420,209
ACSSF,2010m1,al,000,0122,0000010,7113,1672,2520,3122,1506,3343,1730,1000,1857,2021,3572,2762,1697,2412,3875,734,855,1183,414,664,636,604,978,1133,2619,653,634,1193,3694,192,125,541,218,657,232,96,432,1269,1778,2310,1332,1554,4392,368,593,1126,928,2776,713,589,1615,908,1155,891,444,814,2541,1415,2214,813,432,680,635,396,489,411,553,120,724,427,3470,120,392,2874,749,1317,1129,112,220,779,624,81,418,669
ACSSF,2010m1,al,000,0122,0000011,5812,1509,1925,3382,941,2535,1922,524,1342,1533,3037,2046,1215,1456,3262,648,576,944,197,709,848,336,789,778,2278,862,682,548,2790,308,58,525,45,444,175,273,249,723,1637,1743,662,965,3311,397,387,854,709,2149,822,308,1070,443,1155,542,519,834,2663,1221,1824,943,163,466,498,134,140,118,360,216,490,162,3684,791,870,2872,477,1225,1408,57,23,1092,619,273,477,246
ACSSF,2010m1,al,000,0122,0000012,9376,2414,2726,5048,1909,4310,3156,1250,2672,2877,4868,3666,2870,3258,5596,1001,1127,1784,485,1073,1123,801,1680,1712,3811,1248,1122,1409,4586,381,135,703,331,829,311,96,605,1653,2584,3193,1778,2030,6315,567,781,1461,1400,3763,1078,791,2181,1400,1948,1372,895,1366,3769,1930,2705,1443,474,864,992,428,601,538,693,270,1096,515,6024,912,947,4270,948,1590,2034,128,247,1594,972,235,697,771
ACSSF,2010m1,al,000,0122,0000013,3321,855,1475,1416,730,1649,960,522,1442,1881,2223,1756,1225,1584,2768,475,587,833,243,465,546,450,837,900,2019,746,334,527,2888,273,125,231,212,230,273,34,479,938,1229,1513,994,1385,2479,255,231,480,529,1428,344,206,961,987,597,638,191,340,1590,713,1360,348,171,503,255,76,403,258,250,134,506,222,1747,273,129,981,143,622,719,273,273,979,207,168,352,484
ACSSF,2010m1,al,000,0122,0000014,2574,381,529,1595,409,1436,671,559,691,1072,1474,1186,919,1022,1635,375,308,538,128,442,164,400,454,477,1094,528,442,437,1324,273,273,267,273,101,129,90,273,430,413,860,569,376,2020,273,67,349,250,1287,341,359,497,420,743,479,223,399,1000,273,419,572,120,158,288,86,119,459,116,273,399,530,1894,119,179,1409,241,286,510,273,210,540,140,273,360,381
ACSSF,2010m1,al,000,0122,0000015,,,,,,,,,,,,,,,,,,,,,,,,,,,,,,,,,,,,,,,,,,,,,,,,,,,,,,,,,,,,,,,,,,,,,,,,,,,,,,,,,,,,
ACSSF,2010m1,al,000,0122,0000016,,,,,,,,,,,,,,,,,,,,,,,,,,,,,,,,,,,,,,,,,,,,,,,,,,,,,,,,,,,,,,,,,,,,,,,,,,,,,,,,,,,,
ACSSF,2010m1,al,000,0122,0000017,,,,,,,,,,,,,,,,,,,,,,,,,,,,,,,,,,,,,,,,,,,,,,,,,,,,,,,,,,,,,,,,,,,,,,,,,,,,,,,,,,,,
ACSSF,2010m1,al,000,0122,0000018,,,,,,,,,,,,,,,,,,,,,,,,,,,,,,,,,,,,,,,,,,,,,,,,,,,,,,,,,,,,,,,,,,,,,,,,,,,,,,,,,,,,
ACSSF,2010m1,al,000,0122,0000019,1528,320,694,639,491,779,502,261,495,576,994,720,581,492,980,191,205,240,121,169,173,143,266,375,731,228,345,246,994,42,99,32,273,150,119,27,23,304,456,685,303,389,1170,24,106,250,433,747,229,97,307,258,442,322,149,214,671,237,593,192,97,187,293,149,140,158,38,142,216,102,872,163,117,499,242,156,337,101,273,182,139,105,173,138
ACSSF,2010m1,al,000,0122,0000020,5724,623,2445,2406,1489,3223,2100,1453,2716,2929,4254,2919,2051,2074,4585,249,1200,1423,657,1140,914,965,1719,2350,3302,1197,878,1095,3940,94,27,369,224,420,241,205,267,1358,2227,2234,1363,1126,4569,194,438,1137,1111,2743,846,1052,2038,1241,1509,1590,936,817,2655,488,2045,674,292,594,515,528,410,145,425,267,975,384,3355,210,389,1912,745,874,1538,143,108,814,688,336,513,319
ACSSF,2010m1,al,000,0122,0000021,1871,654,1075,1072,734,1409,839,350,613,800,1315,988,1197,398,1566,569,613,385,338,487,391,186,421,489,1138,205,332,262,1430,273,87,394,116,110,319,273,273,579,603,899,708,180,1695,273,260,648,633,1284,102,248,451,262,489,232,682,218,1015,311,773,226,273,224,216,273,37,273,190,286,192,273,1165,273,352,721,118,229,563,106,273,253,310,112,235,273
ACSSF,2010m1,al,000,0122,0000022,2474,430,905,1522,392,1453,860,487,1059,1139,1759,1535,1181,1081,2198,198,204,428,121,315,373,405,890,786,1539,449,312,489,2041,96,273,316,273,295,138,273,172,460,982,1201,609,625,1698,273,268,256,266,1070,229,261,585,577,605,540,534,694,1278,242,858,567,241,302,19,168,60,232,228,24,734,273,1767,281,178,1271,49,571,589,273,273,183,319,329,172,18
ACSSF,2010m1,al,000,0122,0000023,,,,,,,,,,,,,,,,,,,,,,,,,,,,,,,,,,,,,,,,,,,,,,,,,,,,,,,,,,,,,,,,,,,,,,,,,,,,,,,,,,,,
ACSSF,2010m1,al,000,0122,0000024,4009,460,1752,1850,1186,2056,1208,1294,1473,2955,2467,2227,1573,1539,3660,411,681,1468,178,531,294,759,776,2423,2311,850,766,1271,2425,101,153,324,273,148,76,273,282,1104,1291,1478,950,749,3235,273,497,777,639,1841,519,1014,1271,1020,899,901,462,482,1982,124,1826,406,273,298,310,397,34,147,388,273,639,357,2313,90,308,1236,961,574,1033,115,165,473,315,540,494,508
ACSSF,2010m1,al,000,0122,0000025,2160,393,1015,1912,866,1291,529,587,584,836,1558,708,615,1186,1831,112,91,645,91,213,177,101,405,502,1261,116,258,549,1201,273,273,241,273,185,273,273,228,534,550,589,333,907,1450,273,107,188,608,1200,338,397,368,297,408,207,174,295,1061,344,1012,372,178,110,273,266,273,79,87,83,384,225,1981,147,151,1720,495,504,398,112,127,175,184,273,152,240
ACSSF,2010m1,al,000,0122,0000026,4788,788,1809,2516,1357,2797,1756,861,1572,2193,2806,2551,1578,1234,3891,251,698,1095,283,976,375,752,759,1591,2448,718,635,683,2746,220,273,239,273,618,169,350,422,977,1399,2084,786,835,3442,159,685,690,982,2282,818,313,1152,1190,970,954,928,483,2108,491,1357,755,494,545,458,304,302,343,350,302,581,199,3102,423,717,2133,816,989,1246,81,244,732,415,334,540,193
ACSSF,2010m1,al,000,0122,0000027,3773,285,1044,1922,768,2158,1131,404,1353,1508,2476,1709,1234,1654,3450,191,569,626,197,614,253,245,1113,887,2117,713,620,1602,2627,273,273,274,273,556,252,273,56,840,1336,1621,576,802,2878,85,263,402,615,1804,655,244,724,823,1010,628,625,1028,1011,203,735,129,255,447,281,194,157,177,273,273,743,322,2057,273,80,1703,430,729,667,273,133,552,306,105,610,308
ACSSF,2010m1,al,000,0122,0000028,2447,393,985,1594,852,1014,847,430,869,1429,1293,1321,983,570,1753,174,281,1109,158,432,145,118,398,736,1067,337,324,509,1925,273,273,97,108,62,244,265,130,574,544,1350,560,298,1608,273,117,737,489,831,448,258,642,707,534,328,517,197,1224,255,913,334,273,309,483,228,273,273,273,273,192,89,1892,218,308,1224,675,461,704,273,273,732,170,130,285,273
ACSSF,2010m1,al,000,0122,0000029,2370,331,951,1364,689,1230,688,454,882,908,1247,848,693,1197,1444,270,641,481,307,484,320,274,651,451,912,300,247,292,1331,222,273,273,273,324,112,273,273,382,748,600,248,898,1612,273,247,475,519,1089,269,252,433,558,635,313,259,291,1055,273,603,148,244,71,122,175,229,127,187,86,502,587,1603,273,307,1120,322,469,556,65,273,397,107,273,318,435
ACSSF,2010m1,al,000,0122,0000030,2899,575,1360,1440,977,1704,1093,808,1776,1635,2039,1907,1280,1193,2818,200,742,1054,375,536,676,662,1144,1165,1788,775,533,518,2118,72,273,176,273,244,273,273,275,777,686,1627,649,787,2379,95,221,285,688,1463,471,531,1379,899,781,421,361,369,1473,515,1098,246,273,245,226,273,93,297,246,136,704,337,1477,97,164,781,512,764,317,102,104,450,177,196,301,212
ACSSF,2010m1,al,000,0122,0000031,,,,,,,,,,,,,,,,,,,,,,,,,,,,,,,,,,,,,,,,,,,,,,,,,,,,,,,,,,,,,,,,,,,,,,,,,,,,,,,,,,,,
ACSSF,2010m1,al,000,0122,0000032,3772,894,1400,1588,732,2239,1080,713,1050,2129,2431,1941,1328,851,2271,181,393,663,391,723,137,418,667,1013,1892,882,305,498,2252,97,273,133,273,249,273,165,118,1357,1183,1294,730,652,2446,154,83,505,382,1795,444,221,882,582,1030,1042,401,436,1627,696,1249,258,180,228,334,264,191,118,269,58,563,145,2122,367,734,1303,479,852,870,520,273,467,483,491,732,98
ACSSF,2010m1,al,000,0122,0000033,,,,,,,,,,,,,,,,,,,,,,,,,,,,,,,,,,,,,,,,,,,,,,,,,,,,,,,,,,,,,,,,,,,,,,,,,,,,,,,,,,,,
ACSSF,2010m1,al,000,0122,0000034,3896,359,1687,1779,767,1623,1084,709,1299,1522,2554,1837,1024,1108,2733,273,259,566,124,501,431,343,799,1026,1956,792,444,673,2127,94,273,273,78,240,121,273,168,917,1574,1570,685,575,2260,85,267,322,556,1368,338,377,1269,665,936,773,384,398,2057,304,1748,423,128,533,227,476,273,273,195,273,621,185,2071,130,304,1465,507,680,922,273,273,562,417,249,158,264
ACSSF,2010m1,al,000,0122,0000035,1502,136,363,543,398,621,409,183,362,440,767,561,341,394,860,52,156,220,108,158,121,126,158,245,663,208,130,166,748,273,273,273,273,145,77,273,23,186,276,468,228,337,917,24,42,157,321,515,291,71,246,217,293,272,120,160,489,58,283,89,98,149,201,68,140,148,38,133,141,102,723,107,108,475,209,109,189,101,273,182,51,85,93,114
ACSSF,2010m1,al,000,0122,0000036,,,,,,,,,,,,,,,,,,,,,,,,,,,,,,,,,,,,,,,,,,,,,,,,,,,,,,,,,,,,,,,,,,,,,,,,,,,,,,,,,,,,
ACSSF,2010m1,al,000,0122,0000037,3757,390,1493,1587,639,1333,946,855,1089,2326,2051,1814,1089,1070,2804,390,579,1147,116,459,177,293,438,1953,1698,768,403,749,2241,273,153,324,273,148,76,273,274,972,1147,1156,822,588,2542,273,457,477,383,1228,220,741,981,931,678,626,290,375,1665,273,1488,248,273,245,264,255,34,80,239,273,386,347,1470,273,174,897,449,467,871,273,273,427,160,493,385,306
ACSSF,2010m1,al,000,0122,0000038,3528,484,1459,1404,674,1991,1184,776,1026,1460,2275,1257,1046,834,2743,151,545,618,212,885,349,632,525,1111,1993,546,247,393,1884,193,273,97,273,299,91,350,350,559,1079,1256,514,630,2052,273,387,520,522,1396,441,163,680,790,635,375,636,409,1082,163,949,305,77,109,318,129,302,129,152,83,345,96,1455,366,441,1104,371,610,894,81,133,341,392,62,343,120
ACSSF,2010m1,al,000,0122,0000039,4276,242,955,1792,782,2045,1056,407,1289,1585,2522,1632,1185,1698,3548,92,519,517,197,614,253,249,1072,884,2144,713,629,1582,2652,273,273,274,273,556,252,273,56,824,1369,1517,576,785,2765,85,191,396,610,1727,626,244,689,823,911,591,542,1016,973,203,714,106,255,441,258,194,110,177,273,273,743,322,2042,273,80,1692,427,729,658,273,133,559,306,105,488,308
ACSSF,2010m1,al,000,0122,0000040,,,,,,,,,,,,,,,,,,,,,,,,,,,,,,,,,,,,,,,,,,,,,,,,,,,,,,,,,,,,,,,,,,,,,,,,,,,,,,,,,,,,
ACSSF,2010m1,al,000,0122,0000041,3896,359,1687,1779,767,1623,1084,709,1299,1522,2554,1837,1024,1108,2733,273,259,566,124,501,431,343,799,1026,1956,792,444,673,2127,94,273,273,78,240,121,273,168,917,1574,1570,685,575,2260,85,267,322,556,1368,338,377,1269,665,936,773,384,398,2057,304,1748,423,128,533,227,476,273,273,195,273,621,185,2071,130,304,1465,507,680,922,273,273,562,417,249,158,264
ACSSF,2010m1,al,000,0122,0000042,,,,,,,,,,,,,,,,,,,,,,,,,,,,,,,,,,,,,,,,,,,,,,,,,,,,,,,,,,,,,,,,,,,,,,,,,,,,,,,,,,,,
ACSSF,2010m1,al,000,0122,0000043,1464,136,363,492,369,621,320,183,362,440,761,561,331,394,863,52,156,220,108,158,121,126,158,245,663,208,130,166,748,273,273,273,273,145,77,273,23,186,276,468,228,337,863,24,42,157,288,515,138,71,246,217,293,272,93,160,489,58,283,89,98,149,201,68,140,148,38,133,141,102,675,107,108,421,209,109,189,101,273,182,51,85,93,114
ACSSF,2010m1,al,000,0122,0000044,3757,390,1493,1587,639,1333,946,855,1089,2326,2051,1814,1089,1070,2804,390,579,1147,116,459,177,293,438,1953,1698,768,403,749,2241,273,153,324,273,148,76,273,274,972,1147,1156,822,588,2542,273,457,477,383,1228,220,741,981,931,678,626,290,375,1665,273,1488,248,273,245,264,255,34,80,239,273,386,347,1470,273,174,897,449,467,871,273,273,427,160,493,385,306
ACSSF,2010m1,al,000,0122,0000045,3528,484,1459,1404,674,1991,1184,776,1026,1460,2275,1257,1046,834,2743,151,545,618,212,885,349,632,525,1111,1993,546,247,393,1884,193,273,97,273,299,91,350,350,559,1079,1256,514,630,2052,273,387,520,522,1396,441,163,680,790,635,375,636,409,1082,163,949,305,77,109,318,129,302,129,152,83,345,96,1455,366,441,1104,371,610,894,81,133,341,392,62,343,120
ACSSF,2010m1,al,000,0122,0000046,4276,242,955,1792,782,2045,1056,407,1289,1585,2522,1632,1185,1698,3548,92,519,517,197,614,253,249,1072,884,2144,713,629,1582,2652,273,273,274,273,556,252,273,56,824,1369,1517,576,785,2765,85,191,396,610,1727,626,244,689,823,911,591,542,1016,973,203,714,106,255,441,258,194,110,177,273,273,743,322,2042,273,80,1692,427,729,658,273,133,559,306,105,488,308
ACSSF,2010m1,al,000,0122,0000047,,,,,,,,,,,,,,,,,,,,,,,,,,,,,,,,,,,,,,,,,,,,,,,,,,,,,,,,,,,,,,,,,,,,,,,,,,,,,,,,,,,,
ACSSF,2010m1,al,000,0122,0000048,6628,1370,2525,3253,1583,3089,2224,1096,2369,2910,3646,3351,2013,2334,4735,533,865,1624,359,1136,855,927,1317,1783,3215,956,712,933,3914,349,135,391,212,625,169,357,633,1336,2114,2779,1299,1731,4608,332,814,835,1113,2619,885,481,1627,1624,1269,1205,1061,719,2725,920,1983,1026,532,704,534,341,482,440,428,325,751,300,4253,476,929,2571,845,1192,1710,100,248,1704,638,381,667,514
ACSSF,2010m1,al,000,0122,0000049,6738,1699,2225,2962,1544,3441,1883,674,1617,2045,3920,2040,1685,2232,4366,564,752,970,386,888,663,384,1179,1259,2796,827,692,1473,3438,195,508,368,144,523,349,91,247,1140,1988,1818,920,1296,4211,143,520,1028,1013,3248,936,431,1320,939,1432,849,758,1139,2511,1264,1783,913,491,593,995,321,227,232,194,172,611,554,3253,530,290,2399,807,970,1235,119,273,522,467,187,357,453
ACSSF,2010m1,al,000,0122,0000050,6021,1234,1957,3479,1028,3343,1630,1063,2200,2248,3545,2962,1974,2324,4407,781,961,1074,370,853,445,891,1667,1451,2741,873,936,1635,3709,210,59,577,256,701,358,90,688,998,1732,2115,1423,1040,4103,156,527,1063,851,2502,712,452,1265,875,1425,1481,768,1344,2767,704,1843,1167,323,470,499,262,495,647,518,24,1039,609,4400,448,329,3174,456,1370,1305,273,246,726,614,376,802,473
ACSSF,2010m1,al,000,0122,0000051,8027,1648,2281,4031,1611,3075,1799,885,1722,1782,3408,2268,2195,2114,4162,648,606,1187,239,836,394,391,985,1289,3014,737,777,942,3378,224,273,523,68,805,271,273,269,1056,1631,1942,1204,1282,4073,264,660,1235,993,2702,921,593,1309,889,1212,698,591,914,2561,1273,1935,984,465,712,423,364,224,155,256,252,966,349,4434,670,629,3323,955,869,1392,168,268,812,495,275,895,558
ACSSF,2010m1,al,000,0122,0000052,6970,1094,2705,3429,1793,3135,2064,1414,1816,3742,3509,2894,2064,1814,4708,770,1007,1857,412,852,736,818,997,2797,2981,1101,938,1517,3971,101,168,761,156,321,465,265,316,1642,2114,2358,1295,792,4801,174,861,1315,1200,2823,731,1105,1648,1406,1389,955,915,593,2956,716,2343,717,280,589,691,455,109,182,516,363,908,369,3771,259,585,2728,1174,1074,1271,190,165,1004,511,579,641,508
ACSSF,2010m1,al,000,0122,0000053,7098,1156,2715,3068,1855,3373,2142,1574,3292,3226,4553,3257,2366,2120,5442,386,1491,1793,687,1150,1219,1158,2144,2205,3673,1411,895,1082,3686,250,27,399,214,554,394,205,367,1360,1625,2450,1367,1733,4648,280,543,1163,1304,3142,909,1056,2254,1375,1748,1104,989,810,2832,785,2130,581,261,416,613,446,479,398,499,287,1227,709,3404,472,633,2321,897,1367,1195,188,123,759,508,261,638,323
ACSSF,2010m1,al,000,0122,0000054,7808,1147,2208,3241,1296,2920,1919,1184,1885,2773,4885,2951,1704,2084,4357,364,596,1079,532,797,649,587,1118,1570,3285,1122,639,1042,3775,175,273,332,81,511,185,165,155,1676,2540,2099,1132,1218,4578,431,322,872,720,2558,783,516,1651,986,1847,1594,685,743,2566,910,1995,745,318,584,435,519,197,234,512,144,876,338,4090,537,733,2716,793,902,1529,520,89,787,826,618,735,424
ACSSF,2010m1,al,000,0122,0000055,2439,712,1199,1414,907,1684,1023,378,703,1221,1812,1131,1259,466,2102,551,712,488,390,520,432,195,471,588,1415,287,377,325,1678,273,87,429,116,110,319,273,273,719,881,1043,708,221,1999,273,304,711,760,1563,144,266,553,404,621,249,705,267,1297,452,884,313,273,264,326,34,37,273,190,286,232,273,1586,273,429,1242,275,271,731,145,273,460,324,112,237,273
ACSSF,2010m1,al,000,0122,0000056,3833,390,1533,1491,609,1331,946,860,1046,2285,2007,1800,1089,963,2670,390,553,1057,116,435,177,293,437,1930,1688,746,403,644,2259,273,153,324,273,148,76,273,274,968,1151,1159,822,572,2494,273,457,461,334,1265,220,743,924,881,690,626,290,377,1653,273,1488,225,273,245,264,255,34,80,239,273,386,347,1470,273,174,897,449,467,871,273,273,427,160,493,385,306
ACSSF,2010m1,al,000,0122,0000057,3345,318,1403,1965,1060,1645,994,1038,1172,2354,1668,1529,1283,1344,2877,228,462,1241,134,359,405,736,734,1832,1731,565,691,1154,1830,101,273,383,273,273,191,273,64,716,886,1136,581,465,2501,273,210,779,644,1546,564,666,1068,790,565,623,377,535,1619,133,1280,535,273,296,189,320,115,137,316,273,562,91,2083,90,317,1443,894,560,631,115,165,445,341,199,362,408
ACSSF,2010m1,al,000,0122,0000058,2744,575,1038,2154,626,1333,734,257,656,775,1542,1218,1161,455,1869,396,394,595,64,335,115,56,320,642,1205,217,170,440,1791,273,273,307,273,256,67,273,162,318,916,1045,617,147,1496,84,486,515,371,1000,277,208,592,224,398,395,183,107,1146,334,857,343,300,397,282,120,273,90,67,51,704,38,2091,108,97,2024,449,620,547,273,273,211,46,128,144,273
ACSSF,2010m1,al,000,0122,0000059,3478,500,1187,2373,1004,1970,810,760,929,1020,2025,1035,1119,1513,2409,218,240,782,96,395,228,288,819,676,1661,265,483,641,1662,188,273,278,273,342,273,273,228,760,814,906,520,978,2277,57,205,522,700,1810,416,505,588,334,696,315,301,746,1389,401,1123,500,253,207,75,291,76,110,149,83,500,232,2623,154,205,2138,556,605,655,112,243,211,403,273,328,240
ACSSF,2010m1,al,000,0122,0000060,2917,622,1097,1943,928,1271,939,443,956,1501,1445,1354,1007,596,2003,251,293,1197,161,445,296,148,398,807,1233,337,406,515,1924,273,273,171,108,112,244,265,130,600,649,1377,600,332,1910,174,184,736,538,1113,448,272,753,731,533,324,517,230,1477,480,1022,442,280,338,483,228,273,273,286,197,193,89,2328,218,309,1678,675,535,719,273,273,787,186,130,285,273
ACSSF,2010m1,al,000,0122,0000061,2864,1063,773,1771,657,1359,1092,193,476,697,1213,966,553,621,1675,453,237,347,87,472,445,107,227,297,1076,541,325,355,1444,71,273,307,45,268,130,273,273,468,941,743,185,289,1892,194,72,394,555,1325,417,98,455,294,526,266,150,353,1367,836,710,505,134,378,363,118,97,273,362,216,217,72,1608,522,318,1517,210,340,802,30,273,140,113,273,230,167
ACSSF,2010m1,al,000,0122,0000062,3711,1054,1622,1482,810,2002,964,516,1100,1118,1923,1173,907,1385,1997,377,693,569,343,508,356,302,705,625,1510,451,353,404,1775,238,273,187,51,465,161,273,75,466,884,878,335,1001,2501,157,355,614,578,1637,352,268,654,642,923,453,361,327,1575,768,1203,383,267,368,195,184,292,137,228,86,527,602,2014,515,447,1341,383,632,851,141,111,448,227,99,506,435
ACSSF,2010m1,al,000,0122,0000063,,,,,,,,,,,,,,,,,,,,,,,,,,,,,,,,,,,,,,,,,,,,,,,,,,,,,,,,,,,,,,,,,,,,,,,,,,,,,,,,,,,,
ACSSF,2010m1,al,000,0122,0000064,,,,,,,,,,,,,,,,,,,,,,,,,,,,,,,,,,,,,,,,,,,,,,,,,,,,,,,,,,,,,,,,,,,,,,,,,,,,,,,,,,,,
ACSSF,2010m1,al,000,0122,0000065,4092,284,1621,1061,691,1688,893,785,1831,1816,2668,2096,958,486,2921,202,948,587,393,681,586,578,1495,1624,2272,731,658,354,2037,273,273,273,211,295,108,273,273,527,802,1623,423,253,2434,118,340,357,591,1553,539,521,840,757,690,647,471,233,1310,156,1207,255,127,316,121,218,273,273,273,239,370,273,1043,273,273,678,169,217,452,142,86,483,292,273,289,273
ACSSF,2010m1,al,000,0122,0000066,5061,364,1127,1626,860,1824,1232,884,1408,1007,2042,1429,1092,1120,2537,273,624,778,322,658,547,569,738,591,1629,594,465,440,2126,273,27,369,273,147,95,205,125,543,1246,865,723,862,3376,273,244,815,682,1569,602,596,1038,662,1052,1011,597,542,1439,330,931,403,145,267,406,307,410,124,236,273,302,258,1780,159,211,1015,412,633,825,273,62,236,252,148,366,80
ACSSF,2010m1,al,000,0122,0000067,3685,303,643,1480,501,1027,738,310,936,1090,1892,883,1047,1164,2183,141,223,730,258,533,223,227,641,628,1266,509,257,772,1322,273,273,273,273,76,144,273,187,824,614,560,671,460,1830,170,93,550,245,892,266,237,684,432,734,442,221,503,1110,171,624,261,163,148,332,72,273,78,324,130,532,255,1462,134,98,1291,271,456,492,25,273,273,258,130,334,186
ACSSF,2010m1,al,000,0122,0000068,,,,,,,,,,,,,,,,,,,,,,,,,,,,,,,,,,,,,,,,,,,,,,,,,,,,,,,,,,,,,,,,,,,,,,,,,,,,,,,,,,,,
ACSSF,2010m1,al,000,0122,0000069,3196,808,963,1584,623,1329,772,340,900,610,1508,806,939,612,1914,478,498,508,259,508,93,338,449,500,1176,155,498,323,1291,176,273,286,256,468,157,273,185,355,822,453,836,331,1703,126,324,626,495,985,372,273,627,300,656,590,144,549,1366,466,944,667,88,137,238,22,471,18,135,273,208,103,1845,329,194,1215,104,891,618,273,273,181,349,273,426,272
ACSSF,2010m1,al,000,0122,0000070,2574,381,529,1595,409,1436,671,559,691,1072,1474,1186,919,1022,1635,375,308,538,128,442,164,400,454,477,1094,528,442,437,1324,273,273,267,273,101,129,90,273,430,413,860,569,376,2020,273,67,349,250,1287,341,359,497,420,743,479,223,399,1000,273,419,572,120,158,288,86,119,459,116,273,399,530,1894,119,179,1409,241,286,510,273,210,540,140,273,360,381
ACSSF,2010m1,al,000,0122,0000071,2899,575,1360,1440,977,1704,1093,808,1776,1635,2039,1907,1280,1193,2818,200,742,1054,375,536,676,662,1144,1165,1788,775,533,518,2118,72,273,176,273,244,273,273,275,777,686,1627,649,787,2379,95,221,285,688,1463,471,531,1379,899,781,421,361,369,1473,515,1098,246,273,245,226,273,93,297,246,136,704,337,1477,97,164,781,512,764,317,102,104,450,177,196,301,212
ACSSF,2010m1,al,000,0122,0000072,3772,894,1400,1588,732,2239,1080,713,1050,2129,2431,1941,1328,851,2271,181,393,663,391,723,137,418,667,1013,1892,882,305,498,2252,97,273,133,273,249,273,165,118,1357,1183,1294,730,652,2446,154,83,505,382,1795,444,221,882,582,1030,1042,401,436,1627,696,1249,258,180,228,334,264,191,118,269,58,563,145,2122,367,734,1303,479,852,870,520,273,467,483,491,732,98
ACSSF,2010m1,al,000,0122,0000073,,,,,,,,,,,,,,,,,,,,,,,,,,,,,,,,,,,,,,,,,,,,,,,,,,,,,,,,,,,,,,,,,,,,,,,,,,,,,,,,,,,,
ACSSF,2010m1,al,000,0122,0000074,2622,640,959,1625,692,1279,790,337,680,856,1461,976,593,1290,1845,343,384,620,225,341,242,263,413,500,1160,153,272,605,1630,73,273,204,273,404,343,273,93,500,657,920,429,1022,1465,106,147,432,512,1018,344,126,457,380,408,274,191,370,1185,359,831,427,89,143,417,186,273,214,470,273,147,273,1458,212,234,1312,572,442,506,273,273,233,329,273,90,273
ACSSF,2010m1,al,000,0122,0000075,2474,430,905,1522,392,1453,860,487,1059,1139,1759,1535,1181,1081,2198,198,204,428,121,315,373,405,890,786,1539,449,312,489,2041,96,273,316,273,295,138,273,172,460,982,1201,609,625,1698,273,268,256,266,1070,229,261,585,577,605,540,534,694,1278,242,858,567,241,302,19,168,60,232,228,24,734,273,1767,281,178,1271,49,571,589,273,273,183,319,329,172,18
ACSSF,2010m1,al,000,0122,0000076,3996,879,1270,1757,548,1808,948,487,993,1054,2175,1471,554,1133,2071,425,556,457,171,259,154,383,435,553,1384,423,269,602,2140,112,517,121,273,323,307,273,744,702,1113,1239,418,582,2540,46,167,625,410,1661,494,277,642,445,1143,805,109,514,1283,545,1036,430,125,189,301,216,159,112,86,273,232,321,2121,272,187,1634,317,637,736,273,273,262,186,136,39,129
ACSSF,2010m1,al,000,0122,0000077,4272,242,955,1798,782,2013,1056,355,1271,1575,2523,1626,1135,1690,3547,92,519,517,197,549,253,249,1072,884,2125,713,629,1582,2647,273,273,274,273,556,252,273,56,824,1369,1517,576,786,2755,85,191,396,610,1727,626,244,681,800,901,565,542,1016,982,203,714,106,255,441,258,130,110,177,273,273,743,322,2008,273,80,1689,427,729,658,273,133,559,306,105,373,308
ACSSF,2010m1,al,000,0122,0000078,3240,626,1129,1562,914,1750,827,331,1060,1089,1920,1040,765,1286,2249,222,480,628,245,601,441,168,653,696,1598,264,385,1079,1353,105,273,219,273,47,11,273,170,525,1015,892,304,488,2290,273,318,568,437,1529,325,230,801,561,637,429,361,539,1146,595,925,415,307,293,428,144,147,59,155,141,251,332,1637,273,127,1263,494,592,554,69,273,193,196,146,511,126
ACSSF,2010m1,al,000,0122,0000079,3390,854,1085,1717,426,1076,1025,374,736,1248,1658,918,715,903,1544,261,299,707,94,305,476,144,478,389,1041,373,226,364,1493,263,58,270,273,160,273,273,273,435,901,809,466,595,1669,280,321,383,320,984,417,309,554,269,719,140,483,481,1166,585,853,611,38,111,202,60,273,273,115,273,235,273,2021,323,605,1423,297,482,845,46,23,1084,478,273,273,163
ACSSF,2010m1,al,000,0122,0000080,3581,484,1459,1386,623,2000,1129,776,1026,1437,2201,1257,1037,807,2696,151,545,618,212,885,349,632,520,1069,1993,546,247,393,1781,193,273,97,273,299,91,350,350,471,1048,1256,511,630,2017,273,387,520,531,1415,441,163,680,728,618,375,636,357,1090,163,949,281,77,109,318,129,302,129,152,83,345,96,1346,366,441,1110,262,606,827,81,133,341,392,62,343,120
ACSSF,2010m1,al,000,0122,0000081,4428,643,1353,2291,1171,2150,1363,505,1219,1870,2237,2183,1245,1078,2603,195,357,914,180,292,181,367,602,1096,1551,383,603,584,2156,103,273,217,273,514,144,273,223,934,1092,1653,591,597,2705,159,603,390,809,1824,708,244,940,1003,814,910,644,380,1827,459,1176,633,484,532,333,250,273,316,311,286,452,176,2599,211,547,1948,711,733,982,273,202,653,299,327,407,179
ACSSF,2010m1,al,000,0122,0000082,3321,855,1475,1416,730,1649,960,522,1442,1881,2223,1756,1225,1584,2768,475,587,833,243,465,546,450,837,900,2019,746,334,527,2888,273,125,231,212,230,273,34,479,938,1229,1513,994,1385,2479,255,231,480,529,1428,344,206,961,987,597,638,191,340,1590,713,1360,348,171,503,255,76,403,258,250,134,506,222,1747,273,129,981,143,622,719,273,273,979,207,168,352,484
ACSSF,2010m1,al,000,0122,0000083,2465,1013,1250,1225,663,1430,891,206,726,564,1392,939,673,915,1578,301,275,413,167,228,322,135,419,318,1200,407,321,543,1282,273,273,95,132,231,44,273,22,250,689,829,396,571,1583,88,134,462,481,1257,270,149,569,300,400,189,395,370,1581,819,1154,588,185,193,501,273,273,132,99,273,321,230,1281,459,68,935,255,467,521,273,273,99,316,273,141,138
ACSSF,2010m1,al,000,0122,0000084,2409,499,932,1011,661,1251,906,306,721,894,1452,871,927,748,1479,221,205,278,121,209,398,165,357,505,1082,298,342,430,1340,42,99,89,57,150,144,91,105,478,509,819,474,526,1540,24,337,417,497,1152,383,97,541,574,495,442,347,296,1055,425,781,622,97,216,555,200,140,159,38,142,394,155,1340,163,117,643,410,345,609,101,273,309,224,107,233,190
ACSSF,2010m1,al,000,0122,0000085,,,,,,,,,,,,,,,,,,,,,,,,,,,,,,,,,,,,,,,,,,,,,,,,,,,,,,,,,,,,,,,,,,,,,,,,,,,,,,,,,,,,
ACSSF,2010m1,al,000,0122,0000086,3321,855,1475,1416,730,1649,960,522,1442,1881,2223,1756,1225,1584,2768,475,587,833,243,465,546,450,837,900,2019,746,334,527,2888,273,125,231,212,230,273,34,479,938,1229,1513,994,1385,2479,255,231,480,529,1428,344,206,961,987,597,638,191,340,1590,713,1360,348,171,503,255,76,403,258,250,134,506,222,1747,273,129,981,143,622,719,273,273,979,207,168,352,484
ACSSF,2010m1,al,000,0122,0000087,3896,359,1687,1779,767,1623,1084,709,1299,1522,2554,1837,1024,1108,2733,273,259,566,124,501,431,343,799,1026,1956,792,444,673,2127,94,273,273,78,240,121,273,168,917,1574,1570,685,575,2260,85,267,322,556,1368,338,377,1269,665,936,773,384,398,2057,304,1748,423,128,533,227,476,273,273,195,273,621,185,2071,130,304,1465,507,680,922,273,273,562,417,249,158,264
ACSSF,2010m1,al,000,0122,0000088,,,,,,,,,,,,,,,,,,,,,,,,,,,,,,,,,,,,,,,,,,,,,,,,,,,,,,,,,,,,,,,,,,,,,,,,,,,,,,,,,,,,
ACSSF,2010m1,al,000,0122,0000089,1502,136,363,543,398,621,409,183,362,440,767,561,341,394,860,52,156,220,108,158,121,126,158,245,663,208,130,166,748,273,273,273,273,145,77,273,23,186,276,468,228,337,917,24,42,157,321,515,291,71,246,217,293,272,120,160,489,58,283,89,98,149,201,68,140,148,38,133,141,102,723,107,108,475,209,109,189,101,273,182,51,85,93,114
ACSSF,2010m1,al,000,0122,0000090,,,,,,,,,,,,,,,,,,,,,,,,,,,,,,,,,,,,,,,,,,,,,,,,,,,,,,,,,,,,,,,,,,,,,,,,,,,,,,,,,,,,
ACSSF,2010m1,al,000,0122,0000091,3825,273,1543,1369,624,1362,934,858,1011,1950,1883,1784,1088,1032,2534,273,526,897,116,459,177,293,438,1475,1530,756,393,704,2246,273,153,324,273,148,76,273,274,968,1157,1159,822,572,2475,273,457,477,360,1282,130,743,867,837,721,626,290,394,1653,273,1488,225,273,245,264,255,34,80,239,273,386,347,1462,273,174,893,449,467,871,273,273,427,160,493,385,293
ACSSF,2010m1,al,000,0122,0000092,4919,436,1452,1844,841,2094,1388,1078,1472,1407,2074,1465,1342,1354,2793,105,599,940,472,932,683,775,717,854,1473,675,376,864,2287,273,27,369,273,147,177,205,138,706,1182,899,848,838,3497,170,269,831,644,1555,698,627,1086,742,1170,1149,612,622,1715,351,1302,491,206,218,407,147,410,78,392,130,577,259,1909,161,212,1465,308,661,744,25,62,427,343,148,411,186
ACSSF,2010m1,al,000,0122,0000093,3119,454,850,1393,946,1278,681,801,890,1638,1674,1194,868,1022,2377,404,356,1061,134,208,190,551,363,1443,1540,317,597,848,1345,101,273,273,273,273,273,273,64,561,721,910,272,369,1851,273,167,505,401,1077,506,453,779,488,530,563,354,323,977,124,790,322,273,184,159,300,273,120,307,273,438,91,1478,90,233,763,848,405,451,115,165,194,273,124,283,403
ACSSF,2010m1,al,000,0122,0000094,5296,788,1771,2111,1387,2780,1750,861,1515,2224,2831,2579,1564,1240,3879,251,698,1032,283,976,375,752,699,1577,2465,718,471,669,2831,220,273,225,273,618,169,350,422,919,1421,2094,789,842,3417,159,665,647,984,2261,818,313,1129,1183,1004,954,851,462,2075,491,1313,755,494,545,458,304,302,210,350,302,575,199,2809,423,717,1723,816,904,1245,81,244,732,415,361,540,193
ACSSF,2010m1,al,000,0122,0000095,3763,285,1044,1922,768,2158,1139,404,1353,1507,2480,1709,1234,1646,3451,191,569,626,197,614,253,245,1113,887,2117,713,620,1610,2627,273,273,274,273,556,252,273,56,840,1336,1621,576,802,2878,85,263,402,615,1804,655,244,724,823,1010,628,625,1028,1011,203,735,129,255,447,281,194,157,177,273,273,743,322,2060,273,80,1703,430,729,670,273,133,552,306,105,610,308
ACSSF,2010m1,al,000,0122,0000096,3101,483,1347,1337,867,1714,1034,758,1562,1624,1964,1829,1276,1178,2776,200,669,1005,352,524,679,565,902,1053,1731,749,520,498,2048,72,273,176,273,210,273,273,265,769,660,1574,649,787,2401,95,198,227,608,1428,436,513,1320,877,757,396,361,369,1453,415,1098,246,273,245,226,273,93,297,246,136,704,337,1375,97,164,743,512,713,282,102,104,439,177,196,301,212
ACSSF,2010m1,al,000,0122,0000097,,,,,,,,,,,,,,,,,,,,,,,,,,,,,,,,,,,,,,,,,,,,,,,,,,,,,,,,,,,,,,,,,,,,,,,,,,,,,,,,,,,,
ACSSF,2010m1,al,000,0122,0000098,3278,766,1279,1319,549,1547,427,341,846,1818,1737,1478,936,521,1736,181,305,587,353,647,84,119,552,862,1471,495,240,344,1605,97,273,133,273,23,273,273,118,1150,620,993,401,194,1918,154,83,178,260,1133,228,205,711,536,649,908,356,315,1394,647,1037,258,180,208,327,264,191,47,152,58,510,145,1575,15,734,1070,232,818,206,273,273,144,206,273,457,98
