ACSSF,2010m1,al,000,0051,0000001,3291,16070,16337,4292,24359,22328,5212,6089,6106,1269,7959,7904,1000,13035,13061,1842,4340,16669,10231,8567,8015,4424,8296,9901,8845,7634,4131,7749,24370,12959,11521,10913,3375,6580,13467,11377,11233,3302,7732,6086,3674,3037,2667,1141,2098,4389,3118,2929,1497,2845,7959,3983,1762,1662,575,3054,6022,2740,2846,854,5234,13035,7642,5771,5473,2007,4801,8764,6508,5852,2856,5773,0.5,0.3,,,,,,,,,,,,,,,,,,,3291,3620,9648,9182,3337,8859,3278,9742,9456,3189,8975,3291,3620,9648,9182,1413,9310,3278,9742,9456,2250,9682,3291,3620,9648,9182,2274,9386,3278,9742,9456,2766,9689,0.3,0.4,0.4,1.8,1.8,0.4,0.4,1.8,0.7,3291,3620,9648,9182,9872,7796,5423,3278,9742,9456,11633,8092,5403
ACSSF,2010m1,al,000,0051,0000002,16715,12942,12799,4123,16572,14609,4968,4389,4187,1095,5739,5660,970,9470,9541,1509,16599,12839,8791,7255,7151,3575,6200,8077,8114,7041,3148,6233,16555,8542,7756,7568,2529,3935,9085,7250,7028,1995,6048,4389,2895,2497,2170,827,1664,2971,2287,2157,1023,1745,5739,2593,1220,1111,462,2340,5161,2155,2171,698,4311,9470,5670,4336,4029,1769,3464,6663,5433,5058,1986,4302,,,,,,,,,,,,,,,,,,,,,,,,,,,,,,,,,,,,,,,,,,,,,,,,,,,,,,,,,,,,,,,,,,,,,,,,,,,
ACSSF,2010m1,al,000,0051,0000003,15966,11860,11854,2276,17084,16555,3467,4187,4181,614,5724,5649,464,9074,8878,1100,15675,11519,7337,5701,5412,2882,5971,7036,5670,5499,2374,4847,17092,8854,7755,7714,2372,5334,9770,8251,8143,2322,6110,4186,2599,2156,1930,847,1426,3075,2143,2098,1070,1959,5724,2680,1334,1315,298,2103,4659,2168,2192,422,4264,9074,5289,4079,4058,1345,3147,5595,4528,4494,1780,3437,,,,,,,,,,,,,,,,,,,,,,,,,,,,,,,,,,,,,,,,,,,,,,,,,,,,,,,,,,,,,,,,,,,,,,,,,,,
ACSSF,2010m1,al,000,0051,0000004,5472,13741,13931,4059,22505,20660,4873,5682,5611,1267,6881,6888,997,11830,11726,1818,5574,14433,8952,8069,7574,4153,7733,9017,8449,6978,4202,6862,22520,12085,11291,10673,3521,5705,12469,10539,10468,2957,7270,5680,3479,2908,2565,1046,1975,4274,3019,2853,1453,2617,6881,3574,1681,1573,575,2848,5462,2633,2771,849,4674,11830,7163,5518,5384,1702,4527,8280,6237,5695,2691,5332,,,,,,,,,,,,,,,,,,,,,,,,,,,,,,,,,,,,,,,,,,,,,,,,,,,,,,,,,,,,,,,,,,,,,,,,,,,
ACSSF,2010m1,al,000,0051,0000005,3984,12654,12970,3419,20081,18524,4403,4678,4595,1243,6159,6092,907,10848,10754,1627,4679,13154,8234,7214,7132,3826,6393,8322,7759,6874,3496,6932,20098,11335,10814,10452,3167,5295,10725,9628,9285,2729,6403,4678,3204,2822,2399,1055,1718,3597,2684,2413,1306,2146,6159,2917,1406,1316,467,2462,4809,2441,2460,763,3952,10848,6890,5261,5111,1604,4274,7112,5395,5145,1930,4401,,,,,,,,,,,,,,,,,,,,,,,,,,,,,,,,,,,,,,,,,,,,,,,,,,,,,,,,,,,,,,,,,,,,,,,,,,,
ACSSF,2010m1,al,000,0051,0000006,8423,9323,9418,3204,10385,9943,3451,3217,3095,894,3923,3842,571,6530,6356,1201,8420,9465,6715,5962,5952,2831,4415,5935,5118,4932,2114,5316,10397,5726,5420,5421,1461,3046,5566,5242,5226,1367,3847,3217,2052,1934,1716,671,1227,2208,1726,1610,958,1295,3923,1753,819,737,361,1641,3028,1469,1457,365,2632,6530,3851,3114,2872,1159,2010,4682,3628,3630,1104,2902,,,,,,,,,,,,,,,,,,,,,,,,,,,,,,,,,,,,,,,,,,,,,,,,,,,,,,,,,,,,,,,,,,,,,,,,,,,
ACSSF,2010m1,al,000,0051,0000007,9040,11631,11238,2368,15512,14395,3225,4058,3940,798,5160,5203,686,8718,8821,1111,9066,11712,7877,5816,5639,2705,4766,6767,5752,4994,2632,4708,15546,8991,8454,8124,2752,4575,7896,7586,7465,2328,5125,4058,2672,2123,1954,909,1305,2861,2201,1886,989,1621,5160,2346,1129,1072,315,1932,4284,2215,2116,674,3745,8718,4950,4008,3979,1186,3552,6105,4814,4600,1692,3406,,,,,,,,,,,,,,,,,,,,,,,,,,,,,,,,,,,,,,,,,,,,,,,,,,,,,,,,,,,,,,,,,,,,,,,,,,,
ACSSF,2010m1,al,000,0051,0000008,3197,5780,5768,2113,8874,8724,2366,3168,3153,255,3408,3411,389,5668,5628,736,3262,6027,4117,3655,3478,2101,3348,3417,3366,3010,1836,2833,8874,4956,4329,4030,1555,2428,5289,4343,4205,1136,3445,3167,1953,1420,1385,360,1167,2016,1327,1304,512,1236,3408,1611,795,779,259,1295,2869,1327,1343,308,2660,5668,3468,3019,2821,1040,1776,3870,3028,2858,1450,2669,,,,,,,,,,,,,,,,,,,,,,,,,,,,,,,,,,,,,,,,,,,,,,,,,,,,,,,,,,,,,,,,,,,,,,,,,,,
ACSSF,2010m1,al,000,0051,0000009,7583,4573,4342,1686,6456,6155,2346,1449,1449,273,2220,2223,163,3263,3217,649,7420,4448,3084,2460,2000,1267,1881,3087,2634,2245,1286,2316,6456,3517,3187,3052,842,1814,3431,2936,2858,544,2121,1449,944,775,772,105,413,1009,850,725,368,472,2220,997,419,382,184,815,2042,523,533,156,1999,3263,2181,1869,1674,647,1087,2140,1981,1924,870,1493,,,,,,,,,,,,,,,,,,,,,,,,,,,,,,,,,,,,,,,,,,,,,,,,,,,,,,,,,,,,,,,,,,,,,,,,,,,
ACSSF,2010m1,al,000,0051,0000010,7580,4554,4633,1490,7980,8006,2317,2636,2617,255,2997,3027,345,4036,4044,352,7397,4570,3486,3117,2620,2019,2589,3412,2803,2571,1369,2206,7980,4574,3936,3678,1345,2280,4341,3592,3500,1108,3208,2635,1765,1187,1147,342,1100,1623,1102,1081,385,1191,2997,1304,714,712,204,1088,2504,1315,1334,274,2261,4036,2540,2016,1991,880,1518,2837,2045,1881,933,1891,,,,,,,,,,,,,,,,,,,,,,,,,,,,,,,,,,,,,,,,,,,,,,,,,,,,,,,,,,,,,,,,,,,,,,,,,,,
ACSSF,2010m1,al,000,0051,0000011,4246,6495,6663,849,6727,6816,1607,1938,1939,291,2786,2786,54,4109,4148,377,4314,6516,4282,2720,2298,1846,3573,3671,2699,2233,1514,2878,6727,3834,3709,3544,918,2531,3828,2891,2769,1018,2845,1938,1142,965,899,430,571,1323,921,877,451,1218,2786,1367,591,591,273,1225,2296,846,859,122,2122,4109,2631,1924,1714,927,1323,2326,1503,1597,742,1699,,,,,,,,,,,,,,,,,,,,,,,,,,,,,,,,,,,,,,,,,,,,,,,,,,,,,,,,,,,,,,,,,,,,,,,,,,,
ACSSF,2010m1,al,000,0051,0000012,3574,8831,9030,2381,12318,11988,2857,3695,3720,384,4548,4535,394,7713,7652,805,3899,9029,6027,4156,3884,2917,4762,4683,3884,3863,2092,3283,12318,6434,5988,5842,1710,3513,7154,5562,5348,1603,4336,3694,2230,1662,1590,513,1330,2453,1599,1532,627,1764,4548,2130,1070,1071,259,1725,3538,1605,1613,319,3140,7713,4524,3649,3468,1224,2449,4827,3541,3279,1658,3330,,,,,,,,,,,,,,,,,,,,,,,,,,,,,,,,,,,,,,,,,,,,,,,,,,,,,,,,,,,,,,,,,,,,,,,,,,,
ACSSF,2010m1,al,000,0051,0000013,493,3063,3081,1071,5155,4863,1552,1087,1087,273,1520,1514,154,3056,3059,610,899,3192,1966,1621,1481,971,1326,1769,1682,1551,893,1386,5155,2806,2544,2379,744,1130,2928,1991,2026,598,1906,1087,554,545,545,273,127,876,865,859,105,264,1520,698,274,274,273,682,1360,701,695,199,1187,3056,1772,1584,1455,526,671,1857,1460,1321,686,1356,,,,,,,,,,,,,,,,,,,,,,,,,,,,,,,,,,,,,,,,,,,,,,,,,,,,,,,,,,,,,,,,,,,,,,,,,,,
ACSSF,2010m1,al,000,0051,0000014,271,2228,2187,332,3522,3372,774,1144,1075,327,1134,1118,240,2352,2333,127,558,2243,1444,1398,1244,778,1405,1566,1098,1069,734,1413,3522,2050,1781,1695,237,1199,1984,1518,1341,647,1302,1144,590,462,462,273,469,1015,874,650,521,530,1134,500,222,212,60,452,959,439,439,273,851,2352,1368,961,843,450,980,1400,1003,960,338,708,,,,,,,,,,,,,,,,,,,,,,,,,,,,,,,,,,,,,,,,,,,,,,,,,,,,,,,,,,,,,,,,,,,,,,,,,,,
ACSSF,2010m1,al,000,0051,0000015,594,2043,2075,761,3140,3014,415,880,855,255,1217,1186,180,1583,1583,273,691,2206,1500,1243,949,857,1219,1080,717,596,632,996,3140,1781,1502,1438,438,1059,1688,1412,1341,441,1054,880,660,456,453,41,418,641,555,534,148,391,1217,518,339,274,204,418,1003,575,561,139,743,1583,1053,766,739,163,731,1188,958,870,227,816,,,,,,,,,,,,,,,,,,,,,,,,,,,,,,,,,,,,,,,,,,,,,,,,,,,,,,,,,,,,,,,,,,,,,,,,,,,
ACSSF,2010m1,al,000,0051,0000016,642,1720,1380,750,2879,2700,727,1012,1012,273,1114,1114,273,1159,1159,273,641,1741,1215,1145,926,734,549,1202,1029,907,289,564,2879,1511,1184,1212,706,999,1644,1192,1186,340,1320,1010,651,375,358,98,659,551,170,168,30,533,1114,287,137,137,273,261,993,684,702,132,833,1159,640,552,554,183,427,845,592,534,251,620,,,,,,,,,,,,,,,,,,,,,,,,,,,,,,,,,,,,,,,,,,,,,,,,,,,,,,,,,,,,,,,,,,,,,,,,,,,
ACSSF,2010m1,al,000,0051,0000017,245,1600,1597,74,3068,2866,628,582,582,273,1192,1192,273,1472,1473,118,493,1671,1161,902,811,302,1195,998,1125,874,418,1054,3068,1664,1669,1669,144,814,1890,2104,2041,353,1214,582,420,349,337,80,317,354,359,358,33,185,1192,630,418,418,273,419,727,303,303,273,708,1472,851,620,573,294,608,1195,767,750,259,945,,,,,,,,,,,,,,,,,,,,,,,,,,,,,,,,,,,,,,,,,,,,,,,,,,,,,,,,,,,,,,,,,,,,,,,,,,,
ACSSF,2010m1,al,000,0051,0000018,249,1864,1899,791,3451,3420,262,919,919,273,1267,1256,200,1878,1885,183,563,1873,1510,1387,1638,694,1035,1124,1056,947,512,948,3451,2016,1790,1716,727,955,1960,1645,1519,503,1476,919,359,348,311,189,128,787,448,347,303,727,1267,400,168,168,273,394,1099,506,495,132,1032,1878,1337,1067,1045,289,801,1231,879,842,354,811,,,,,,,,,,,,,,,,,,,,,,,,,,,,,,,,,,,,,,,,,,,,,,,,,,,,,,,,,,,,,,,,,,,,,,,,,,,
ACSSF,2010m1,al,000,0051,0000019,111,1249,1199,236,2292,2229,418,540,538,65,686,686,51,1329,1314,206,265,1302,844,633,525,333,599,795,728,753,275,529,2292,1210,1091,1061,131,755,1334,1020,1035,179,930,540,337,291,291,273,168,464,406,385,111,219,686,245,106,107,22,219,615,250,250,31,586,1329,680,597,517,194,452,937,671,637,178,519,,,,,,,,,,,,,,,,,,,,,,,,,,,,,,,,,,,,,,,,,,,,,,,,,,,,,,,,,,,,,,,,,,,,,,,,,,,
ACSSF,2010m1,al,000,0051,0000020,780,5511,5152,2200,8315,7881,2263,2033,1904,774,3292,3207,606,5522,5352,787,1365,5851,3322,3603,3194,1814,2853,3380,3495,3381,1449,2903,8315,4250,4267,4188,1286,2102,4504,3541,3491,1065,3118,2033,1561,1410,1332,393,729,1335,1155,1118,583,738,3292,1548,694,586,387,1215,2506,1319,1183,489,1877,5522,3137,2402,2366,664,1822,3601,3124,2810,1045,2121,,,,,,,,,,,,,,,,,,,,,,,,,,,,,,,,,,,,,,,,,,,,,,,,,,,,,,,,,,,,,,,,,,,,,,,,,,,
ACSSF,2010m1,al,000,0051,0000021,762,1791,1676,439,2760,2693,477,429,429,273,1067,1067,273,1763,1728,281,798,1777,1040,1120,1090,439,847,1306,1366,1264,464,1297,2760,1428,1408,1309,478,766,1698,1262,1188,727,1279,429,179,54,273,54,173,372,347,339,50,146,1067,510,219,219,273,467,779,603,601,80,740,1763,1061,940,945,212,679,1302,1075,995,196,701,,,,,,,,,,,,,,,,,,,,,,,,,,,,,,,,,,,,,,,,,,,,,,,,,,,,,,,,,,,,,,,,,,,,,,,,,,,
ACSSF,2010m1,al,000,0051,0000022,159,2518,2561,871,3575,3457,1147,874,839,231,1041,1039,28,1829,1799,468,509,2578,1419,1496,1478,1015,1294,1547,1607,1457,803,1289,3612,2015,1902,1958,619,902,2039,1843,1742,556,1302,874,620,593,593,273,176,574,337,337,20,432,1041,445,241,241,273,369,841,542,508,165,671,1829,1340,899,876,289,765,910,763,766,67,620,,,,,,,,,,,,,,,,,,,,,,,,,,,,,,,,,,,,,,,,,,,,,,,,,,,,,,,,,,,,,,,,,,,,,,,,,,,
ACSSF,2010m1,al,000,0051,0000023,324,2225,2155,397,3051,2870,734,465,465,273,668,667,50,1366,1359,116,546,2223,1248,1127,1017,372,746,1310,1264,1094,519,633,3051,1636,1514,1465,450,905,1671,1430,1458,370,1374,465,360,284,171,230,249,337,224,224,273,266,668,330,134,134,273,306,564,256,256,273,558,1366,862,622,619,162,796,950,758,636,515,610,,,,,,,,,,,,,,,,,,,,,,,,,,,,,,,,,,,,,,,,,,,,,,,,,,,,,,,,,,,,,,,,,,,,,,,,,,,
ACSSF,2010m1,al,000,0051,0000024,259,3439,3265,1738,5366,4872,2014,1267,1179,345,1473,1497,270,3327,3320,427,948,3733,2421,2544,2770,1154,1816,2349,2092,1855,1347,1447,5373,2952,3044,2981,680,1548,3059,2876,2825,670,2283,1267,690,650,624,167,161,1001,977,941,312,328,1473,872,566,566,273,737,1251,743,749,208,1176,3327,1893,1751,1595,508,1074,2105,1886,1705,970,1047,,,,,,,,,,,,,,,,,,,,,,,,,,,,,,,,,,,,,,,,,,,,,,,,,,,,,,,,,,,,,,,,,,,,,,,,,,,
ACSSF,2010m1,al,000,0051,0000025,1049,1639,1480,1238,3174,3086,810,495,495,273,1041,1041,273,2066,2066,273,1092,1667,1576,1230,1057,741,1005,1016,1062,933,561,675,3174,1792,1852,1832,410,874,1994,1476,1487,384,1770,495,330,276,262,105,205,305,178,178,273,252,1041,470,424,424,273,518,951,384,384,273,826,2066,1229,1035,1025,169,597,1388,1008,1005,391,1010,,,,,,,,,,,,,,,,,,,,,,,,,,,,,,,,,,,,,,,,,,,,,,,,,,,,,,,,,,,,,,,,,,,,,,,,,,,
ACSSF,2010m1,al,000,0051,0000026,512,3938,3761,1167,5798,5728,1394,1811,1811,273,1785,1780,328,3722,3621,741,994,4129,2841,2859,2831,1394,2433,2385,2635,2365,1117,2025,5798,3207,3054,3022,1212,1585,3355,2819,2652,935,2243,1811,1002,897,841,467,554,1327,1065,819,735,905,1785,922,610,570,219,677,1518,932,940,241,1383,3722,2326,2026,1718,934,1226,2589,1966,1966,810,1561,,,,,,,,,,,,,,,,,,,,,,,,,,,,,,,,,,,,,,,,,,,,,,,,,,,,,,,,,,,,,,,,,,,,,,,,,,,
ACSSF,2010m1,al,000,0051,0000027,589,3578,3111,1538,4750,4790,983,1415,1392,399,1493,1480,221,3074,3051,422,1017,3830,2027,1956,1747,1039,2283,2580,2203,2148,825,2094,4750,2602,2315,2303,687,1256,2534,2250,2142,584,1689,1415,807,665,595,336,653,1025,825,771,355,738,1493,551,241,241,273,522,1279,494,494,273,1122,3074,1682,1359,1348,263,1038,2401,1639,1692,390,1232,,,,,,,,,,,,,,,,,,,,,,,,,,,,,,,,,,,,,,,,,,,,,,,,,,,,,,,,,,,,,,,,,,,,,,,,,,,
ACSSF,2010m1,al,000,0051,0000028,324,2201,2101,724,3375,3317,843,867,866,102,1049,1031,228,1689,1659,180,542,2346,1488,1317,1180,960,852,1506,1330,1285,338,745,3375,2035,2051,2004,614,994,1996,1476,1349,437,1406,867,383,396,303,203,151,719,659,561,294,462,1049,624,351,343,84,536,814,470,476,124,762,1689,1183,951,998,195,835,1296,1105,962,590,752,,,,,,,,,,,,,,,,,,,,,,,,,,,,,,,,,,,,,,,,,,,,,,,,,,,,,,,,,,,,,,,,,,,,,,,,,,,
ACSSF,2010m1,al,000,0051,0000029,1164,1667,1647,321,2844,2731,568,655,579,280,1147,1147,273,1552,1564,160,1226,1668,1170,1187,1121,355,815,1065,773,769,93,747,2844,1514,1359,1455,449,995,1658,1657,1745,588,1346,655,206,113,79,73,164,632,612,605,187,282,1147,494,175,175,273,497,991,638,625,119,905,1552,1094,892,850,328,722,1169,848,865,256,862,,,,,,,,,,,,,,,,,,,,,,,,,,,,,,,,,,,,,,,,,,,,,,,,,,,,,,,,,,,,,,,,,,,,,,,,,,,
ACSSF,2010m1,al,000,0051,0000030,381,2395,2198,869,3889,3796,1159,871,770,409,1438,1441,93,2638,2549,485,796,2525,1636,1557,1436,950,1243,1409,1337,1350,629,1221,3888,2332,2315,2256,611,1083,2307,1978,1989,621,1687,871,532,532,532,273,273,677,612,324,514,285,1438,672,252,252,273,605,1187,805,721,360,830,2638,1452,1436,1433,268,562,1648,1327,1256,444,1045,,,,,,,,,,,,,,,,,,,,,,,,,,,,,,,,,,,,,,,,,,,,,,,,,,,,,,,,,,,,,,,,,,,,,,,,,,,
ACSSF,2010m1,al,000,0051,0000031,4,1631,1574,215,2889,2940,427,1330,1330,273,1094,1094,273,1639,1654,123,439,1541,1173,992,929,686,1220,834,931,777,800,921,2889,1455,1337,1169,637,988,1709,1426,1307,560,1087,1330,861,545,545,273,563,980,539,360,389,756,1094,650,139,80,120,632,826,204,204,273,818,1639,1060,917,749,431,552,1192,823,739,299,920,,,,,,,,,,,,,,,,,,,,,,,,,,,,,,,,,,,,,,,,,,,,,,,,,,,,,,,,,,,,,,,,,,,,,,,,,,,
ACSSF,2010m1,al,000,0051,0000032,429,3472,3310,844,3936,3684,885,708,708,273,1341,1303,163,2134,2043,269,714,3473,2011,2315,1957,1235,2044,2189,2588,2585,929,1934,3936,2144,2097,2043,382,1265,2319,1862,1890,323,1566,708,548,446,436,115,334,440,249,191,127,365,1341,744,193,195,64,747,1012,597,596,70,882,2134,1370,1148,1079,343,548,1444,1069,996,599,1041,,,,,,,,,,,,,,,,,,,,,,,,,,,,,,,,,,,,,,,,,,,,,,,,,,,,,,,,,,,,,,,,,,,,,,,,,,,
ACSSF,2010m1,al,000,0051,0000033,361,1699,1699,273,2283,2143,747,881,881,273,1012,1012,273,1911,1900,62,512,1738,1405,905,696,628,1000,818,691,774,649,502,2283,1292,1360,1219,406,898,1322,1058,1045,602,967,881,754,342,342,273,644,494,455,449,72,184,1012,425,176,128,119,378,820,151,159,70,836,1911,1049,656,572,437,796,1289,741,721,240,1000,,,,,,,,,,,,,,,,,,,,,,,,,,,,,,,,,,,,,,,,,,,,,,,,,,,,,,,,,,,,,,,,,,,,,,,,,,,
ACSSF,2010m1,al,000,0051,0000034,2513,4121,4045,1750,4362,4170,1194,1493,1406,341,1998,1990,196,3264,3265,404,2635,4214,3146,2893,2578,1381,2401,2615,2291,2080,1210,1984,4362,2252,1961,1867,800,1246,2262,1607,1661,637,1457,1493,1179,1057,969,366,717,794,773,627,482,332,1998,826,486,398,314,674,1592,850,845,106,1288,3264,2002,1452,1301,460,1190,2134,1723,1535,523,1455,,,,,,,,,,,,,,,,,,,,,,,,,,,,,,,,,,,,,,,,,,,,,,,,,,,,,,,,,,,,,,,,,,,,,,,,,,,
ACSSF,2010m1,al,000,0051,0000035,861,955,957,154,1572,1584,339,465,463,65,452,455,51,793,771,200,872,989,761,687,600,298,566,603,523,542,249,488,1572,865,724,710,103,543,860,775,788,127,548,465,274,225,225,273,153,423,357,337,91,187,452,141,41,34,22,131,445,152,143,31,402,793,528,426,365,166,433,568,558,542,170,310,,,,,,,,,,,,,,,,,,,,,,,,,,,,,,,,,,,,,,,,,,,,,,,,,,,,,,,,,,,,,,,,,,,,,,,,,,,
ACSSF,2010m1,al,000,0051,0000036,3110,2195,2163,834,2856,3027,1860,797,705,526,1015,1015,273,1363,1202,439,3026,2176,1593,1325,1314,169,776,1351,1118,1043,340,1187,2856,1529,1440,1507,507,716,1555,1379,1359,660,1170,797,526,526,526,273,273,683,673,537,430,102,1015,407,273,273,273,407,873,285,285,273,824,1363,752,711,694,186,237,905,726,724,124,477,,,,,,,,,,,,,,,,,,,,,,,,,,,,,,,,,,,,,,,,,,,,,,,,,,,,,,,,,,,,,,,,,,,,,,,,,,,
ACSSF,2010m1,al,000,0051,0000037,2228,3117,2899,1687,4392,3810,1975,1143,1044,345,1110,1097,255,2393,2419,297,2375,3423,2411,2214,2268,1017,1349,2109,1945,1868,1162,1343,4400,2370,2239,2033,428,1149,2343,2249,2225,398,1507,1143,642,621,593,167,132,929,908,861,312,255,1110,528,324,324,273,516,990,615,597,90,940,2393,1493,1302,1147,421,668,1598,1400,1321,605,712,,,,,,,,,,,,,,,,,,,,,,,,,,,,,,,,,,,,,,,,,,,,,,,,,,,,,,,,,,,,,,,,,,,,,,,,,,,
ACSSF,2010m1,al,000,0051,0000038,2455,3467,3555,939,3386,3370,1221,1561,1561,273,1533,1520,309,2494,2345,485,2533,3582,2585,2305,2156,1042,1835,2468,2121,2040,939,1791,3386,1892,1804,1850,594,1107,1865,1642,1551,560,1307,1561,916,771,734,426,507,1127,946,751,628,637,1533,731,425,416,118,549,1382,591,566,196,1194,2494,1848,1667,1493,694,884,1744,1239,1229,376,1059,,,,,,,,,,,,,,,,,,,,,,,,,,,,,,,,,,,,,,,,,,,,,,,,,,,,,,,,,,,,,,,,,,,,,,,,,,,
ACSSF,2010m1,al,000,0051,0000039,3686,3936,3426,1593,4563,4525,955,1353,1333,369,1277,1262,221,2953,2923,422,3645,4081,2312,2032,1838,1011,2037,2768,2227,2153,817,2126,4563,2470,2264,2271,679,1208,2449,2225,2139,584,1464,1353,756,644,569,254,603,1000,803,752,355,720,1277,514,198,198,273,498,1124,453,453,273,1023,2953,1701,1354,1344,263,1030,2130,1478,1534,390,1162,,,,,,,,,,,,,,,,,,,,,,,,,,,,,,,,,,,,,,,,,,,,,,,,,,,,,,,,,,,,,,,,,,,,,,,,,,,
ACSSF,2010m1,al,000,0051,0000040,1888,3209,3222,781,2374,2235,730,593,593,273,1105,1110,149,1372,1331,137,1870,3127,2287,1645,1501,650,1893,2137,1861,1792,563,2010,2374,1192,1117,1094,283,937,1467,1287,1282,145,1168,593,457,320,299,115,323,349,172,114,94,308,1105,705,150,133,64,688,750,435,435,273,727,1372,899,820,761,302,311,1028,758,686,285,683,,,,,,,,,,,,,,,,,,,,,,,,,,,,,,,,,,,,,,,,,,,,,,,,,,,,,,,,,,,,,,,,,,,,,,,,,,,
ACSSF,2010m1,al,000,0051,0000041,2513,4121,4045,1750,4362,4170,1194,1493,1406,341,1998,1990,196,3264,3265,404,2635,4214,3146,2893,2578,1381,2401,2615,2291,2080,1210,1984,4362,2252,1961,1867,800,1246,2262,1607,1661,637,1457,1493,1179,1057,969,366,717,794,773,627,482,332,1998,826,486,398,314,674,1592,850,845,106,1288,3264,2002,1452,1301,460,1190,2134,1723,1535,523,1455,,,,,,,,,,,,,,,,,,,,,,,,,,,,,,,,,,,,,,,,,,,,,,,,,,,,,,,,,,,,,,,,,,,,,,,,,,,
ACSSF,2010m1,al,000,0051,0000042,3110,2195,2163,834,2856,3027,1860,797,705,526,1015,1015,273,1363,1202,439,3026,2176,1593,1325,1314,169,776,1351,1118,1043,340,1187,2856,1529,1440,1507,507,716,1555,1379,1359,660,1170,797,526,526,526,273,273,683,673,537,430,102,1015,407,273,273,273,407,873,285,285,273,824,1363,752,711,694,186,237,905,726,724,124,477,,,,,,,,,,,,,,,,,,,,,,,,,,,,,,,,,,,,,,,,,,,,,,,,,,,,,,,,,,,,,,,,,,,,,,,,,,,
ACSSF,2010m1,al,000,0051,0000043,693,1019,1016,154,1525,1543,339,465,463,65,452,455,51,790,774,200,705,1043,846,687,600,298,563,560,486,504,249,488,1525,831,707,691,103,534,851,760,772,127,548,465,274,225,225,273,153,423,357,337,91,187,452,141,41,34,22,131,445,152,143,31,402,790,511,430,367,166,399,531,513,478,170,310,,,,,,,,,,,,,,,,,,,,,,,,,,,,,,,,,,,,,,,,,,,,,,,,,,,,,,,,,,,,,,,,,,,,,,,,,,,
ACSSF,2010m1,al,000,0051,0000044,2228,3117,2899,1687,4392,3810,1975,1143,1044,345,1110,1097,255,2393,2419,297,2375,3423,2411,2214,2268,1017,1349,2109,1945,1868,1162,1343,4400,2370,2239,2033,428,1149,2343,2249,2225,398,1507,1143,642,621,593,167,132,929,908,861,312,255,1110,528,324,324,273,516,990,615,597,90,940,2393,1493,1302,1147,421,668,1598,1400,1321,605,712,,,,,,,,,,,,,,,,,,,,,,,,,,,,,,,,,,,,,,,,,,,,,,,,,,,,,,,,,,,,,,,,,,,,,,,,,,,
ACSSF,2010m1,al,000,0051,0000045,2455,3467,3555,939,3386,3370,1221,1561,1561,273,1533,1520,309,2494,2345,485,2533,3582,2585,2305,2156,1042,1835,2468,2121,2040,939,1791,3386,1892,1804,1850,594,1107,1865,1642,1551,560,1307,1561,916,771,734,426,507,1127,946,751,628,637,1533,731,425,416,118,549,1382,591,566,196,1194,2494,1848,1667,1493,694,884,1744,1239,1229,376,1059,,,,,,,,,,,,,,,,,,,,,,,,,,,,,,,,,,,,,,,,,,,,,,,,,,,,,,,,,,,,,,,,,,,,,,,,,,,
ACSSF,2010m1,al,000,0051,0000046,3686,3936,3426,1593,4563,4525,955,1353,1333,369,1277,1262,221,2953,2923,422,3645,4081,2312,2032,1838,1011,2037,2768,2227,2153,817,2126,4563,2470,2264,2271,679,1208,2449,2225,2139,584,1464,1353,756,644,569,254,603,1000,803,752,355,720,1277,514,198,198,273,498,1124,453,453,273,1023,2953,1701,1354,1344,263,1030,2130,1478,1534,390,1162,,,,,,,,,,,,,,,,,,,,,,,,,,,,,,,,,,,,,,,,,,,,,,,,,,,,,,,,,,,,,,,,,,,,,,,,,,,
ACSSF,2010m1,al,000,0051,0000047,1888,3209,3222,781,2374,2235,730,593,593,273,1105,1110,149,1372,1331,137,1870,3127,2287,1645,1501,650,1893,2137,1861,1792,563,2010,2374,1192,1117,1094,283,937,1467,1287,1282,145,1168,593,457,320,299,115,323,349,172,114,94,308,1105,705,150,133,64,688,750,435,435,273,727,1372,899,820,761,302,311,1028,758,686,285,683,,,,,,,,,,,,,,,,,,,,,,,,,,,,,,,,,,,,,,,,,,,,,,,,,,,,,,,,,,,,,,,,,,,,,,,,,,,
ACSSF,2010m1,al,000,0051,0000048,3963,5822,5618,1505,8534,8089,2449,2137,2137,273,2967,2992,373,5354,5216,1084,4191,6244,4179,3599,3457,1863,3390,3439,3417,2932,1719,2481,8534,4952,4282,4310,1366,2253,4667,3494,3526,1150,3160,2137,1183,1039,994,545,587,1510,1372,1264,789,1084,2967,1473,775,747,219,1165,2441,1188,1190,310,2214,5354,3226,2764,2209,1265,1638,3587,2678,2726,1136,2300,,,,,,,,,,,,,,,,,,,,,,,,,,,,,,,,,,,,,,,,,,,,,,,,,,,,,,,,,,,,,,,,,,,,,,,,,,,
ACSSF,2010m1,al,000,0051,0000049,5461,6299,6219,1135,7650,7325,1487,2095,2095,360,2499,2449,252,4165,4217,789,5354,6384,4075,3331,3084,1647,3307,3863,2602,2458,1171,2800,7650,4197,3812,3642,1056,2038,4302,4100,3914,959,3109,2095,1319,1075,1038,395,932,1668,1223,1211,184,1224,2499,1294,791,792,22,974,1972,930,886,176,1871,4165,2551,2076,2007,583,1594,2997,2367,2407,814,1735,,,,,,,,,,,,,,,,,,,,,,,,,,,,,,,,,,,,,,,,,,,,,,,,,,,,,,,,,,,,,,,,,,,,,,,,,,,
ACSSF,2010m1,al,000,0051,0000050,5574,6405,6371,1662,8768,8466,1830,2525,2517,512,2764,2779,424,5302,5230,520,5665,6406,4402,3541,3380,1732,3533,3583,3544,3449,1684,2839,8790,4498,4348,4344,1246,2549,4885,3797,3763,1248,3124,2525,1773,1298,1174,360,1112,1656,1239,1028,749,1221,2764,1164,560,546,136,1076,2503,1167,1103,206,2312,5302,3482,2539,2352,961,1970,3442,2340,2129,1017,2249,,,,,,,,,,,,,,,,,,,,,,,,,,,,,,,,,,,,,,,,,,,,,,,,,,,,,,,,,,,,,,,,,,,,,,,,,,,
ACSSF,2010m1,al,000,0051,0000051,3725,4780,5012,2256,8462,8437,1465,2178,2143,384,2949,2949,240,4878,4869,259,3899,4779,3736,3090,2903,1911,2671,2991,2394,2231,1233,2018,8462,4940,4584,4346,1690,2820,4747,3824,3572,1439,3780,2175,1445,1041,990,388,965,1633,1033,939,492,1380,2949,1387,595,564,232,1233,2437,1343,1343,247,2324,4878,3053,2264,2144,688,1904,3007,2363,2316,738,2314,,,,,,,,,,,,,,,,,,,,,,,,,,,,,,,,,,,,,,,,,,,,,,,,,,,,,,,,,,,,,,,,,,,,,,,,,,,
ACSSF,2010m1,al,000,0051,0000052,3210,6140,5953,1775,9358,8800,2190,1469,1444,366,2586,2605,335,4408,4439,605,3529,6342,4105,3500,3476,1510,2847,3681,3238,3007,1613,2600,9354,4923,4681,4479,1330,2283,5313,4614,4468,1328,3971,1469,1146,1066,849,620,440,1206,1105,1060,395,605,2586,1224,760,762,84,1169,2027,1096,1120,225,1882,4408,2746,2488,2397,763,1824,3167,2605,2532,1237,1922,,,,,,,,,,,,,,,,,,,,,,,,,,,,,,,,,,,,,,,,,,,,,,,,,,,,,,,,,,,,,,,,,,,,,,,,,,,
ACSSF,2010m1,al,000,0051,0000053,6840,6278,5827,1725,9380,8743,2840,2043,1972,886,2954,2986,266,5012,4968,872,6571,6008,4174,4049,4017,1723,2544,3652,3438,3014,1442,2957,9379,5084,4595,4781,1228,2667,5092,3692,3765,1441,3525,2043,1495,1369,1426,205,473,1487,1402,1161,716,577,2954,1284,623,615,114,1039,2475,1455,1339,594,2131,5012,2581,2217,2326,689,1741,3866,3077,2806,900,2358,,,,,,,,,,,,,,,,,,,,,,,,,,,,,,,,,,,,,,,,,,,,,,,,,,,,,,,,,,,,,,,,,,,,,,,,,,,
ACSSF,2010m1,al,000,0051,0000054,7373,6397,6751,1837,6686,6688,1635,2234,2208,341,2564,2458,572,3944,3899,395,7396,6292,4605,4354,3743,2033,4336,3763,3928,3873,1918,3678,6686,3536,3124,3129,1177,2105,3863,3305,3284,851,2668,2234,1590,1399,1258,561,1057,1496,1200,1092,586,876,2564,1317,580,413,408,1193,2325,1269,1263,163,2159,3944,2572,1699,1737,832,1769,2647,2435,2341,1056,1572,,,,,,,,,,,,,,,,,,,,,,,,,,,,,,,,,,,,,,,,,,,,,,,,,,,,,,,,,,,,,,,,,,,,,,,,,,,
ACSSF,2010m1,al,000,0051,0000055,785,2362,2316,439,3832,3848,519,731,731,273,1208,1208,273,2464,2433,295,922,2338,1529,1491,1407,512,1282,1596,1447,1296,613,1541,3832,1979,1706,1593,583,1117,2237,1723,1751,764,1577,731,400,167,87,143,380,584,413,406,50,435,1208,570,219,219,273,537,933,601,600,80,825,2464,1410,1193,1161,346,949,1777,1243,1159,231,1009,,,,,,,,,,,,,,,,,,,,,,,,,,,,,,,,,,,,,,,,,,,,,,,,,,,,,,,,,,,,,,,,,,,,,,,,,,,
ACSSF,2010m1,al,000,0051,0000056,2328,3227,2935,1669,4039,3515,1967,1139,1038,345,1117,1109,255,2415,2442,297,2423,3502,2421,2204,2258,1015,1350,2135,1999,1865,1162,1321,4049,2169,2096,1924,412,1152,2195,2159,2126,370,1479,1139,642,621,593,167,132,915,892,846,312,255,1117,528,324,324,273,516,989,597,579,90,941,2415,1493,1302,1147,421,668,1610,1402,1321,605,712,,,,,,,,,,,,,,,,,,,,,,,,,,,,,,,,,,,,,,,,,,,,,,,,,,,,,,,,,,,,,,,,,,,,,,,,,,,
ACSSF,2010m1,al,000,0051,0000057,2479,3942,3821,737,5104,4859,1322,786,786,273,1450,1457,113,2407,2407,239,2505,3987,2802,2424,2074,1209,1557,2192,2101,1845,750,1244,5104,2632,2538,2601,723,1531,2778,2318,2201,681,2254,786,529,472,389,230,254,544,461,461,273,334,1450,857,499,499,273,680,1189,582,594,188,1058,2407,1482,1218,1186,290,1101,1747,1481,1278,909,960,,,,,,,,,,,,,,,,,,,,,,,,,,,,,,,,,,,,,,,,,,,,,,,,,,,,,,,,,,,,,,,,,,,,,,,,,,,
ACSSF,2010m1,al,000,0051,0000058,683,1848,1555,762,3409,3314,727,1288,1288,273,1192,1194,108,1706,1705,103,739,1919,1352,1186,985,911,908,1270,1224,1146,395,691,3409,1804,1776,1697,746,1200,1905,1673,1658,447,1540,1287,747,495,484,98,661,763,296,296,30,565,1192,410,215,215,273,372,1087,769,780,132,947,1706,973,716,709,196,679,1217,712,684,284,1031,,,,,,,,,,,,,,,,,,,,,,,,,,,,,,,,,,,,,,,,,,,,,,,,,,,,,,,,,,,,,,,,,,,,,,,,,,,
ACSSF,2010m1,al,000,0051,0000059,2478,2884,2778,1419,4929,4810,912,1021,979,255,2004,1975,180,2775,2775,273,2631,3094,2513,1961,1585,1369,1689,1587,1392,1263,833,1164,4929,2759,2491,2380,723,1515,2765,2095,2051,710,2141,1021,753,535,526,117,464,727,561,541,148,479,2004,847,541,502,204,790,1674,735,718,139,1333,2775,1715,1465,1398,326,884,1869,1491,1462,427,1457,,,,,,,,,,,,,,,,,,,,,,,,,,,,,,,,,,,,,,,,,,,,,,,,,,,,,,,,,,,,,,,,,,,,,,,,,,,
ACSSF,2010m1,al,000,0051,0000060,774,2307,2183,724,3692,3651,901,1154,1150,102,1162,1145,228,1871,1834,180,917,2481,1654,1439,1337,966,1220,1577,1455,1370,420,959,3692,2259,2157,2120,857,1125,2333,1557,1452,504,1589,1154,705,671,303,571,151,854,728,660,294,504,1162,655,364,357,84,571,866,527,528,124,831,1871,1279,1050,1070,240,903,1530,1170,1027,623,1085,,,,,,,,,,,,,,,,,,,,,,,,,,,,,,,,,,,,,,,,,,,,,,,,,,,,,,,,,,,,,,,,,,,,,,,,,,,
ACSSF,2010m1,al,000,0051,0000061,2471,2306,2424,669,3585,3657,897,1004,935,291,1149,1149,273,1643,1628,181,2412,2372,1753,1132,1091,542,1356,1335,1099,896,661,895,3585,1876,1654,1670,487,1299,2273,1534,1453,521,1861,1004,557,479,461,172,284,731,549,418,394,508,1149,542,104,104,273,539,1089,349,349,273,1029,1643,880,724,677,272,479,1264,826,811,311,1042,,,,,,,,,,,,,,,,,,,,,,,,,,,,,,,,,,,,,,,,,,,,,,,,,,,,,,,,,,,,,,,,,,,,,,,,,,,
ACSSF,2010m1,al,000,0051,0000062,1204,2603,2733,692,3852,3768,911,1140,1118,280,1558,1558,273,2664,2661,195,1422,2578,1839,1684,1505,727,1400,1510,1105,1116,689,1062,3852,2029,1842,1987,994,1486,2330,2104,2332,1112,2065,1140,932,595,538,247,627,829,787,726,354,393,1558,719,280,252,119,695,1344,694,670,141,1316,2664,1735,1269,1125,559,1202,1746,1315,1362,352,1319,,,,,,,,,,,,,,,,,,,,,,,,,,,,,,,,,,,,,,,,,,,,,,,,,,,,,,,,,,,,,,,,,,,,,,,,,,,
ACSSF,2010m1,al,000,0051,0000063,5008,3528,3452,801,3098,2901,898,997,958,341,1255,1243,196,1764,1713,384,4923,3450,2524,1976,1724,849,1669,2017,1716,1278,1039,1277,3098,1633,1388,1308,552,848,1556,1190,1084,515,938,997,792,636,594,255,593,495,474,441,126,182,1255,421,326,344,68,224,998,444,440,76,824,1764,1226,1033,910,389,542,1249,1109,946,452,775,,,,,,,,,,,,,,,,,,,,,,,,,,,,,,,,,,,,,,,,,,,,,,,,,,,,,,,,,,,,,,,,,,,,,,,,,,,
ACSSF,2010m1,al,000,0051,0000064,5104,3962,3781,1358,3395,3375,562,996,996,273,1846,1721,556,2395,2395,273,4997,3959,2377,1907,1606,1065,1774,2682,2034,1747,1000,1820,3395,1714,1390,1345,638,960,1790,1096,927,461,1199,996,846,614,552,265,603,600,551,308,432,273,1846,773,153,153,273,801,1563,723,726,76,1300,2395,1540,1009,969,210,1010,1519,1060,996,260,1147,,,,,,,,,,,,,,,,,,,,,,,,,,,,,,,,,,,,,,,,,,,,,,,,,,,,,,,,,,,,,,,,,,,,,,,,,,,
ACSSF,2010m1,al,000,0051,0000065,4820,3879,3677,1468,4649,4174,2102,987,957,526,1280,1280,273,2113,2048,489,4795,3921,2770,2152,2110,481,1619,2429,1930,2004,493,1562,4649,2529,2190,2180,523,1231,2349,2092,2098,627,1689,987,591,590,584,77,102,838,821,766,369,146,1280,609,100,100,273,615,1158,556,532,205,1019,2113,1201,1096,1080,161,381,1775,1436,1405,515,813,,,,,,,,,,,,,,,,,,,,,,,,,,,,,,,,,,,,,,,,,,,,,,,,,,,,,,,,,,,,,,,,,,,,,,,,,,,
ACSSF,2010m1,al,000,0051,0000066,6202,4379,4459,765,4515,4404,727,948,888,377,1696,1697,196,2715,2719,82,6014,4295,2712,2108,1939,641,1365,2848,2470,2373,844,1549,4515,2344,2507,2415,661,1279,2309,1975,1951,632,1608,948,756,750,698,129,88,663,484,481,80,499,1696,641,440,241,349,433,1481,711,559,415,1223,2715,1558,1272,1176,368,1128,1985,1655,1475,490,1093,,,,,,,,,,,,,,,,,,,,,,,,,,,,,,,,,,,,,,,,,,,,,,,,,,,,,,,,,,,,,,,,,,,,,,,,,,,
ACSSF,2010m1,al,000,0051,0000067,4690,2868,2868,636,3542,3548,729,674,674,273,1569,1569,273,1942,1869,343,4516,2669,1913,1665,1345,762,1091,1731,1524,1477,441,1025,3542,1757,1675,1591,434,1010,1886,1691,1646,384,1210,674,432,377,377,273,183,585,443,428,134,381,1569,829,323,306,114,732,1361,643,633,107,1194,1942,1043,756,753,220,644,1466,1320,1271,306,514,,,,,,,,,,,,,,,,,,,,,,,,,,,,,,,,,,,,,,,,,,,,,,,,,,,,,,,,,,,,,,,,,,,,,,,,,,,
ACSSF,2010m1,al,000,0051,0000068,249,1864,1899,791,3451,3420,262,919,919,273,1267,1256,200,1878,1885,183,563,1873,1510,1387,1638,694,1035,1124,1056,947,512,948,3451,2016,1790,1716,727,955,1960,1645,1519,503,1476,919,359,348,311,189,128,787,448,347,303,727,1267,400,168,168,273,394,1099,506,495,132,1032,1878,1337,1067,1045,289,801,1231,879,842,354,811,,,,,,,,,,,,,,,,,,,,,,,,,,,,,,,,,,,,,,,,,,,,,,,,,,,,,,,,,,,,,,,,,,,,,,,,,,,
ACSSF,2010m1,al,000,0051,0000069,2034,2439,2416,258,3876,3873,548,1523,1523,273,1699,1709,54,2376,2377,123,2109,2383,1771,1297,1183,764,1664,1377,1105,1028,878,1348,3876,1925,1761,1742,845,1550,2255,1739,1697,732,1669,1523,1016,697,692,32,631,1105,645,502,389,893,1699,694,250,225,120,641,1453,420,424,88,1421,2376,1623,1273,1070,562,932,1556,1094,899,641,1077,,,,,,,,,,,,,,,,,,,,,,,,,,,,,,,,,,,,,,,,,,,,,,,,,,,,,,,,,,,,,,,,,,,,,,,,,,,
ACSSF,2010m1,al,000,0051,0000070,271,2228,2187,332,3522,3372,774,1144,1075,327,1134,1118,240,2352,2333,127,558,2243,1444,1398,1244,778,1405,1566,1098,1069,734,1413,3522,2050,1781,1695,237,1199,1984,1518,1341,647,1302,1144,590,462,462,273,469,1015,874,650,521,530,1134,500,222,212,60,452,959,439,439,273,851,2352,1368,961,843,450,980,1400,1003,960,338,708,,,,,,,,,,,,,,,,,,,,,,,,,,,,,,,,,,,,,,,,,,,,,,,,,,,,,,,,,,,,,,,,,,,,,,,,,,,
ACSSF,2010m1,al,000,0051,0000071,381,2395,2198,869,3889,3796,1159,871,770,409,1438,1441,93,2638,2549,485,796,2525,1636,1557,1436,950,1243,1409,1337,1350,629,1221,3888,2332,2315,2256,611,1083,2307,1978,1989,621,1687,871,532,532,532,273,273,677,612,324,514,285,1438,672,252,252,273,605,1187,805,721,360,830,2638,1452,1436,1433,268,562,1648,1327,1256,444,1045,,,,,,,,,,,,,,,,,,,,,,,,,,,,,,,,,,,,,,,,,,,,,,,,,,,,,,,,,,,,,,,,,,,,,,,,,,,
ACSSF,2010m1,al,000,0051,0000072,429,3472,3310,844,3936,3684,885,708,708,273,1341,1303,163,2134,2043,269,714,3473,2011,2315,1957,1235,2044,2189,2588,2585,929,1934,3936,2144,2097,2043,382,1265,2319,1862,1890,323,1566,708,548,446,436,115,334,440,249,191,127,365,1341,744,193,195,64,747,1012,597,596,70,882,2134,1370,1148,1079,343,548,1444,1069,996,599,1041,,,,,,,,,,,,,,,,,,,,,,,,,,,,,,,,,,,,,,,,,,,,,,,,,,,,,,,,,,,,,,,,,,,,,,,,,,,
ACSSF,2010m1,al,000,0051,0000073,1955,2712,2701,205,4060,4060,273,1221,1221,273,1329,1331,36,2015,2015,273,1962,2810,2212,1305,1242,852,2193,1629,1402,1260,890,1638,4060,2430,1818,1859,456,1341,1994,1473,1435,446,1560,1221,1192,1019,953,296,627,479,392,389,24,338,1329,594,297,241,178,493,1250,507,508,26,1235,2015,1422,900,690,625,967,1359,1103,975,573,796,,,,,,,,,,,,,,,,,,,,,,,,,,,,,,,,,,,,,,,,,,,,,,,,,,,,,,,,,,,,,,,,,,,,,,,,,,,
ACSSF,2010m1,al,000,0051,0000074,2013,2583,2502,472,3697,3427,671,891,891,273,1245,1258,121,2017,2017,273,1999,2591,1684,1460,1452,842,1242,1573,1303,1235,730,909,3697,2081,2084,1952,427,1199,1936,1646,1507,536,1265,891,468,441,338,232,121,727,556,518,280,516,1245,583,235,235,273,529,1077,416,417,17,1060,2017,1507,1044,866,539,1014,1237,940,715,705,818,,,,,,,,,,,,,,,,,,,,,,,,,,,,,,,,,,,,,,,,,,,,,,,,,,,,,,,,,,,,,,,,,,,,,,,,,,,
ACSSF,2010m1,al,000,0051,0000075,159,2518,2561,871,3575,3457,1147,874,839,231,1041,1039,28,1829,1799,468,509,2578,1419,1496,1478,1015,1294,1547,1607,1457,803,1289,3612,2015,1902,1958,619,902,2039,1843,1742,556,1302,874,620,593,593,273,176,574,337,337,20,432,1041,445,241,241,273,369,841,542,508,165,671,1829,1340,899,876,289,765,910,763,766,67,620,,,,,,,,,,,,,,,,,,,,,,,,,,,,,,,,,,,,,,,,,,,,,,,,,,,,,,,,,,,,,,,,,,,,,,,,,,,
ACSSF,2010m1,al,000,0051,0000076,1766,3431,3409,458,4163,4028,781,1381,1356,246,1549,1521,152,2329,2321,548,1742,3469,2023,1694,1731,956,1935,2166,1841,1781,715,1807,4163,2420,2457,2288,869,1427,2320,2134,2106,570,1613,1381,844,499,486,109,705,1057,859,857,293,565,1549,711,408,408,273,604,1295,600,572,137,1181,2329,1524,1266,1154,450,946,1654,1230,1179,406,977,,,,,,,,,,,,,,,,,,,,,,,,,,,,,,,,,,,,,,,,,,,,,,,,,,,,,,,,,,,,,,,,,,,,,,,,,,,
ACSSF,2010m1,al,000,0051,0000077,3795,3916,3380,1593,4482,4453,955,1353,1333,369,1277,1262,221,2926,2891,422,3752,4053,2301,2007,1801,1011,2037,2732,2210,2134,817,2126,4482,2448,2238,2256,679,1208,2393,2174,2084,584,1464,1353,756,644,569,254,603,1000,803,752,355,720,1277,514,198,198,273,498,1124,453,453,273,1023,2926,1701,1354,1344,263,1030,2105,1468,1510,390,1158,,,,,,,,,,,,,,,,,,,,,,,,,,,,,,,,,,,,,,,,,,,,,,,,,,,,,,,,,,,,,,,,,,,,,,,,,,,
ACSSF,2010m1,al,000,0051,0000078,3722,2833,2781,502,4391,4297,856,1054,1036,105,1373,1373,273,2144,2139,118,3763,2817,2028,1403,1233,501,1717,1398,1346,1123,512,1282,4391,2512,2314,2308,522,1075,2327,2374,2315,442,1603,1054,796,688,550,427,479,522,453,455,33,269,1373,678,470,470,273,490,1098,460,460,273,1013,2144,1168,831,799,361,791,1660,1160,1158,281,1179,,,,,,,,,,,,,,,,,,,,,,,,,,,,,,,,,,,,,,,,,,,,,,,,,,,,,,,,,,,,,,,,,,,,,,,,,,,
ACSSF,2010m1,al,000,0051,0000079,1111,3616,3742,527,4103,3872,1156,1098,1098,273,1381,1381,273,2006,2015,277,1310,3755,2405,2000,1487,1316,2229,1977,1542,1271,996,1894,4103,2339,2086,2054,551,1266,2302,1880,1780,574,1734,1098,607,593,556,333,193,975,628,587,217,840,1381,792,311,311,273,733,999,522,522,273,907,2006,1294,804,711,588,905,1305,1082,1077,313,973,,,,,,,,,,,,,,,,,,,,,,,,,,,,,,,,,,,,,,,,,,,,,,,,,,,,,,,,,,,,,,,,,,,,,,,,,,,
ACSSF,2010m1,al,000,0051,0000080,3237,3633,3693,939,3452,3506,1221,1496,1496,273,1499,1486,309,2490,2337,485,3221,3685,2721,2327,2156,1031,1850,2485,2091,2035,942,1738,3452,1935,1812,1857,594,1099,1855,1602,1503,560,1325,1496,927,788,734,341,507,1080,883,671,628,637,1499,682,425,416,118,475,1354,576,550,196,1166,2490,1801,1585,1413,694,875,1740,1249,1243,376,1059,,,,,,,,,,,,,,,,,,,,,,,,,,,,,,,,,,,,,,,,,,,,,,,,,,,,,,,,,,,,,,,,,,,,,,,,,,,
ACSSF,2010m1,al,000,0051,0000081,3199,3343,3081,963,5145,5034,1083,1059,1059,273,1727,1722,302,2618,2610,583,3082,3245,2531,2431,2423,915,1637,2137,1892,1786,714,1474,5145,2785,2635,2584,1023,1329,2748,2317,2191,904,2183,1059,594,599,478,334,223,880,662,607,346,488,1727,659,359,307,191,569,1444,755,755,153,1373,2618,1682,1318,1146,688,892,1792,1516,1488,689,1048,,,,,,,,,,,,,,,,,,,,,,,,,,,,,,,,,,,,,,,,,,,,,,,,,,,,,,,,,,,,,,,,,,,,,,,,,,,
ACSSF,2010m1,al,000,0051,0000082,493,3063,3081,1071,5155,4863,1552,1087,1087,273,1520,1514,154,3056,3059,610,899,3192,1966,1621,1481,971,1326,1769,1682,1551,893,1386,5155,2806,2544,2379,744,1130,2928,1991,2026,598,1906,1087,554,545,545,273,127,876,865,859,105,264,1520,698,274,274,273,682,1360,701,695,199,1187,3056,1772,1584,1455,526,671,1857,1460,1321,686,1356,,,,,,,,,,,,,,,,,,,,,,,,,,,,,,,,,,,,,,,,,,,,,,,,,,,,,,,,,,,,,,,,,,,,,,,,,,,
ACSSF,2010m1,al,000,0051,0000083,1503,2086,2123,594,3823,3612,621,818,809,188,1009,957,206,2267,2204,264,1452,2003,1414,1246,1102,626,1008,1153,821,936,467,876,3823,1996,1863,1826,412,805,2040,1597,1565,303,1418,818,462,404,385,86,253,641,356,367,18,470,1009,445,336,336,273,322,859,435,406,146,770,2267,1325,1129,1077,272,655,1376,1120,978,493,742,,,,,,,,,,,,,,,,,,,,,,,,,,,,,,,,,,,,,,,,,,,,,,,,,,,,,,,,,,,,,,,,,,,,,,,,,,,
ACSSF,2010m1,al,000,0051,0000084,521,1776,1712,264,3149,3139,621,789,779,65,959,987,106,1777,1840,394,622,1836,1173,997,918,478,849,1062,979,1006,299,814,3149,1644,1559,1557,224,912,1768,1467,1382,426,1179,789,511,450,450,273,291,575,527,511,111,247,959,529,254,256,22,385,797,357,346,63,719,1777,997,938,895,235,637,1182,937,862,275,564,,,,,,,,,,,,,,,,,,,,,,,,,,,,,,,,,,,,,,,,,,,,,,,,,,,,,,,,,,,,,,,,,,,,,,,,,,,
ACSSF,2010m1,al,000,0051,0000085,3211,2196,2168,834,2821,2974,1826,797,705,526,1008,1008,273,1364,1203,439,3114,2180,1593,1325,1314,169,776,1360,1118,1043,340,1213,2821,1511,1427,1506,507,716,1539,1391,1350,660,1156,797,526,526,526,273,273,683,673,537,430,102,1008,407,273,273,273,407,874,285,285,273,816,1364,752,711,694,186,237,904,715,707,124,477,,,,,,,,,,,,,,,,,,,,,,,,,,,,,,,,,,,,,,,,,,,,,,,,,,,,,,,,,,,,,,,,,,,,,,,,,,,
ACSSF,2010m1,al,000,0051,0000086,493,3063,3081,1071,5155,4863,1552,1087,1087,273,1520,1514,154,3056,3059,610,899,3192,1966,1621,1481,971,1326,1769,1682,1551,893,1386,5155,2806,2544,2379,744,1130,2928,1991,2026,598,1906,1087,554,545,545,273,127,876,865,859,105,264,1520,698,274,274,273,682,1360,701,695,199,1187,3056,1772,1584,1455,526,671,1857,1460,1321,686,1356,,,,,,,,,,,,,,,,,,,,,,,,,,,,,,,,,,,,,,,,,,,,,,,,,,,,,,,,,,,,,,,,,,,,,,,,,,,
ACSSF,2010m1,al,000,0051,0000087,2513,4121,4045,1750,4362,4170,1194,1493,1406,341,1998,1990,196,3264,3265,404,2635,4214,3146,2893,2578,1381,2401,2615,2291,2080,1210,1984,4362,2252,1961,1867,800,1246,2262,1607,1661,637,1457,1493,1179,1057,969,366,717,794,773,627,482,332,1998,826,486,398,314,674,1592,850,845,106,1288,3264,2002,1452,1301,460,1190,2134,1723,1535,523,1455,,,,,,,,,,,,,,,,,,,,,,,,,,,,,,,,,,,,,,,,,,,,,,,,,,,,,,,,,,,,,,,,,,,,,,,,,,,
ACSSF,2010m1,al,000,0051,0000088,2763,1807,1677,796,3055,2975,316,851,821,255,966,972,180,1213,1213,273,2652,1767,1133,1076,746,829,938,1024,518,422,362,955,3055,1693,1201,1194,342,1084,1624,1301,1186,441,1055,851,654,456,453,41,410,606,536,513,148,391,966,448,288,215,204,374,863,575,561,139,556,1213,939,634,597,163,607,784,731,630,227,365,,,,,,,,,,,,,,,,,,,,,,,,,,,,,,,,,,,,,,,,,,,,,,,,,,,,,,,,,,,,,,,,,,,,,,,,,,,
ACSSF,2010m1,al,000,0051,0000089,861,955,957,154,1572,1584,339,465,463,65,452,455,51,793,771,200,872,989,761,687,600,298,566,603,523,542,249,488,1572,865,724,710,103,543,860,775,788,127,548,465,274,225,225,273,153,423,357,337,91,187,452,141,41,34,22,131,445,152,143,31,402,793,528,426,365,166,433,568,558,542,170,310,,,,,,,,,,,,,,,,,,,,,,,,,,,,,,,,,,,,,,,,,,,,,,,,,,,,,,,,,,,,,,,,,,,,,,,,,,,
ACSSF,2010m1,al,000,0051,0000090,1404,1554,1550,74,3141,3011,709,540,540,273,1107,1107,273,1524,1525,118,1383,1617,1123,875,803,282,1182,1044,1072,840,374,1092,3141,1611,1580,1578,144,785,1951,2161,2081,353,1152,540,420,349,337,80,317,323,347,345,33,151,1107,553,331,331,273,349,721,228,228,273,717,1524,806,576,533,219,573,1220,760,735,259,922,,,,,,,,,,,,,,,,,,,,,,,,,,,,,,,,,,,,,,,,,,,,,,,,,,,,,,,,,,,,,,,,,,,,,,,,,,,
ACSSF,2010m1,al,000,0051,0000091,3010,3223,2985,1683,3980,3737,1852,1154,1057,345,1090,1079,255,2321,2344,297,3009,3415,2328,2124,2094,1000,1310,2210,2063,1892,1178,1335,3990,2141,2109,1933,412,1102,2172,2097,2064,393,1512,1154,642,621,593,167,132,937,912,867,312,255,1090,528,324,324,273,516,976,611,593,90,935,2321,1493,1300,1144,421,668,1548,1322,1237,605,712,,,,,,,,,,,,,,,,,,,,,,,,,,,,,,,,,,,,,,,,,,,,,,,,,,,,,,,,,,,,,,,,,,,,,,,,,,,
ACSSF,2010m1,al,000,0051,0000092,5651,4736,4441,1348,5303,4990,1102,1041,932,377,1778,1773,196,3302,3266,380,5555,4776,2945,2499,2325,881,1614,3215,2775,2535,857,1463,5303,2634,2773,2631,829,1608,2846,2457,2423,587,1814,1041,671,656,656,273,117,790,613,613,273,585,1778,832,428,380,204,663,1422,704,527,429,1287,3302,1909,1559,1539,385,1175,2356,2001,1903,555,1106,,,,,,,,,,,,,,,,,,,,,,,,,,,,,,,,,,,,,,,,,,,,,,,,,,,,,,,,,,,,,,,,,,,,,,,,,,,
ACSSF,2010m1,al,000,0051,0000093,2971,2178,2263,616,3398,3277,1096,443,443,273,1126,1126,273,1752,1735,209,2805,2243,2171,1890,1616,1030,1347,1468,1418,1322,451,855,3398,1799,1748,1910,491,1072,1819,1567,1504,479,1443,443,279,250,250,273,101,349,324,324,273,126,1126,600,200,200,273,581,924,476,464,171,773,1752,1126,1002,944,240,735,1183,1084,987,570,353,,,,,,,,,,,,,,,,,,,,,,,,,,,,,,,,,,,,,,,,,,,,,,,,,,,,,,,,,,,,,,,,,,,,,,,,,,,
ACSSF,2010m1,al,000,0051,0000094,2368,3964,3848,1192,5840,5715,1396,1795,1795,273,1762,1755,328,3583,3469,553,2352,4150,2851,2889,2877,1372,2393,2408,2521,2285,1117,2012,5840,3226,3084,3101,1181,1635,3336,2823,2668,906,2217,1795,980,899,832,467,554,1329,1068,819,735,905,1762,925,610,570,219,683,1496,930,938,241,1338,3583,2368,1990,1766,934,1213,2492,1858,1888,782,1563,,,,,,,,,,,,,,,,,,,,,,,,,,,,,,,,,,,,,,,,,,,,,,,,,,,,,,,,,,,,,,,,,,,,,,,,,,,
ACSSF,2010m1,al,000,0051,0000095,893,3593,3168,1514,4714,4739,987,1424,1401,399,1493,1480,221,3084,3058,422,1393,3875,2093,1917,1731,1024,2342,2599,2203,2156,825,2113,4714,2581,2309,2306,687,1207,2514,2246,2141,582,1690,1424,807,665,595,336,653,1030,825,771,355,737,1493,551,241,241,273,522,1279,494,494,273,1122,3084,1687,1359,1348,263,1038,2401,1639,1692,390,1232,,,,,,,,,,,,,,,,,,,,,,,,,,,,,,,,,,,,,,,,,,,,,,,,,,,,,,,,,,,,,,,,,,,,,,,,,,,
ACSSF,2010m1,al,000,0051,0000096,2190,2233,2120,857,3922,3894,1154,813,692,409,1377,1371,93,2633,2594,471,2314,2273,1560,1472,1304,954,1231,1500,1376,1328,620,1206,3926,2291,2322,2256,570,994,2246,1866,1848,533,1598,813,466,466,466,273,273,657,584,325,478,285,1377,614,252,252,273,546,1159,770,682,360,849,2633,1487,1464,1451,208,556,1623,1310,1253,421,1020,,,,,,,,,,,,,,,,,,,,,,,,,,,,,,,,,,,,,,,,,,,,,,,,,,,,,,,,,,,,,,,,,,,,,,,,,,,
ACSSF,2010m1,al,000,0051,0000097,3727,3214,3249,781,2637,2496,730,593,593,273,1154,1157,149,1427,1392,137,3652,3100,2379,1950,1628,763,1901,1886,1770,1795,759,1907,2637,1350,1198,1187,283,919,1557,1262,1257,145,1095,593,457,320,299,115,323,349,172,114,94,308,1154,666,150,133,64,651,853,549,549,273,727,1427,899,820,761,302,311,1190,931,595,601,683,,,,,,,,,,,,,,,,,,,,,,,,,,,,,,,,,,,,,,,,,,,,,,,,,,,,,,,,,,,,,,,,,,,,,,,,,,,
ACSSF,2010m1,al,000,0051,0000098,3682,3786,3659,396,3275,3320,721,418,418,273,888,883,72,1636,1593,234,3650,3832,2481,2176,2003,976,1454,2149,1701,1561,641,1291,3275,1693,1580,1574,213,951,1922,1466,1496,341,1200,418,266,228,228,273,103,305,190,168,82,227,888,354,186,186,273,321,770,256,258,70,714,1636,1033,776,763,167,519,1233,849,843,58,842,,,,,,,,,,,,,,,,,,,,,,,,,,,,,,,,,,,,,,,,,,,,,,,,,,,,,,,,,,,,,,,,,,,,,,,,,,,
