ACSSF,2010m1,al,000,0015,0000001,0,6847,5127,3139,2754,300,6476,4432,1396,4238,,,,,,,,,,,,,,,,,,,,,,,,,,,,,,,,,,,,,,,,,,,,,,,,,,,,,,,,,,,,,,,,,,,,,,,,,,,,,,,,,,,,,,,,,,,,,,,,,,,,,,,,,,,,,,,,,,,,,,2754,2211,369,794,2297,1249,273,83,931,1961,389,277,1104,220,278,285,1916,1655,67,,,,,,,,,,,,,,,,8709,4753,3641,2803,1116,6506,0,4432,6847,5127,3139,2754,300,6476,4432,1396,4238,4174,3575,2375,2370,1296,1604,1119,273,,,,,,,,,,2754,2211,2305,1249,931,1961,1916,2049,,,,,
ACSSF,2010m1,al,000,0015,0000002,21720,20341,10430,2024,3047,306,5175,3612,961,3318,,,,,,,,,,,,,,,,,,,,,,,,,,,,,,,,,,,,,,,,,,,,,,,,,,,,,,,,,,,,,,,,,,,,,,,,,,,,,,,,,,,,,,,,,,,,,,,,,,,,,,,,,,,,,,,,,,,,,,,,,,,,,,,,,,,,,,,,,,,,,,,,,,,,,,,,20994,10272,2737,2969,1117,5280,21720,21796,20341,10430,2024,3047,306,5175,3612,961,3318,3506,2772,1835,1465,967,1233,1004,273,,,,,,,,,,3047,2098,1631,873,799,1500,1843,1630,,,,,
ACSSF,2010m1,al,000,0015,0000003,21720,18783,10382,2674,3248,165,4361,3847,968,3528,,,,,,,,,,,,,,,,,,,,,,,,,,,,,,,,,,,,,,,,,,,,,,,,,,,,,,,,,,,,,,,,,,,,,,,,,,,,,,,,,,,,,,,,,,,,,,,,,,,,,,,,,,,,,,,,,,,,,,,,,,,,,,,,,,,,,,,,,,,,,,,,,,,,,,,,18653,10229,3132,3588,272,4536,21720,22349,18783,10382,2674,3248,165,4361,3847,968,3528,3824,2110,2089,1513,893,1161,533,273,,,,,,,,,,3248,1575,1386,995,386,1485,1221,1488,,,,,
ACSSF,2010m1,al,000,0015,0000004,4487,7565,6729,3080,2163,238,6301,4345,1396,4134,,,,,,,,,,,,,,,,,,,,,,,,,,,,,,,,,,,,,,,,,,,,,,,,,,,,,,,,,,,,,,,,,,,,,,,,,,,,,,,,,,,,,,,,,,,,,,,,,,,,,,,,,,,,,,,,,,,,,,2163,2099,369,794,2297,1145,273,83,931,1787,389,277,1104,220,278,285,1798,1643,67,,,,,,,,,,,,,,,,9021,6501,3556,2258,1120,6322,4487,6007,7565,6729,3080,2163,238,6301,4345,1396,4134,4090,3409,2393,2371,1212,1595,1072,273,,,,,,,,,,2163,2099,2305,1145,931,1787,1798,2047,,,,,
ACSSF,2010m1,al,000,0015,0000005,3290,6028,5319,2871,1976,232,5662,3952,720,4012,,,,,,,,,,,,,,,,,,,,,,,,,,,,,,,,,,,,,,,,,,,,,,,,,,,,,,,,,,,,,,,,,,,,,,,,,,,,,,,,,,,,,,,,,,,,,,,,,,,,,,,,,,,,,,,,,,,,,,1976,2047,334,794,2124,1106,273,83,916,1736,397,277,1104,212,131,285,1799,1647,67,,,,,,,,,,,,,,,,7218,4909,3421,2221,735,5747,3290,5104,6028,5319,2871,1976,232,5662,3952,720,4012,3827,2999,2289,2212,1217,999,992,273,,,,,,,,,,1976,2047,2133,1106,916,1736,1799,2051,,,,,
ACSSF,2010m1,al,000,0015,0000006,6994,11679,10806,1542,2958,250,4117,2813,642,2739,,,,,,,,,,,,,,,,,,,,,,,,,,,,,,,,,,,,,,,,,,,,,,,,,,,,,,,,,,,,,,,,,,,,,,,,,,,,,,,,,,,,,,,,,,,,,,,,,,,,,,,,,,,,,,,,,,,,,,,,,,,,,,,,,,,,,,,,,,,,,,,,,,,,,,,,11647,10576,2089,2748,634,4261,6994,8045,11679,10806,1542,2958,250,4117,2813,642,2739,2754,2498,992,1131,757,858,858,273,,,,,,,,,,2958,1801,1769,1031,564,1748,1240,1671,,,,,
ACSSF,2010m1,al,000,0015,0000007,7880,11038,10171,2681,2648,156,3906,3561,394,3587,,,,,,,,,,,,,,,,,,,,,,,,,,,,,,,,,,,,,,,,,,,,,,,,,,,,,,,,,,,,,,,,,,,,,,,,,,,,,,,,,,,,,,,,,,,,,,,,,,,,,,,,,,,,,,,,,,,,,,,,,,,,,,,,,,,,,,,,,,,,,,,,,,,,,,,,10790,10046,3103,3472,443,3960,7880,9221,11038,10171,2681,2648,156,3906,3561,394,3587,3598,2064,2160,1849,937,505,555,273,,,,,,,,,,2648,1579,1120,869,686,1069,1916,1444,,,,,
ACSSF,2010m1,al,000,0015,0000008,2612,4778,3368,1089,750,43,3538,2360,1110,2054,,,,,,,,,,,,,,,,,,,,,,,,,,,,,,,,,,,,,,,,,,,,,,,,,,,,,,,,,,,,,,,,,,,,,,,,,,,,,,,,,,,,,,,,,,,,,,,,,,,,,,,,,,,,,,,,,,,,,,,,,,,,,,,,,,,,,,,,,,,,,,,,,,,,,,,,4920,3451,807,619,726,3759,2612,3475,4778,3368,1089,750,43,3538,2360,1110,2054,2277,1608,1155,553,251,1227,464,273,,,,,,,,,,750,281,867,260,94,413,119,620,,,,,
ACSSF,2010m1,al,000,0015,0000009,10158,9282,5744,433,500,273,1414,1114,449,991,,,,,,,,,,,,,,,,,,,,,,,,,,,,,,,,,,,,,,,,,,,,,,,,,,,,,,,,,,,,,,,,,,,,,,,,,,,,,,,,,,,,,,,,,,,,,,,,,,,,,,,,,,,,,,,,,,,,,,,,,,,,,,,,,,,,,,,,,,,,,,,,,,,,,,,,9381,5735,828,721,,1466,10158,10120,9282,5744,433,500,273,1414,1114,449,991,1069,575,624,247,142,754,357,273,,,,,,,,,,,,,,,,,,,,,,
ACSSF,2010m1,al,000,0015,0000010,10197,8686,5334,1154,688,43,3223,2284,997,2001,,,,,,,,,,,,,,,,,,,,,,,,,,,,,,,,,,,,,,,,,,,,,,,,,,,,,,,,,,,,,,,,,,,,,,,,,,,,,,,,,,,,,,,,,,,,,,,,,,,,,,,,,,,,,,,,,,,,,,,,,,,,,,,,,,,,,,,,,,,,,,,,,,,,,,,,9115,5523,801,627,,3383,10197,10120,8686,5334,1154,688,43,3223,2284,997,2001,2224,1558,1123,539,257,977,318,273,,,,,,,,,,,,,,,,,,,,,,
ACSSF,2010m1,al,000,0015,0000011,4487,3585,4836,774,1715,166,1535,1025,247,1037,,,,,,,,,,,,,,,,,,,,,,,,,,,,,,,,,,,,,,,,,,,,,,,,,,,,,,,,,,,,,,,,,,,,,,,,,,,,,,,,,,,,,,,,,,,,,,,,,,,,,,,,,,,,,,,,,,,,,,,,,,,,,,,,,,,,,,,,,,,,,,,,,,,,,,,,3567,4655,996,1712,,1558,4487,4686,3585,4836,774,1715,166,1535,1025,247,1037,1063,856,413,276,384,263,259,273,,,,,,,,,,,,,,,,,,,,,,
ACSSF,2010m1,al,000,0015,0000012,3290,4043,3985,1370,1888,175,3723,2489,1117,2191,,,,,,,,,,,,,,,,,,,,,,,,,,,,,,,,,,,,,,,,,,,,,,,,,,,,,,,,,,,,,,,,,,,,,,,,,,,,,,,,,,,,,,,,,,,,,,,,,,,,,,,,,,,,,,,,,,,,,,,,,,,,,,,,,,,,,,,,,,,,,,,,,,,,,,,,4155,3696,1395,1848,742,3893,3290,4167,4043,3985,1370,1888,175,3723,2489,1117,2191,2375,1758,1191,545,460,1229,508,273,,,,,,,,,,1888,1081,867,626,94,710,915,628,,,,,
ACSSF,2010m1,al,000,0015,0000013,0,1327,616,388,517,273,1342,882,166,892,,,,,,,,,,,,,,,,,,,,,,,,,,,,,,,,,,,,,,,,,,,,,,,,,,,,,,,,,,,,,,,,,,,,,,,,,,,,,,,,,,,,,,,,,,,,,,,,,,,,,,,,,,,,,,,,,,,,,,,,,,,,,,,,,,,,,,,,,,,,,,,,,,,,,,,,1595,273,215,273,,1327,0,882,1327,616,388,517,273,1342,882,166,892,883,571,388,517,149,166,68,273,,,,,,,,,,,,,,,,,,,,,,
ACSSF,2010m1,al,000,0015,0000014,0,577,427,365,366,72,700,670,273,670,,,,,,,,,,,,,,,,,,,,,,,,,,,,,,,,,,,,,,,,,,,,,,,,,,,,,,,,,,,,,,,,,,,,,,,,,,,,,,,,,,,,,,,,,,,,,,,,,,,,,,,,,,,,,,,,,,,,,,,,,,,,,,,,,,,,,,,,,,,,,,,,,,,,,,,,879,300,74,35,,704,,,,,,,,,,,,,,,,,,,,,,,,,,,,,,,,,,,,,,,,,
ACSSF,2010m1,al,000,0015,0000015,0,862,509,311,150,273,709,539,161,508,,,,,,,,,,,,,,,,,,,,,,,,,,,,,,,,,,,,,,,,,,,,,,,,,,,,,,,,,,,,,,,,,,,,,,,,,,,,,,,,,,,,,,,,,,,,,,,,,,,,,,,,,,,,,,,,,,,,,,,,,,,,,,,,,,,,,,,,,,,,,,,,,,,,,,,,822,388,273,,,819,,,,,,,,,,,,,,,,,,,,,,,,,,,,,,,,,,,,,,,,,
ACSSF,2010m1,al,000,0015,0000016,0,2722,444,662,273,43,2506,1135,43,1129,,,,,,,,,,,,,,,,,,,,,,,,,,,,,,,,,,,,,,,,,,,,,,,,,,,,,,,,,,,,,,,,,,,,,,,,,,,,,,,,,,,,,,,,,,,,,,,,,,,,,,,,,,,,,,,,,,,,,,,,,,,,,,,,,,,,,,,,,,,,,,,,,,,,,,,,2497,1099,81,,,,,,,,,,,,,,,,,,,,,,,,,,,,,,,,,,,,,,,,,,,,
ACSSF,2010m1,al,000,0015,0000017,0,914,941,221,512,273,865,587,119,619,,,,,,,,,,,,,,,,,,,,,,,,,,,,,,,,,,,,,,,,,,,,,,,,,,,,,,,,,,,,,,,,,,,,,,,,,,,,,,,,,,,,,,,,,,,,,,,,,,,,,,,,,,,,,,,,,,,,,,,,,,,,,,,,,,,,,,,,,,,,,,,,,,,,,,,,1126,568,372,776,,872,0,587,914,941,221,512,273,865,587,119,619,587,530,323,82,98,299,273,273,,,,,,,,,,,,,,,,,,,,,,
ACSSF,2010m1,al,000,0015,0000018,0,183,428,238,343,273,135,341,117,358,,,,,,,,,,,,,,,,,,,,,,,,,,,,,,,,,,,,,,,,,,,,,,,,,,,,,,,,,,,,,,,,,,,,,,,,,,,,,,,,,,,,,,,,,,,,,,,,,,,,,,,,,,,,,,,,,,,,,,,,,,,,,,,,,,,,,,,,,,,,,,,,,,,,,,,,472,395,215,369,,,,,,,,,,,,,,,,,,,,,,,,,,,,,,,,,,,,,,,,,,,
ACSSF,2010m1,al,000,0015,0000019,0,577,740,242,146,273,607,726,273,726,,,,,,,,,,,,,,,,,,,,,,,,,,,,,,,,,,,,,,,,,,,,,,,,,,,,,,,,,,,,,,,,,,,,,,,,,,,,,,,,,,,,,,,,,,,,,,,,,,,,,,,,,,,,,,,,,,,,,,,,,,,,,,,,,,,,,,,,,,,,,,,,,,,,,,,,846,110,27,81,,607,0,726,577,740,242,146,273,607,726,273,726,726,727,242,112,27,50,273,273,,,,,,,,,,,,,,,,,,,,,,
ACSSF,2010m1,al,000,0015,0000020,0,3573,737,573,961,273,3750,1393,319,1361,,,,,,,,,,,,,,,,,,,,,,,,,,,,,,,,,,,,,,,,,,,,,,,,,,,,,,,,,,,,,,,,,,,,,,,,,,,,,,,,,,,,,,,,,,,,,,,,,,,,,,,,,,,,,,,,,,,,,,,,,,,,,,,,,,,,,,,,,,,,,,,,,,,,,,,,3749,351,717,594,,3722,0,1393,3573,737,573,961,273,3750,1393,319,1361,1386,575,893,721,152,350,93,273,,,,,,,,,,961,1367,1261,165,251,182,635,1468,,,,,
ACSSF,2010m1,al,000,0015,0000021,0,666,704,833,113,273,227,511,20,510,,,,,,,,,,,,,,,,,,,,,,,,,,,,,,,,,,,,,,,,,,,,,,,,,,,,,,,,,,,,,,,,,,,,,,,,,,,,,,,,,,,,,,,,,,,,,,,,,,,,,,,,,,,,,,,,,,,,,,,,,,,,,,,,,,,,,,,,,,,,,,,,,,,,,,,,883,673,875,75,,,,,,,,,,,,,,,,,,,,,,,,,,,,,,,,,,,,,,,,,,,
ACSSF,2010m1,al,000,0015,0000022,0,503,488,222,362,132,490,624,56,608,,,,,,,,,,,,,,,,,,,,,,,,,,,,,,,,,,,,,,,,,,,,,,,,,,,,,,,,,,,,,,,,,,,,,,,,,,,,,,,,,,,,,,,,,,,,,,,,,,,,,,,,,,,,,,,,,,,,,,,,,,,,,,,,,,,,,,,,,,,,,,,,,,,,,,,,794,446,450,273,212,485,0,624,503,488,222,362,132,490,624,56,608,584,147,393,297,132,126,131,273,,,,,,,,,,362,269,493,215,211,661,30,515,,,,,
ACSSF,2010m1,al,000,0015,0000023,0,1166,155,302,167,273,1168,390,104,373,,,,,,,,,,,,,,,,,,,,,,,,,,,,,,,,,,,,,,,,,,,,,,,,,,,,,,,,,,,,,,,,,,,,,,,,,,,,,,,,,,,,,,,,,,,,,,,,,,,,,,,,,,,,,,,,,,,,,,,,,,,,,,,,,,,,,,,,,,,,,,,,,,,,,,,,1210,83,107,155,,1170,0,390,1166,155,302,167,273,1168,390,104,373,378,83,302,158,273,186,33,273,,,,,,,,,,,,,,,,,,,,,,
ACSSF,2010m1,al,000,0015,0000024,0,1182,1973,529,763,146,1098,1880,306,1860,,,,,,,,,,,,,,,,,,,,,,,,,,,,,,,,,,,,,,,,,,,,,,,,,,,,,,,,,,,,,,,,,,,,,,,,,,,,,,,,,,,,,,,,,,,,,,,,,,,,,,,,,,,,,,,,,,,,,,,,,,,,,,,,,,,,,,,,,,,,,,,,,,,,,,,,2217,527,876,120,273,1114,0,1880,1182,1973,529,763,146,1098,1880,306,1860,1739,1791,508,698,132,409,777,273,,,,,,,,,,763,835,914,589,229,1121,759,716,,,,,
ACSSF,2010m1,al,000,0015,0000025,0,1740,505,482,53,273,1612,1000,703,675,,,,,,,,,,,,,,,,,,,,,,,,,,,,,,,,,,,,,,,,,,,,,,,,,,,,,,,,,,,,,,,,,,,,,,,,,,,,,,,,,,,,,,,,,,,,,,,,,,,,,,,,,,,,,,,,,,,,,,,,,,,,,,,,,,,,,,,,,,,,,,,,,,,,,,,,1759,273,148,273,,1735,,,,,,,,,,,,,,,,,,,,,,,,,,,,,,,,,,,,,,,,,
ACSSF,2010m1,al,000,0015,0000026,0,1602,948,1383,561,91,1123,1380,252,1338,,,,,,,,,,,,,,,,,,,,,,,,,,,,,,,,,,,,,,,,,,,,,,,,,,,,,,,,,,,,,,,,,,,,,,,,,,,,,,,,,,,,,,,,,,,,,,,,,,,,,,,,,,,,,,,,,,,,,,,,,,,,,,,,,,,,,,,,,,,,,,,,,,,,,,,,2068,355,1198,93,,1289,0,1380,1602,948,1383,561,91,1123,1380,252,1338,1368,867,699,561,440,281,93,273,,,,,,,,,,,,,,,,,,,,,,
ACSSF,2010m1,al,000,0015,0000027,0,1838,1771,425,326,150,1679,1683,278,1674,,,,,,,,,,,,,,,,,,,,,,,,,,,,,,,,,,,,,,,,,,,,,,,,,,,,,,,,,,,,,,,,,,,,,,,,,,,,,,,,,,,,,,,,,,,,,,,,,,,,,,,,,,,,,,,,,,,,,,,,,,,,,,,,,,,,,,,,,,,,,,,,,,,,,,,,2506,986,619,218,,1712,0,1683,1838,1771,425,326,150,1679,1683,278,1674,1645,1296,425,326,555,551,258,273,,,,,,,,,,326,561,677,234,437,1046,273,970,,,,,
ACSSF,2010m1,al,000,0015,0000028,0,1426,787,1104,95,273,870,861,250,831,,,,,,,,,,,,,,,,,,,,,,,,,,,,,,,,,,,,,,,,,,,,,,,,,,,,,,,,,,,,,,,,,,,,,,,,,,,,,,,,,,,,,,,,,,,,,,,,,,,,,,,,,,,,,,,,,,,,,,,,,,,,,,,,,,,,,,,,,,,,,,,,,,,,,,,,1524,229,1009,212,,1002,,,,,,,,,,,,,,,,,,,,,,,,,,,,,,,,,,,,,,,,,
ACSSF,2010m1,al,000,0015,0000029,,,,,,,,,,,,,,,,,,,,,,,,,,,,,,,,,,,,,,,,,,,,,,,,,,,,,,,,,,,,,,,,,,,,,,,,,,,,,,,,,,,,,,,,,,,,,,,,,,,,,,,,,,,,,,,,,,,,,,,,,,,,,,,,,,,,,,,,,,,,,,,,,,,,,,,,,,,,,,,,,,827,731,381,266,,,,,,,,,,,,,,,,,,,,,,,,,,,,,,,,,,,,,,,,,,,
ACSSF,2010m1,al,000,0015,0000030,0,1830,728,304,630,273,1829,1060,272,996,,,,,,,,,,,,,,,,,,,,,,,,,,,,,,,,,,,,,,,,,,,,,,,,,,,,,,,,,,,,,,,,,,,,,,,,,,,,,,,,,,,,,,,,,,,,,,,,,,,,,,,,,,,,,,,,,,,,,,,,,,,,,,,,,,,,,,,,,,,,,,,,,,,,,,,,2189,273,93,142,,1877,0,1060,1830,728,304,630,273,1829,1060,272,996,1029,678,296,613,273,272,290,273,,,,,,,,,,,,,,,,,,,,,,
ACSSF,2010m1,al,000,0015,0000031,,,,,,,,,,,,,,,,,,,,,,,,,,,,,,,,,,,,,,,,,,,,,,,,,,,,,,,,,,,,,,,,,,,,,,,,,,,,,,,,,,,,,,,,,,,,,,,,,,,,,,,,,,,,,,,,,,,,,,,,,,,,,,,,,,,,,,,,,,,,,,,,,,,,,,,,,,,,,,,,,,677,578,230,,,219,,,,,,,,,,,,,,,,,,,,,,,,,,,,,,,,,,,,,,,,,
ACSSF,2010m1,al,000,0015,0000032,0,1138,705,76,701,273,1123,734,182,749,,,,,,,,,,,,,,,,,,,,,,,,,,,,,,,,,,,,,,,,,,,,,,,,,,,,,,,,,,,,,,,,,,,,,,,,,,,,,,,,,,,,,,,,,,,,,,,,,,,,,,,,,,,,,,,,,,,,,,,,,,,,,,,,,,,,,,,,,,,,,,,,,,,,,,,,1318,479,304,234,,1135,0,734,1138,705,76,701,273,1123,734,182,749,749,383,267,701,273,259,187,273,,,,,,,,,,,,,,,,,,,,,,
ACSSF,2010m1,al,000,0015,0000033,,,,,,,,,,,,,,,,,,,,,,,,,,,,,,,,,,,,,,,,,,,,,,,,,,,,,,,,,,,,,,,,,,,,,,,,,,,,,,,,,,,,,,,,,,,,,,,,,,,,,,,,,,,,,,,,,,,,,,,,,,,,,,,,,,,,,,,,,,,,,,,,,,,,,,,,,,,,,,,,,,995,1627,1654,,,,,,,,,,,,,,,,,,,,,,,,,,,,,,,,,,,,,,,,,,,,
ACSSF,2010m1,al,000,0015,0000034,604,4245,4686,447,858,273,2041,523,202,480,,,,,,,,,,,,,,,,,,,,,,,,,,,,,,,,,,,,,,,,,,,,,,,,,,,,,,,,,,,,,,,,,,,,,,,,,,,,,,,,,,,,,,,,,,,,,,,,,,,,,,,,,,,,,,,,,,,,,,,,,,,,,,,,,,,,,,,,,,,,,,,,,,,,,,,,4243,4697,471,963,,1982,,,,,,,,,,,,,,,,,,,,,,,,,,,,,,,,,,,,,,,,,
ACSSF,2010m1,al,000,0015,0000035,787,1498,1162,143,186,273,605,502,273,502,,,,,,,,,,,,,,,,,,,,,,,,,,,,,,,,,,,,,,,,,,,,,,,,,,,,,,,,,,,,,,,,,,,,,,,,,,,,,,,,,,,,,,,,,,,,,,,,,,,,,,,,,,,,,,,,,,,,,,,,,,,,,,,,,,,,,,,,,,,,,,,,,,,,,,,,1485,1152,199,118,,605,,,,,,,,,,,,,,,,,,,,,,,,,,,,,,,,,,,,,,,,,
ACSSF,2010m1,al,000,0015,0000036,2905,4675,3132,346,1889,273,3100,213,172,142,,,,,,,,,,,,,,,,,,,,,,,,,,,,,,,,,,,,,,,,,,,,,,,,,,,,,,,,,,,,,,,,,,,,,,,,,,,,,,,,,,,,,,,,,,,,,,,,,,,,,,,,,,,,,,,,,,,,,,,,,,,,,,,,,,,,,,,,,,,,,,,,,,,,,,,,4682,3155,,1889,,3090,,,,,,,,,,,,,,,,,,,,,,,,,,,,,,,,,,,,,,,,,
ACSSF,2010m1,al,000,0015,0000037,1122,3722,4061,301,1348,145,1090,1936,301,1892,,,,,,,,,,,,,,,,,,,,,,,,,,,,,,,,,,,,,,,,,,,,,,,,,,,,,,,,,,,,,,,,,,,,,,,,,,,,,,,,,,,,,,,,,,,,,,,,,,,,,,,,,,,,,,,,,,,,,,,,,,,,,,,,,,,,,,,,,,,,,,,,,,,,,,,,4068,3877,1088,1345,141,1099,1122,2192,3722,4061,301,1348,145,1090,1936,301,1892,1786,1853,448,573,87,405,765,273,,,,,,,,,,1348,792,711,597,229,1207,634,391,,,,,
ACSSF,2010m1,al,000,0015,0000038,35,4157,4003,500,1305,91,961,886,211,864,,,,,,,,,,,,,,,,,,,,,,,,,,,,,,,,,,,,,,,,,,,,,,,,,,,,,,,,,,,,,,,,,,,,,,,,,,,,,,,,,,,,,,,,,,,,,,,,,,,,,,,,,,,,,,,,,,,,,,,,,,,,,,,,,,,,,,,,,,,,,,,,,,,,,,,,4120,4004,739,1279,,1112,35,893,4157,4003,500,1305,91,961,886,211,864,873,422,540,381,368,244,93,273,,,,,,,,,,,,,,,,,,,,,,
ACSSF,2010m1,al,000,0015,0000039,4096,2745,3649,425,895,150,1679,1607,278,1597,,,,,,,,,,,,,,,,,,,,,,,,,,,,,,,,,,,,,,,,,,,,,,,,,,,,,,,,,,,,,,,,,,,,,,,,,,,,,,,,,,,,,,,,,,,,,,,,,,,,,,,,,,,,,,,,,,,,,,,,,,,,,,,,,,,,,,,,,,,,,,,,,,,,,,,,3089,3182,619,843,,1712,4096,4510,2745,3649,425,895,150,1679,1607,278,1597,1567,1223,425,326,555,551,258,273,,,,,,,,,,895,561,677,234,437,882,273,970,,,,,
ACSSF,2010m1,al,000,0015,0000040,32,3657,3618,273,665,273,758,638,182,654,,,,,,,,,,,,,,,,,,,,,,,,,,,,,,,,,,,,,,,,,,,,,,,,,,,,,,,,,,,,,,,,,,,,,,,,,,,,,,,,,,,,,,,,,,,,,,,,,,,,,,,,,,,,,,,,,,,,,,,,,,,,,,,,,,,,,,,,,,,,,,,,,,,,,,,,3768,3566,,679,,850,,,,,,,,,,,,,,,,,,,,,,,,,,,,,,,,,,,,,,,,,
ACSSF,2010m1,al,000,0015,0000041,604,4245,4686,447,858,273,2041,523,202,480,,,,,,,,,,,,,,,,,,,,,,,,,,,,,,,,,,,,,,,,,,,,,,,,,,,,,,,,,,,,,,,,,,,,,,,,,,,,,,,,,,,,,,,,,,,,,,,,,,,,,,,,,,,,,,,,,,,,,,,,,,,,,,,,,,,,,,,,,,,,,,,,,,,,,,,,4243,4697,471,963,,1982,,,,,,,,,,,,,,,,,,,,,,,,,,,,,,,,,,,,,,,,,
ACSSF,2010m1,al,000,0015,0000042,2905,4675,3132,346,1889,273,3100,213,172,142,,,,,,,,,,,,,,,,,,,,,,,,,,,,,,,,,,,,,,,,,,,,,,,,,,,,,,,,,,,,,,,,,,,,,,,,,,,,,,,,,,,,,,,,,,,,,,,,,,,,,,,,,,,,,,,,,,,,,,,,,,,,,,,,,,,,,,,,,,,,,,,,,,,,,,,,4682,3155,,1889,,3090,,,,,,,,,,,,,,,,,,,,,,,,,,,,,,,,,,,,,,,,,
ACSSF,2010m1,al,000,0015,0000043,30,1219,1162,143,186,273,605,502,273,502,,,,,,,,,,,,,,,,,,,,,,,,,,,,,,,,,,,,,,,,,,,,,,,,,,,,,,,,,,,,,,,,,,,,,,,,,,,,,,,,,,,,,,,,,,,,,,,,,,,,,,,,,,,,,,,,,,,,,,,,,,,,,,,,,,,,,,,,,,,,,,,,,,,,,,,,1197,1152,199,118,,605,,,,,,,,,,,,,,,,,,,,,,,,,,,,,,,,,,,,,,,,,
ACSSF,2010m1,al,000,0015,0000044,1122,3722,4061,301,1348,145,1090,1936,301,1892,,,,,,,,,,,,,,,,,,,,,,,,,,,,,,,,,,,,,,,,,,,,,,,,,,,,,,,,,,,,,,,,,,,,,,,,,,,,,,,,,,,,,,,,,,,,,,,,,,,,,,,,,,,,,,,,,,,,,,,,,,,,,,,,,,,,,,,,,,,,,,,,,,,,,,,,4068,3877,1088,1345,141,1099,1122,2192,3722,4061,301,1348,145,1090,1936,301,1892,1786,1853,448,573,87,405,765,273,,,,,,,,,,1348,792,711,597,229,1207,634,391,,,,,
ACSSF,2010m1,al,000,0015,0000045,35,4157,4003,500,1305,91,961,886,211,864,,,,,,,,,,,,,,,,,,,,,,,,,,,,,,,,,,,,,,,,,,,,,,,,,,,,,,,,,,,,,,,,,,,,,,,,,,,,,,,,,,,,,,,,,,,,,,,,,,,,,,,,,,,,,,,,,,,,,,,,,,,,,,,,,,,,,,,,,,,,,,,,,,,,,,,,4120,4004,739,1279,,1112,35,893,4157,4003,500,1305,91,961,886,211,864,873,422,540,381,368,244,93,273,,,,,,,,,,,,,,,,,,,,,,
ACSSF,2010m1,al,000,0015,0000046,4096,2745,3649,425,895,150,1679,1607,278,1597,,,,,,,,,,,,,,,,,,,,,,,,,,,,,,,,,,,,,,,,,,,,,,,,,,,,,,,,,,,,,,,,,,,,,,,,,,,,,,,,,,,,,,,,,,,,,,,,,,,,,,,,,,,,,,,,,,,,,,,,,,,,,,,,,,,,,,,,,,,,,,,,,,,,,,,,3089,3182,619,843,,1712,4096,4510,2745,3649,425,895,150,1679,1607,278,1597,1567,1223,425,326,555,551,258,273,,,,,,,,,,895,561,677,234,437,882,273,970,,,,,
ACSSF,2010m1,al,000,0015,0000047,32,3657,3618,273,665,273,758,638,182,654,,,,,,,,,,,,,,,,,,,,,,,,,,,,,,,,,,,,,,,,,,,,,,,,,,,,,,,,,,,,,,,,,,,,,,,,,,,,,,,,,,,,,,,,,,,,,,,,,,,,,,,,,,,,,,,,,,,,,,,,,,,,,,,,,,,,,,,,,,,,,,,,,,,,,,,,3768,3566,,679,,850,,,,,,,,,,,,,,,,,,,,,,,,,,,,,,,,,,,,,,,,,
ACSSF,2010m1,al,000,0015,0000048,4741,3357,3858,1361,1308,91,1978,1692,311,1668,,,,,,,,,,,,,,,,,,,,,,,,,,,,,,,,,,,,,,,,,,,,,,,,,,,,,,,,,,,,,,,,,,,,,,,,,,,,,,,,,,,,,,,,,,,,,,,,,,,,,,,,,,,,,,,,,,,,,,,,,,,,,,,,,,,,,,,,,,,,,,,,,,,,,,,,3717,3486,1261,984,,2057,4741,5311,3357,3858,1361,1308,91,1978,1692,311,1668,1676,1054,776,740,611,335,118,273,,,,,,,,,,1308,979,753,568,537,315,1729,902,,,,,
ACSSF,2010m1,al,000,0015,0000049,6747,4369,6255,918,1385,218,1974,2283,817,2135,,,,,,,,,,,,,,,,,,,,,,,,,,,,,,,,,,,,,,,,,,,,,,,,,,,,,,,,,,,,,,,,,,,,,,,,,,,,,,,,,,,,,,,,,,,,,,,,,,,,,,,,,,,,,,,,,,,,,,,,,,,,,,,,,,,,,,,,,,,,,,,,,,,,,,,,4823,5928,1182,1839,692,2072,6747,7031,4369,6255,918,1385,218,1974,2283,817,2135,2233,1946,871,629,312,1037,526,273,,,,,,,,,,1385,1112,546,505,449,651,371,280,,,,,
ACSSF,2010m1,al,000,0015,0000050,6551,4191,6475,567,1159,142,1951,1634,148,1628,,,,,,,,,,,,,,,,,,,,,,,,,,,,,,,,,,,,,,,,,,,,,,,,,,,,,,,,,,,,,,,,,,,,,,,,,,,,,,,,,,,,,,,,,,,,,,,,,,,,,,,,,,,,,,,,,,,,,,,,,,,,,,,,,,,,,,,,,,,,,,,,,,,,,,,,4667,6418,1451,1056,784,1929,6551,6764,4191,6475,567,1159,142,1951,1634,148,1628,1630,632,1182,491,611,586,461,273,,,,,,,,,,1159,493,817,312,276,1333,30,1166,,,,,
ACSSF,2010m1,al,000,0015,0000051,4280,5160,2640,1935,1260,43,3279,2087,765,1908,,,,,,,,,,,,,,,,,,,,,,,,,,,,,,,,,,,,,,,,,,,,,,,,,,,,,,,,,,,,,,,,,,,,,,,,,,,,,,,,,,,,,,,,,,,,,,,,,,,,,,,,,,,,,,,,,,,,,,,,,,,,,,,,,,,,,,,,,,,,,,,,,,,,,,,,5419,2945,1847,1246,,3477,4280,4592,5160,2640,1935,1260,43,3279,2087,765,1908,2099,1650,1130,205,224,765,140,273,,,,,,,,,,,,,,,,,,,,,,
ACSSF,2010m1,al,000,0015,0000052,4019,4295,2647,1692,848,146,2075,2474,411,2450,,,,,,,,,,,,,,,,,,,,,,,,,,,,,,,,,,,,,,,,,,,,,,,,,,,,,,,,,,,,,,,,,,,,,,,,,,,,,,,,,,,,,,,,,,,,,,,,,,,,,,,,,,,,,,,,,,,,,,,,,,,,,,,,,,,,,,,,,,,,,,,,,,,,,,,,4997,1619,1759,546,122,2129,4019,4538,4295,2647,1692,848,146,2075,2474,411,2450,2317,1907,1250,729,873,562,791,273,,,,,,,,,,848,905,968,600,273,1176,836,822,,,,,
ACSSF,2010m1,al,000,0015,0000053,8081,7084,5610,630,1822,273,3991,1863,416,1814,,,,,,,,,,,,,,,,,,,,,,,,,,,,,,,,,,,,,,,,,,,,,,,,,,,,,,,,,,,,,,,,,,,,,,,,,,,,,,,,,,,,,,,,,,,,,,,,,,,,,,,,,,,,,,,,,,,,,,,,,,,,,,,,,,,,,,,,,,,,,,,,,,,,,,,,7410,5518,1009,1939,,4049,8081,8130,7084,5610,630,1822,273,3991,1863,416,1814,1864,974,960,1507,273,453,354,273,,,,,,,,,,1822,1583,1227,792,251,252,825,1325,,,,,
ACSSF,2010m1,al,000,0015,0000054,9191,6889,6521,592,1172,273,2373,1066,213,996,,,,,,,,,,,,,,,,,,,,,,,,,,,,,,,,,,,,,,,,,,,,,,,,,,,,,,,,,,,,,,,,,,,,,,,,,,,,,,,,,,,,,,,,,,,,,,,,,,,,,,,,,,,,,,,,,,,,,,,,,,,,,,,,,,,,,,,,,,,,,,,,,,,,,,,,6928,6327,698,1274,,2347,9191,9340,6889,6521,592,1172,273,2373,1066,213,996,1045,682,337,414,152,300,123,273,,,,,,,,,,,,,,,,,,,,,,
ACSSF,2010m1,al,000,0015,0000055,0,688,835,855,113,273,313,541,20,540,,,,,,,,,,,,,,,,,,,,,,,,,,,,,,,,,,,,,,,,,,,,,,,,,,,,,,,,,,,,,,,,,,,,,,,,,,,,,,,,,,,,,,,,,,,,,,,,,,,,,,,,,,,,,,,,,,,,,,,,,,,,,,,,,,,,,,,,,,,,,,,,,,,,,,,,900,749,875,75,,352,,,,,,,,,,,,,,,,,,,,,,,,,,,,,,,,,,,,,,,,,
ACSSF,2010m1,al,000,0015,0000056,1375,3657,3923,293,1347,145,1090,2015,260,1980,,,,,,,,,,,,,,,,,,,,,,,,,,,,,,,,,,,,,,,,,,,,,,,,,,,,,,,,,,,,,,,,,,,,,,,,,,,,,,,,,,,,,,,,,,,,,,,,,,,,,,,,,,,,,,,,,,,,,,,,,,,,,,,,,,,,,,,,,,,,,,,,,,,,,,,,4044,3715,1034,1342,141,1111,1375,2388,3657,3923,293,1347,145,1090,2015,260,1980,1879,1853,410,573,87,369,765,273,,,,,,,,,,1347,792,711,600,229,1207,634,391,,,,,
ACSSF,2010m1,al,000,0015,0000057,1375,3734,3717,757,1149,128,1444,1118,231,1085,,,,,,,,,,,,,,,,,,,,,,,,,,,,,,,,,,,,,,,,,,,,,,,,,,,,,,,,,,,,,,,,,,,,,,,,,,,,,,,,,,,,,,,,,,,,,,,,,,,,,,,,,,,,,,,,,,,,,,,,,,,,,,,,,,,,,,,,,,,,,,,,,,,,,,,,3890,3709,514,1362,,1499,1375,1581,3734,3717,757,1149,128,1444,1118,231,1085,1108,561,628,573,99,321,96,273,,,,,,,,,,1149,409,808,152,273,493,481,682,,,,,
ACSSF,2010m1,al,000,0015,0000058,0,2633,472,676,30,43,2407,1167,43,1160,,,,,,,,,,,,,,,,,,,,,,,,,,,,,,,,,,,,,,,,,,,,,,,,,,,,,,,,,,,,,,,,,,,,,,,,,,,,,,,,,,,,,,,,,,,,,,,,,,,,,,,,,,,,,,,,,,,,,,,,,,,,,,,,,,,,,,,,,,,,,,,,,,,,,,,,2418,1097,81,,,2413,0,1167,2633,472,676,30,43,2407,1167,43,1160,1183,937,699,30,273,43,116,273,,,,,,,,,,,,,,,,,,,,,,
ACSSF,2010m1,al,000,0015,0000059,2583,3408,778,598,162,273,1769,1212,733,864,,,,,,,,,,,,,,,,,,,,,,,,,,,,,,,,,,,,,,,,,,,,,,,,,,,,,,,,,,,,,,,,,,,,,,,,,,,,,,,,,,,,,,,,,,,,,,,,,,,,,,,,,,,,,,,,,,,,,,,,,,,,,,,,,,,,,,,,,,,,,,,,,,,,,,,,3177,418,163,150,,1949,2583,3066,3408,778,598,162,273,1769,1212,733,864,1212,662,590,53,273,733,273,273,,,,,,,,,,,,,,,,,,,,,,
ACSSF,2010m1,al,000,0015,0000060,0,1491,1052,1394,243,273,990,1353,250,1350,,,,,,,,,,,,,,,,,,,,,,,,,,,,,,,,,,,,,,,,,,,,,,,,,,,,,,,,,,,,,,,,,,,,,,,,,,,,,,,,,,,,,,,,,,,,,,,,,,,,,,,,,,,,,,,,,,,,,,,,,,,,,,,,,,,,,,,,,,,,,,,,,,,,,,,,1804,397,1272,322,,1110,0,1353,1491,1052,1394,243,273,990,1353,250,1350,1351,823,873,119,858,322,104,273,,,,,,,,,,,,,,,,,,,,,,
ACSSF,2010m1,al,000,0015,0000061,,,,,,,,,,,,,,,,,,,,,,,,,,,,,,,,,,,,,,,,,,,,,,,,,,,,,,,,,,,,,,,,,,,,,,,,,,,,,,,,,,,,,,,,,,,,,,,,,,,,,,,,,,,,,,,,,,,,,,,,,,,,,,,,,,,,,,,,,,,,,,,,,,,,,,,,,,,,,,,,,,3413,2511,321,,,1082,,,,,,,,,,,,,,,,,,,,,,,,,,,,,,,,,,,,,,,,,
ACSSF,2010m1,al,000,0015,0000062,0,892,1236,1738,351,273,316,1229,157,1200,,,,,,,,,,,,,,,,,,,,,,,,,,,,,,,,,,,,,,,,,,,,,,,,,,,,,,,,,,,,,,,,,,,,,,,,,,,,,,,,,,,,,,,,,,,,,,,,,,,,,,,,,,,,,,,,,,,,,,,,,,,,,,,,,,,,,,,,,,,,,,,,,,,,,,,,1605,1626,1725,358,,362,,,,,,,,,,,,,,,,,,,,,,,,,,,,,,,,,,,,,,,,,
ACSSF,2010m1,al,000,0015,0000063,6265,3604,5390,423,804,273,1598,797,84,797,,,,,,,,,,,,,,,,,,,,,,,,,,,,,,,,,,,,,,,,,,,,,,,,,,,,,,,,,,,,,,,,,,,,,,,,,,,,,,,,,,,,,,,,,,,,,,,,,,,,,,,,,,,,,,,,,,,,,,,,,,,,,,,,,,,,,,,,,,,,,,,,,,,,,,,,3752,5411,890,841,,1561,,,,,,,,,,,,,,,,,,,,,,,,,,,,,,,,,,,,,,,,,
ACSSF,2010m1,al,000,0015,0000064,,,,,,,,,,,,,,,,,,,,,,,,,,,,,,,,,,,,,,,,,,,,,,,,,,,,,,,,,,,,,,,,,,,,,,,,,,,,,,,,,,,,,,,,,,,,,,,,,,,,,,,,,,,,,,,,,,,,,,,,,,,,,,,,,,,,,,,,,,,,,,,,,,,,,,,,,,,,,,,,,,2930,6713,,,,,,,,,,,,,,,,,,,,,,,,,,,,,,,,,,,,,,,,,,,,,
ACSSF,2010m1,al,000,0015,0000065,5390,6452,3335,352,1495,273,3265,924,202,910,,,,,,,,,,,,,,,,,,,,,,,,,,,,,,,,,,,,,,,,,,,,,,,,,,,,,,,,,,,,,,,,,,,,,,,,,,,,,,,,,,,,,,,,,,,,,,,,,,,,,,,,,,,,,,,,,,,,,,,,,,,,,,,,,,,,,,,,,,,,,,,,,,,,,,,,6328,3353,494,1421,,3245,,,,,,,,,,,,,,,,,,,,,,,,,,,,,,,,,,,,,,,,,
ACSSF,2010m1,al,000,0015,0000066,7926,6268,5241,278,474,273,1160,815,273,815,,,,,,,,,,,,,,,,,,,,,,,,,,,,,,,,,,,,,,,,,,,,,,,,,,,,,,,,,,,,,,,,,,,,,,,,,,,,,,,,,,,,,,,,,,,,,,,,,,,,,,,,,,,,,,,,,,,,,,,,,,,,,,,,,,,,,,,,,,,,,,,,,,,,,,,,6298,5254,528,646,,,,,,,,,,,,,,,,,,,,,,,,,,,,,,,,,,,,,,,,,,,
ACSSF,2010m1,al,000,0015,0000067,,,,,,,,,,,,,,,,,,,,,,,,,,,,,,,,,,,,,,,,,,,,,,,,,,,,,,,,,,,,,,,,,,,,,,,,,,,,,,,,,,,,,,,,,,,,,,,,,,,,,,,,,,,,,,,,,,,,,,,,,,,,,,,,,,,,,,,,,,,,,,,,,,,,,,,,,,,,,,,,,,4685,4861,386,590,,539,,,,,,,,,,,,,,,,,,,,,,,,,,,,,,,,,,,,,,,,,
ACSSF,2010m1,al,000,0015,0000068,0,183,428,238,343,273,135,341,117,358,,,,,,,,,,,,,,,,,,,,,,,,,,,,,,,,,,,,,,,,,,,,,,,,,,,,,,,,,,,,,,,,,,,,,,,,,,,,,,,,,,,,,,,,,,,,,,,,,,,,,,,,,,,,,,,,,,,,,,,,,,,,,,,,,,,,,,,,,,,,,,,,,,,,,,,,472,395,215,369,,,,,,,,,,,,,,,,,,,,,,,,,,,,,,,,,,,,,,,,,,,
ACSSF,2010m1,al,000,0015,0000069,1787,2491,1829,252,111,273,200,730,97,726,,,,,,,,,,,,,,,,,,,,,,,,,,,,,,,,,,,,,,,,,,,,,,,,,,,,,,,,,,,,,,,,,,,,,,,,,,,,,,,,,,,,,,,,,,,,,,,,,,,,,,,,,,,,,,,,,,,,,,,,,,,,,,,,,,,,,,,,,,,,,,,,,,,,,,,,2545,1833,431,,,225,,,,,,,,,,,,,,,,,,,,,,,,,,,,,,,,,,,,,,,,,
ACSSF,2010m1,al,000,0015,0000070,0,577,427,365,366,72,700,670,273,670,,,,,,,,,,,,,,,,,,,,,,,,,,,,,,,,,,,,,,,,,,,,,,,,,,,,,,,,,,,,,,,,,,,,,,,,,,,,,,,,,,,,,,,,,,,,,,,,,,,,,,,,,,,,,,,,,,,,,,,,,,,,,,,,,,,,,,,,,,,,,,,,,,,,,,,,879,300,74,35,,704,,,,,,,,,,,,,,,,,,,,,,,,,,,,,,,,,,,,,,,,,
ACSSF,2010m1,al,000,0015,0000071,0,1830,728,304,630,273,1829,1060,272,996,,,,,,,,,,,,,,,,,,,,,,,,,,,,,,,,,,,,,,,,,,,,,,,,,,,,,,,,,,,,,,,,,,,,,,,,,,,,,,,,,,,,,,,,,,,,,,,,,,,,,,,,,,,,,,,,,,,,,,,,,,,,,,,,,,,,,,,,,,,,,,,,,,,,,,,,2189,273,93,142,,1877,0,1060,1830,728,304,630,273,1829,1060,272,996,1029,678,296,613,273,272,290,273,,,,,,,,,,,,,,,,,,,,,,
ACSSF,2010m1,al,000,0015,0000072,0,1138,705,76,701,273,1123,734,182,749,,,,,,,,,,,,,,,,,,,,,,,,,,,,,,,,,,,,,,,,,,,,,,,,,,,,,,,,,,,,,,,,,,,,,,,,,,,,,,,,,,,,,,,,,,,,,,,,,,,,,,,,,,,,,,,,,,,,,,,,,,,,,,,,,,,,,,,,,,,,,,,,,,,,,,,,1318,479,304,234,,1135,0,734,1138,705,76,701,273,1123,734,182,749,749,383,267,701,273,259,187,273,,,,,,,,,,,,,,,,,,,,,,
ACSSF,2010m1,al,000,0015,0000073,,,,,,,,,,,,,,,,,,,,,,,,,,,,,,,,,,,,,,,,,,,,,,,,,,,,,,,,,,,,,,,,,,,,,,,,,,,,,,,,,,,,,,,,,,,,,,,,,,,,,,,,,,,,,,,,,,,,,,,,,,,,,,,,,,,,,,,,,,,,,,,,,,,,,,,,,,,,,,,,,,2329,2512,321,,,,,,,,,,,,,,,,,,,,,,,,,,,,,,,,,,,,,,,,,,,,
ACSSF,2010m1,al,000,0015,0000074,1787,3121,2446,203,482,273,1587,900,273,900,,,,,,,,,,,,,,,,,,,,,,,,,,,,,,,,,,,,,,,,,,,,,,,,,,,,,,,,,,,,,,,,,,,,,,,,,,,,,,,,,,,,,,,,,,,,,,,,,,,,,,,,,,,,,,,,,,,,,,,,,,,,,,,,,,,,,,,,,,,,,,,,,,,,,,,,3287,2503,277,1159,,1587,,,,,,,,,,,,,,,,,,,,,,,,,,,,,,,,,,,,,,,,,
ACSSF,2010m1,al,000,0015,0000075,0,503,488,222,362,132,490,624,56,608,,,,,,,,,,,,,,,,,,,,,,,,,,,,,,,,,,,,,,,,,,,,,,,,,,,,,,,,,,,,,,,,,,,,,,,,,,,,,,,,,,,,,,,,,,,,,,,,,,,,,,,,,,,,,,,,,,,,,,,,,,,,,,,,,,,,,,,,,,,,,,,,,,,,,,,,794,446,450,273,212,485,0,624,503,488,222,362,132,490,624,56,608,584,147,393,297,132,126,131,273,,,,,,,,,,362,269,493,215,211,661,30,515,,,,,
ACSSF,2010m1,al,000,0015,0000076,1946,2322,2655,180,1023,166,878,1769,659,1619,,,,,,,,,,,,,,,,,,,,,,,,,,,,,,,,,,,,,,,,,,,,,,,,,,,,,,,,,,,,,,,,,,,,,,,,,,,,,,,,,,,,,,,,,,,,,,,,,,,,,,,,,,,,,,,,,,,,,,,,,,,,,,,,,,,,,,,,,,,,,,,,,,,,,,,,2780,2362,1241,1067,,821,1946,2643,2322,2655,180,1023,166,878,1769,659,1619,1655,824,1039,195,111,786,366,273,,,,,,,,,,,,,,,,,,,,,,
ACSSF,2010m1,al,000,0015,0000077,4179,2748,3649,425,895,150,1679,1607,278,1597,,,,,,,,,,,,,,,,,,,,,,,,,,,,,,,,,,,,,,,,,,,,,,,,,,,,,,,,,,,,,,,,,,,,,,,,,,,,,,,,,,,,,,,,,,,,,,,,,,,,,,,,,,,,,,,,,,,,,,,,,,,,,,,,,,,,,,,,,,,,,,,,,,,,,,,,3099,3219,619,843,,1712,4179,4576,2748,3649,425,895,150,1679,1607,278,1597,1567,1223,425,326,555,551,258,273,,,,,,,,,,895,561,677,234,437,882,273,970,,,,,
ACSSF,2010m1,al,000,0015,0000078,4179,2732,3456,284,935,273,883,863,121,835,,,,,,,,,,,,,,,,,,,,,,,,,,,,,,,,,,,,,,,,,,,,,,,,,,,,,,,,,,,,,,,,,,,,,,,,,,,,,,,,,,,,,,,,,,,,,,,,,,,,,,,,,,,,,,,,,,,,,,,,,,,,,,,,,,,,,,,,,,,,,,,,,,,,,,,,2985,3257,372,1249,,890,4179,4300,2732,3456,284,935,273,883,863,121,835,863,666,380,557,98,301,273,273,,,,,,,,,,,,,,,,,,,,,,
ACSSF,2010m1,al,000,0015,0000079,0,540,1884,741,969,273,1079,463,53,458,,,,,,,,,,,,,,,,,,,,,,,,,,,,,,,,,,,,,,,,,,,,,,,,,,,,,,,,,,,,,,,,,,,,,,,,,,,,,,,,,,,,,,,,,,,,,,,,,,,,,,,,,,,,,,,,,,,,,,,,,,,,,,,,,,,,,,,,,,,,,,,,,,,,,,,,784,1855,845,969,,,,,,,,,,,,,,,,,,,,,,,,,,,,,,,,,,,,,,,,,,,
ACSSF,2010m1,al,000,0015,0000080,2572,4311,4571,500,1305,91,961,886,211,864,,,,,,,,,,,,,,,,,,,,,,,,,,,,,,,,,,,,,,,,,,,,,,,,,,,,,,,,,,,,,,,,,,,,,,,,,,,,,,,,,,,,,,,,,,,,,,,,,,,,,,,,,,,,,,,,,,,,,,,,,,,,,,,,,,,,,,,,,,,,,,,,,,,,,,,,4250,4549,739,1279,,1112,2572,2673,4311,4571,500,1305,91,961,886,211,864,873,422,540,381,368,244,93,273,,,,,,,,,,,,,,,,,,,,,,
ACSSF,2010m1,al,000,0015,0000081,2572,4464,4560,1402,1418,273,437,1082,170,1033,,,,,,,,,,,,,,,,,,,,,,,,,,,,,,,,,,,,,,,,,,,,,,,,,,,,,,,,,,,,,,,,,,,,,,,,,,,,,,,,,,,,,,,,,,,,,,,,,,,,,,,,,,,,,,,,,,,,,,,,,,,,,,,,,,,,,,,,,,,,,,,,,,,,,,,,4644,4562,1332,1276,,525,2572,2777,4464,4560,1402,1418,273,437,1082,170,1033,1082,734,486,427,244,170,273,273,,,,,,,,,,,,,,,,,,,,,,
ACSSF,2010m1,al,000,0015,0000082,0,1327,616,388,517,273,1342,882,166,892,,,,,,,,,,,,,,,,,,,,,,,,,,,,,,,,,,,,,,,,,,,,,,,,,,,,,,,,,,,,,,,,,,,,,,,,,,,,,,,,,,,,,,,,,,,,,,,,,,,,,,,,,,,,,,,,,,,,,,,,,,,,,,,,,,,,,,,,,,,,,,,,,,,,,,,,1595,273,215,273,,1327,0,882,1327,616,388,517,273,1342,882,166,892,883,571,388,517,149,166,68,273,,,,,,,,,,,,,,,,,,,,,,
ACSSF,2010m1,al,000,0015,0000083,1946,2037,1246,235,402,273,281,791,234,775,,,,,,,,,,,,,,,,,,,,,,,,,,,,,,,,,,,,,,,,,,,,,,,,,,,,,,,,,,,,,,,,,,,,,,,,,,,,,,,,,,,,,,,,,,,,,,,,,,,,,,,,,,,,,,,,,,,,,,,,,,,,,,,,,,,,,,,,,,,,,,,,,,,,,,,,2109,1125,554,213,,375,1946,2034,2037,1246,235,402,273,281,791,234,775,741,457,596,76,149,234,346,273,,,,,,,,,,,,,,,,,,,,,,
ACSSF,2010m1,al,000,0015,0000084,0,795,965,240,245,273,721,940,372,919,,,,,,,,,,,,,,,,,,,,,,,,,,,,,,,,,,,,,,,,,,,,,,,,,,,,,,,,,,,,,,,,,,,,,,,,,,,,,,,,,,,,,,,,,,,,,,,,,,,,,,,,,,,,,,,,,,,,,,,,,,,,,,,,,,,,,,,,,,,,,,,,,,,,,,,,1057,464,77,285,,884,0,940,795,965,240,245,273,721,940,372,919,936,907,240,152,27,316,71,273,,,,,,,,,,,,,,,,,,,,,,
ACSSF,2010m1,al,000,0015,0000085,3289,4940,3163,346,1973,273,3100,213,172,142,,,,,,,,,,,,,,,,,,,,,,,,,,,,,,,,,,,,,,,,,,,,,,,,,,,,,,,,,,,,,,,,,,,,,,,,,,,,,,,,,,,,,,,,,,,,,,,,,,,,,,,,,,,,,,,,,,,,,,,,,,,,,,,,,,,,,,,,,,,,,,,,,,,,,,,,4944,3185,,1973,,3090,,,,,,,,,,,,,,,,,,,,,,,,,,,,,,,,,,,,,,,,,
ACSSF,2010m1,al,000,0015,0000086,0,1327,616,388,517,273,1342,882,166,892,,,,,,,,,,,,,,,,,,,,,,,,,,,,,,,,,,,,,,,,,,,,,,,,,,,,,,,,,,,,,,,,,,,,,,,,,,,,,,,,,,,,,,,,,,,,,,,,,,,,,,,,,,,,,,,,,,,,,,,,,,,,,,,,,,,,,,,,,,,,,,,,,,,,,,,,1595,273,215,273,,1327,0,882,1327,616,388,517,273,1342,882,166,892,883,571,388,517,149,166,68,273,,,,,,,,,,,,,,,,,,,,,,
ACSSF,2010m1,al,000,0015,0000087,604,4245,4686,447,858,273,2041,523,202,480,,,,,,,,,,,,,,,,,,,,,,,,,,,,,,,,,,,,,,,,,,,,,,,,,,,,,,,,,,,,,,,,,,,,,,,,,,,,,,,,,,,,,,,,,,,,,,,,,,,,,,,,,,,,,,,,,,,,,,,,,,,,,,,,,,,,,,,,,,,,,,,,,,,,,,,,4243,4697,471,963,,1982,,,,,,,,,,,,,,,,,,,,,,,,,,,,,,,,,,,,,,,,,
ACSSF,2010m1,al,000,0015,0000088,,,,,,,,,,,,,,,,,,,,,,,,,,,,,,,,,,,,,,,,,,,,,,,,,,,,,,,,,,,,,,,,,,,,,,,,,,,,,,,,,,,,,,,,,,,,,,,,,,,,,,,,,,,,,,,,,,,,,,,,,,,,,,,,,,,,,,,,,,,,,,,,,,,,,,,,,,,,,,,,,,3785,424,273,,,,,,,,,,,,,,,,,,,,,,,,,,,,,,,,,,,,,,,,,,,,
ACSSF,2010m1,al,000,0015,0000089,787,1498,1162,143,186,273,605,502,273,502,,,,,,,,,,,,,,,,,,,,,,,,,,,,,,,,,,,,,,,,,,,,,,,,,,,,,,,,,,,,,,,,,,,,,,,,,,,,,,,,,,,,,,,,,,,,,,,,,,,,,,,,,,,,,,,,,,,,,,,,,,,,,,,,,,,,,,,,,,,,,,,,,,,,,,,,1485,1152,199,118,,605,,,,,,,,,,,,,,,,,,,,,,,,,,,,,,,,,,,,,,,,,
ACSSF,2010m1,al,000,0015,0000090,1736,1586,1064,184,512,273,776,536,119,561,,,,,,,,,,,,,,,,,,,,,,,,,,,,,,,,,,,,,,,,,,,,,,,,,,,,,,,,,,,,,,,,,,,,,,,,,,,,,,,,,,,,,,,,,,,,,,,,,,,,,,,,,,,,,,,,,,,,,,,,,,,,,,,,,,,,,,,,,,,,,,,,,,,,,,,,1706,798,337,776,,785,1736,1815,1586,1064,184,512,273,776,536,119,561,536,444,313,82,98,299,273,273,,,,,,,,,,,,,,,,,,,,,,
ACSSF,2010m1,al,000,0015,0000091,2729,4061,3847,293,1445,82,1090,1934,301,1892,,,,,,,,,,,,,,,,,,,,,,,,,,,,,,,,,,,,,,,,,,,,,,,,,,,,,,,,,,,,,,,,,,,,,,,,,,,,,,,,,,,,,,,,,,,,,,,,,,,,,,,,,,,,,,,,,,,,,,,,,,,,,,,,,,,,,,,,,,,,,,,,,,,,,,,,4543,3700,1068,1519,146,1099,2729,3003,4061,3847,293,1445,82,1090,1934,301,1892,1721,1563,448,573,87,405,765,273,,,,,,,,,,,,,,,,,,,,,,
ACSSF,2010m1,al,000,0015,0000092,6656,7391,5233,387,613,273,1624,709,273,709,,,,,,,,,,,,,,,,,,,,,,,,,,,,,,,,,,,,,,,,,,,,,,,,,,,,,,,,,,,,,,,,,,,,,,,,,,,,,,,,,,,,,,,,,,,,,,,,,,,,,,,,,,,,,,,,,,,,,,,,,,,,,,,,,,,,,,,,,,,,,,,,,,,,,,,,7373,5206,530,666,,1624,6656,6713,7391,5233,387,613,273,1624,709,273,709,709,373,526,312,273,273,273,273,,,,,,,,,,,,,,,,,,,,,,
ACSSF,2010m1,al,000,0015,0000093,2730,3838,3479,644,1211,128,742,1460,90,1460,,,,,,,,,,,,,,,,,,,,,,,,,,,,,,,,,,,,,,,,,,,,,,,,,,,,,,,,,,,,,,,,,,,,,,,,,,,,,,,,,,,,,,,,,,,,,,,,,,,,,,,,,,,,,,,,,,,,,,,,,,,,,,,,,,,,,,,,,,,,,,,,,,,,,,,,4247,3656,577,1333,128,763,2730,2264,3838,3479,644,1211,128,742,1460,90,1460,1458,1252,429,588,99,90,90,273,,,,,,,,,,,,,,,,,,,,,,
ACSSF,2010m1,al,000,0015,0000094,3366,3500,1356,1474,561,91,1116,1238,252,1196,,,,,,,,,,,,,,,,,,,,,,,,,,,,,,,,,,,,,,,,,,,,,,,,,,,,,,,,,,,,,,,,,,,,,,,,,,,,,,,,,,,,,,,,,,,,,,,,,,,,,,,,,,,,,,,,,,,,,,,,,,,,,,,,,,,,,,,,,,,,,,,,,,,,,,,,3765,1251,1290,93,,1282,3366,3551,3500,1356,1474,561,91,1116,1238,252,1196,1224,611,699,561,440,281,93,273,,,,,,,,,,,,,,,,,,,,,,
ACSSF,2010m1,al,000,0015,0000095,965,1965,1788,425,369,150,1680,1690,278,1680,,,,,,,,,,,,,,,,,,,,,,,,,,,,,,,,,,,,,,,,,,,,,,,,,,,,,,,,,,,,,,,,,,,,,,,,,,,,,,,,,,,,,,,,,,,,,,,,,,,,,,,,,,,,,,,,,,,,,,,,,,,,,,,,,,,,,,,,,,,,,,,,,,,,,,,,2566,1036,619,260,,1712,965,1986,1965,1788,425,369,150,1680,1690,278,1680,1653,1296,425,338,555,551,258,273,,,,,,,,,,369,547,677,234,437,1046,273,972,,,,,
ACSSF,2010m1,al,000,0015,0000096,2833,3298,1255,304,660,273,1829,1083,272,1014,,,,,,,,,,,,,,,,,,,,,,,,,,,,,,,,,,,,,,,,,,,,,,,,,,,,,,,,,,,,,,,,,,,,,,,,,,,,,,,,,,,,,,,,,,,,,,,,,,,,,,,,,,,,,,,,,,,,,,,,,,,,,,,,,,,,,,,,,,,,,,,,,,,,,,,,3666,1027,128,796,,1877,2833,2725,3298,1255,304,660,273,1829,1083,272,1014,1052,678,306,613,273,272,290,273,,,,,,,,,,,,,,,,,,,,,,
ACSSF,2010m1,al,000,0015,0000097,3722,3580,2985,273,665,273,680,654,273,654,,,,,,,,,,,,,,,,,,,,,,,,,,,,,,,,,,,,,,,,,,,,,,,,,,,,,,,,,,,,,,,,,,,,,,,,,,,,,,,,,,,,,,,,,,,,,,,,,,,,,,,,,,,,,,,,,,,,,,,,,,,,,,,,,,,,,,,,,,,,,,,,,,,,,,,,3709,2841,,679,,680,,,,,,,,,,,,,,,,,,,,,,,,,,,,,,,,,,,,,,,,,
ACSSF,2010m1,al,000,0015,0000098,3722,3644,2895,76,622,273,930,702,182,679,,,,,,,,,,,,,,,,,,,,,,,,,,,,,,,,,,,,,,,,,,,,,,,,,,,,,,,,,,,,,,,,,,,,,,,,,,,,,,,,,,,,,,,,,,,,,,,,,,,,,,,,,,,,,,,,,,,,,,,,,,,,,,,,,,,,,,,,,,,,,,,,,,,,,,,,3652,2955,349,698,,943,,,,,,,,,,,,,,,,,,,,,,,,,,,,,,,,,,,,,,,,,
