ACSSF,2010m1,al,000,0004,0000001,16226,4608,6783,9779,8794,6153,4218,4030,17986,4067,5553,10350,8624,6112,4069,3799,9035,1733,3171,6821,2951,1638,1566,1065,1907,432,365,990,711,283,572,191,2888,1372,1336,1495,1239,545,573,448,1796,480,767,1541,1039,474,641,174,4508,605,771,2476,2300,1676,990,975,0.3,0.3,0.9,2.0,4.6,3.2,1.8,13090,14923,6725,701,2753,1632,4269,8335,8739,3921,1661,1216,1167,1492,,,,,,,,1931,1912,1083,254,649,377,612,,,,,,,,,,,,,,,2370,1786,1075,273,344,241,321,12497,14374,6145,700,2654,1371,4265,3983,3552,4193,185,562,1001,536,16226,4608,6783,9779,8794,6153,6644,17986,4067,5553,10350,8624,6112,6268,9035,1733,3171,6821,2951,1638,1842,1907,432,365,990,711,283,543,3521,1500,1583,2286,1508,698,945,4508,605,771,2476,2300,1676,1412,13090,14923,6725,701,3124,4269,8335,8739,3921,1661,1773,1492,1952,1504,750,273,245,414,1931,1912,1083,254,714,612,,,,,,,3905,2494,2525,130,301,367,2370,1786,1075,273,439,321,12497,14374,6145,700,2801,4265,3983,3552,4193,185,1121,536
ACSSF,2010m1,al,000,0004,0000002,,,,,,,,,,,,,,,,,,,,,,,,,,,,,,,,,,,,,,,,,,,,,,,,,,,,,,,,,,,,,,,,,,,,,,,,,,,,,,,,,,,,,,,,,,,,,,,,,,,,,,,,,,,,,,,,,,,,,,,,,,,,,,,,,,,,,,,,,,,,,,,,,,,,,,,,,,,,,,,,,,,,,,,,,,,,,,,,,,,,,,,,,,,,,,,,,,,,,,,,,,,,,,,,,,,,,,,,,,,,,,
ACSSF,2010m1,al,000,0004,0000003,,,,,,,,,,,,,,,,,,,,,,,,,,,,,,,,,,,,,,,,,,,,,,,,,,,,,,,,,,,,,,,,,,,,,,,,,,,,,,,,,,,,,,,,,,,,,,,,,,,,,,,,,,,,,,,,,,,,,,,,,,,,,,,,,,,,,,,,,,,,,,,,,,,,,,,,,,,,,,,,,,,,,,,,,,,,,,,,,,,,,,,,,,,,,,,,,,,,,,,,,,,,,,,,,,,,,,,,,,,,,,
ACSSF,2010m1,al,000,0004,0000004,,,,,,,,,,,,,,,,,,,,,,,,,,,,,,,,,,,,,,,,,,,,,,,,,,,,,,,,,,,,,,,,,,,,,,,,,,,,,,,,,,,,,,,,,,,,,,,,,,,,,,,,,,,,,,,,,,,,,,,,,,,,,,,,,,,,,,,,,,,,,,,,,,,,,,,,,,,,,,,,,,,,,,,,,,,,,,,,,,,,,,,,,,,,,,,,,,,,,,,,,,,,,,,,,,,,,,,,,,,,,,
ACSSF,2010m1,al,000,0004,0000005,,,,,,,,,,,,,,,,,,,,,,,,,,,,,,,,,,,,,,,,,,,,,,,,,,,,,,,,,,,,,,,,,,,,,,,,,,,,,,,,,,,,,,,,,,,,,,,,,,,,,,,,,,,,,,,,,,,,,,,,,,,,,,,,,,,,,,,,,,,,,,,,,,,,,,,,,,,,,,,,,,,,,,,,,,,,,,,,,,,,,,,,,,,,,,,,,,,,,,,,,,,,,,,,,,,,,,,,,,,,,,
ACSSF,2010m1,al,000,0004,0000006,,,,,,,,,,,,,,,,,,,,,,,,,,,,,,,,,,,,,,,,,,,,,,,,,,,,,,,,,,,,,,,,,,,,,,,,,,,,,,,,,,,,,,,,,,,,,,,,,,,,,,,,,,,,,,,,,,,,,,,,,,,,,,,,,,,,,,,,,,,,,,,,,,,,,,,,,,,,,,,,,,,,,,,,,,,,,,,,,,,,,,,,,,,,,,,,,,,,,,,,,,,,,,,,,,,,,,,,,,,,,,
ACSSF,2010m1,al,000,0004,0000007,,,,,,,,,,,,,,,,,,,,,,,,,,,,,,,,,,,,,,,,,,,,,,,,,,,,,,,,,,,,,,,,,,,,,,,,,,,,,,,,,,,,,,,,,,,,,,,,,,,,,,,,,,,,,,,,,,,,,,,,,,,,,,,,,,,,,,,,,,,,,,,,,,,,,,,,,,,,,,,,,,,,,,,,,,,,,,,,,,,,,,,,,,,,,,,,,,,,,,,,,,,,,,,,,,,,,,,,,,,,,,
ACSSF,2010m1,al,000,0004,0000008,,,,,,,,,,,,,,,,,,,,,,,,,,,,,,,,,,,,,,,,,,,,,,,,,,,,,,,,,,,,,,,,,,,,,,,,,,,,,,,,,,,,,,,,,,,,,,,,,,,,,,,,,,,,,,,,,,,,,,,,,,,,,,,,,,,,,,,,,,,,,,,,,,,,,,,,,,,,,,,,,,,,,,,,,,,,,,,,,,,,,,,,,,,,,,,,,,,,,,,,,,,,,,,,,,,,,,,,,,,,,,
ACSSF,2010m1,al,000,0004,0000009,,,,,,,,,,,,,,,,,,,,,,,,,,,,,,,,,,,,,,,,,,,,,,,,,,,,,,,,,,,,,,,,,,,,,,,,,,,,,,,,,,,,,,,,,,,,,,,,,,,,,,,,,,,,,,,,,,,,,,,,,,,,,,,,,,,,,,,,,,,,,,,,,,,,,,,,,,,,,,,,,,,,,,,,,,,,,,,,,,,,,,,,,,,,,,,,,,,,,,,,,,,,,,,,,,,,,,,,,,,,,,
ACSSF,2010m1,al,000,0004,0000010,,,,,,,,,,,,,,,,,,,,,,,,,,,,,,,,,,,,,,,,,,,,,,,,,,,,,,,,,,,,,,,,,,,,,,,,,,,,,,,,,,,,,,,,,,,,,,,,,,,,,,,,,,,,,,,,,,,,,,,,,,,,,,,,,,,,,,,,,,,,,,,,,,,,,,,,,,,,,,,,,,,,,,,,,,,,,,,,,,,,,,,,,,,,,,,,,,,,,,,,,,,,,,,,,,,,,,,,,,,,,,
ACSSF,2010m1,al,000,0004,0000011,,,,,,,,,,,,,,,,,,,,,,,,,,,,,,,,,,,,,,,,,,,,,,,,,,,,,,,,,,,,,,,,,,,,,,,,,,,,,,,,,,,,,,,,,,,,,,,,,,,,,,,,,,,,,,,,,,,,,,,,,,,,,,,,,,,,,,,,,,,,,,,,,,,,,,,,,,,,,,,,,,,,,,,,,,,,,,,,,,,,,,,,,,,,,,,,,,,,,,,,,,,,,,,,,,,,,,,,,,,,,,
ACSSF,2010m1,al,000,0004,0000012,,,,,,,,,,,,,,,,,,,,,,,,,,,,,,,,,,,,,,,,,,,,,,,,,,,,,,,,,,,,,,,,,,,,,,,,,,,,,,,,,,,,,,,,,,,,,,,,,,,,,,,,,,,,,,,,,,,,,,,,,,,,,,,,,,,,,,,,,,,,,,,,,,,,,,,,,,,,,,,,,,,,,,,,,,,,,,,,,,,,,,,,,,,,,,,,,,,,,,,,,,,,,,,,,,,,,,,,,,,,,,
ACSSF,2010m1,al,000,0004,0000013,,,,,,,,,,,,,,,,,,,,,,,,,,,,,,,,,,,,,,,,,,,,,,,,,,,,,,,,,1.1,1.6,2.9,.,1.2,.,6.7,3368,3521,1835,273,762,281,942,,,,,,,,,,,,,,,,,,,,,,,,,,,,,,,,,,,,,,,,,,,3333,3436,1795,273,486,281,941,,,,,,,,,,,,,,,,,,,,,,,,,,,,,,,,,,,,,,,,,,,,,,,,,,3368,3521,1835,273,767,942,,,,,,,,,,,,,,,,,,,,,,,,,,,,,,,,,,,,,3333,3436,1795,273,536,941,,,,,,
ACSSF,2010m1,al,000,0004,0000014,,,,,,,,,,,,,,,,,,,,,,,,,,,,,,,,,,,,,,,,,,,,,,,,,,,,,,,,,2.1,2.2,11.5,70.6,30.3,17.0,31.5,3151,2960,975,273,526,395,148,,,,,,,,,,,,,,,,,,,,,,,,,,,,,,,,,,,,,,,,,,,3112,2970,965,273,526,377,148,,,,,,,,,,,,,,,,,,,,,,,,,,,,,,,,,,,,,,,,,,,,,,,,,,3151,2960,975,273,618,148,,,,,,,,,,,,,,,,,,,,,,,,,,,,,,,,,,,,,3112,2970,965,273,603,148,,,,,,
ACSSF,2010m1,al,000,0004,0000015,,,,,,,,,,,,,,,,,,,,,,,,,,,,,,,,,,,,,,,,,,,,,,,,,,,,,,,,,3.6,3.6,4.6,.,4.2,.,11.3,2750,2537,780,273,104,306,587,,,,,,,,,,,,,,,,,,,,,,,,,,,,,,,,,,,,,,,,,,,2624,2490,696,273,104,306,587,,,,,,,,,,,,,,,,,,,,,,,,,,,,,,,,,,,,,,,,,,,,,,,,,,2750,2537,780,273,321,587,,,,,,,,,,,,,,,,,,,,,,,,,,,,,,,,,,,,,2624,2490,696,273,321,587,,,,,,
ACSSF,2010m1,al,000,0004,0000016,,,,,,,,,,,,,,,,,,,,,,,,,,,,,,,,,,,,,,,,,,,,,,,,,,,,,,,,,3.2,2.4,10.1,.,31.6,18.8,10.0,2671,2393,1193,273,184,474,665,,,,,,,,,,,,,,,,,,,,,,,,,,,,,,,,,,,,,,,,,,,1960,1924,714,273,155,474,665,,,,,,,,,,,,,,,,,,,,,,,,,,,,,,,,,,,,,,,,,,,,,,,,,,2671,2393,1193,273,549,665,,,,,,,,,,,,,,,,,,,,,,,,,,,,,,,,,,,,,1960,1924,714,273,503,665,,,,,,
ACSSF,2010m1,al,000,0004,0000017,,,,,,,,,,,,,,,,,,,,,,,,,,,,,,,,,,,,,,,,,,,,,,,,,,,,,,,,,2.1,2.1,11.5,11.5,11.3,84.6,13.2,2117,1964,502,273,207,103,508,,,,,,,,,,,,,,,,,,,,,,,,,,,,,,,,,,,,,,,,,,,2117,1964,502,273,207,103,508,,,,,,,,,,,,,,,,,,,,,,,,,,,,,,,,,,,,,,,,,,,,,,,,,,2117,1964,502,273,230,508,,,,,,,,,,,,,,,,,,,,,,,,,,,,,,,,,,,,,2117,1964,502,273,230,508,,,,,,
ACSSF,2010m1,al,000,0004,0000018,,,,,,,,,,,,,,,,,,,,,,,,,,,,,,,,,,,,,,,,,,,,,,,,,,,,,,,,,1.2,1.2,16.0,.,4.5,4.6,6.4,2637,2695,1153,273,122,89,440,,,,,,,,,,,,,,,,,,,,,,,,,,,,,,,,,,,,,,,,,,,2439,2619,1035,273,122,89,440,,,,,,,,,,,,,,,,,,,,,,,,,,,,,,,,,,,,,,,,,,,,,,,,,,2637,2695,1153,273,152,440,,,,,,,,,,,,,,,,,,,,,,,,,,,,,,,,,,,,,2439,2619,1035,273,152,440,,,,,,
ACSSF,2010m1,al,000,0004,0000019,2246,459,746,1370,1061,803,571,418,2184,452,731,1351,1098,753,523,409,688,78,161,444,349,151,108,67,93,273,273,89,38,273,273,273,225,120,148,26,29,45,91,273,173,273,120,116,69,273,58,26,273,273,89,214,73,135,116,80,1.0,1.2,6.2,11.2,12.9,12.4,14.0,1812,1744,624,61,175,103,248,1039,1061,281,61,128,164,61,,,,,,,,,,,,,,,,,,,,,,,,,,,,,,,,,,,,1748,1670,624,46,175,103,248,,,,,,,,2246,459,746,1370,1061,803,717,2184,452,731,1351,1098,753,719,688,78,161,444,349,151,126,93,273,273,89,38,273,273,305,120,204,121,75,45,109,273,273,89,214,73,135,135,1812,1744,624,61,187,248,1039,1061,281,61,212,61,,,,,,,,,,,,,,,,,,,,,,,,,,,,,,,1748,1670,624,46,187,248,,,,,,
ACSSF,2010m1,al,000,0004,0000020,7544,1400,2312,4818,3933,3116,2074,1266,7780,1371,2097,4680,3726,3131,1965,1263,3832,607,1346,2339,1653,838,471,400,1135,343,88,602,586,143,242,79,969,448,432,676,234,213,91,273,843,132,309,544,273,325,277,273,1528,186,220,815,696,686,306,389,0.5,0.5,2.2,6.9,4.2,16.8,5.1,7112,6928,2145,143,831,707,1472,4203,4815,2432,1129,592,487,542,,,,,,,,,,,,,,,,,,,,,,,,,,,,,,,,,,,,6401,6404,2048,273,831,583,1478,,,,,,,,7544,1400,2312,4818,3933,3116,2555,7780,1371,2097,4680,3726,3131,2463,3832,607,1346,2339,1653,838,580,1135,343,88,602,586,143,253,1257,465,525,787,354,431,296,1528,186,220,815,696,686,511,7112,6928,2145,143,1024,1472,4203,4815,2432,1129,782,542,,,,,,,869,806,737,273,283,164,,,,,,,,,,,,,,,,,,,6401,6404,2048,273,933,1478,,,,,,
ACSSF,2010m1,al,000,0004,0000021,,,,,,,,,,,,,,,,,,,,,,,,,,,,,,,,,,,,,,,,,,,,,,,,,,,,,,,,,1.7,1.4,3.7,.,29.1,0.3,11.4,2328,2316,470,273,302,273,365,,,,,,,,,,,,,,,,,,,,,,,,,,,,,,,,,,,,,,,,,,,2335,2322,421,273,302,273,365,,,,,,,,,,,,,,,,,,,,,,,,,,,,,,,,,,,,,,,,,,,,,,,,,,2328,2316,470,273,302,365,,,,,,,,,,,,,,,,,,,,,,,,,,,,,,,,,,,,,2335,2322,421,273,302,365,,,,,,
ACSSF,2010m1,al,000,0004,0000022,2823,898,1424,2157,1341,713,684,523,2633,732,1403,1847,1214,656,542,395,1549,431,642,1347,457,235,210,336,379,123,355,24,273,273,273,273,708,223,448,395,202,139,273,64,554,242,276,328,221,273,37,273,669,273,154,379,124,135,515,116,1.3,2.3,4.8,1.5,9.0,5.1,11.7,2312,2203,1123,381,618,380,666,1749,1663,932,34,222,388,95,,,,,,,,,,,,,,,,,,,,,,,,,,,,,,,,,,,,2282,2167,985,356,618,380,665,,,,,,,,2823,898,1424,2157,1341,713,851,2633,732,1403,1847,1214,656,634,1549,431,642,1347,457,235,380,379,123,355,24,273,273,273,927,328,519,501,269,139,75,669,273,154,379,124,135,521,2312,2203,1123,381,726,666,1749,1663,932,34,447,95,,,,,,,,,,,,,,,,,,,,,,,,,,,,,,,2282,2167,985,356,726,665,,,,,,
ACSSF,2010m1,al,000,0004,0000023,,,,,,,,,,,,,,,,,,,,,,,,,,,,,,,,,,,,,,,,,,,,,,,,,,,,,,,,,2.5,2.5,3.5,.,10.1,24.5,8.6,1822,1798,696,104,199,245,428,,,,,,,,,,,,,,,,,,,,,,,,,,,,,,,,,,,,,,,,,,,1727,1806,585,104,199,245,428,,,,,,,,,,,,,,,,,,,,,,,,,,,,,,,,,,,,,,,,,,,,,,,,,,1822,1798,696,104,342,428,,,,,,,,,,,,,,,,,,,,,,,,,,,,,,,,,,,,,1727,1806,585,104,342,428,,,,,,
ACSSF,2010m1,al,000,0004,0000024,5777,1180,1710,3760,2587,1900,1735,1278,5962,1116,1685,3982,2542,1769,1555,1203,2596,502,772,1863,1106,351,463,418,586,273,273,533,114,61,273,273,1317,386,516,596,296,273,273,273,902,273,169,949,376,159,123,273,1480,168,565,1082,698,340,283,362,0.6,0.7,2.8,0.7,1.4,12.4,6.1,5414,5018,2469,78,939,923,1298,2627,2657,869,575,356,482,624,,,,,,,,,,,,,,,,,,,,,,,,,,,,,,,,,,,,5004,4776,1785,78,855,371,1282,1155,1229,1461,273,93,804,326,5777,1180,1710,3760,2587,1900,2108,5962,1116,1685,3982,2542,1769,1938,2596,502,772,1863,1106,351,637,586,273,273,533,114,61,273,1661,386,544,1337,501,159,123,1480,168,565,1082,698,340,483,5414,5018,2469,78,1326,1298,2627,2657,869,575,483,624,,,,,,,,,,,,,,,,,,,,,,,,,,,,,,,5004,4776,1785,78,909,1282,1155,1229,1461,273,821,326
ACSSF,2010m1,al,000,0004,0000025,,,,,,,,,,,,,,,,,,,,,,,,,,,,,,,,,,,,,,,,,,,,,,,,,,,,,,,,,1.2,1.6,4.7,.,19.6,17.8,17.6,3439,2809,1447,21,356,288,886,,,,,,,,,,,,,,,,,,,,,,,,,,,,,,,,,,,,,,,,,,,2897,2661,994,21,350,288,886,,,,,,,,,,,,,,,,,,,,,,,,,,,,,,,,,,,,,,,,,,,,,,,,,,3439,2809,1447,21,442,886,,,,,,,,,,,,,,,,,,,,,,,,,,,,,,,,,,,,,2897,2661,994,21,434,886,,,,,,
ACSSF,2010m1,al,000,0004,0000026,5887,1387,1520,4039,2554,1970,1493,1193,6214,972,1388,3866,2474,1957,1476,1095,2448,788,1003,1506,817,437,401,289,507,273,273,386,282,174,273,273,1089,212,571,930,178,273,86,140,484,221,111,212,297,177,273,273,1745,146,244,1191,680,360,225,414,0.6,1.0,3.5,15.2,6.2,23.8,7.9,4667,4925,1770,273,1099,405,1508,2780,2852,1682,450,194,226,654,,,,,,,,,,,,,,,,,,,,,,,,,,,,,,,,,,,,4662,4974,1453,273,1099,405,1505,,,,,,,,5887,1387,1520,4039,2554,1970,1775,6214,972,1388,3866,2474,1957,1779,2448,788,1003,1506,817,437,494,507,273,273,386,282,174,273,1194,300,620,938,372,177,164,1745,146,244,1191,680,360,513,4667,4925,1770,273,1187,1508,2780,2852,1682,450,258,654,,,,,,,,,,,,,,,,,,,,,,,,,,,,,,,4662,4974,1453,273,1187,1505,,,,,,
ACSSF,2010m1,al,000,0004,0000027,5227,803,1795,3610,2164,1388,1249,901,5093,673,1673,3306,2016,1390,1114,870,2603,313,1175,1871,1025,461,285,296,516,79,273,288,157,273,329,273,587,247,123,560,297,273,273,273,420,273,273,365,90,273,163,273,845,327,161,532,353,256,273,256,0.9,1.0,3.1,12.1,3.6,9.5,15.1,3009,3056,1562,238,253,203,545,3512,3297,1377,461,522,367,594,,,,,,,,,,,,,,,,,,,,,,,,,,,,,,,,,,,,2958,2955,1582,238,253,203,545,,,,,,,,5227,803,1795,3610,2164,1388,1508,5093,673,1673,3306,2016,1390,1395,2603,313,1175,1871,1025,461,436,516,79,273,288,157,273,329,701,247,123,663,310,273,163,845,327,161,532,353,256,256,3009,3056,1562,238,317,545,3512,3297,1377,461,616,594,,,,,,,,,,,,,,,,,,,,,,,,,,,,,,,2958,2955,1582,238,317,545,,,,,,
ACSSF,2010m1,al,000,0004,0000028,,,,,,,,,,,,,,,,,,,,,,,,,,,,,,,,,,,,,,,,,,,,,,,,,,,,,,,,,1.1,1.3,3.2,.,5.2,0.2,23.8,3177,3087,1061,273,375,249,480,,,,,,,,,,,,,,,,,,,,,,,,,,,,,,,,,,,,,,,,,,,3084,3023,1001,273,375,249,480,,,,,,,,,,,,,,,,,,,,,,,,,,,,,,,,,,,,,,,,,,,,,,,,,,3177,3087,1061,273,472,480,,,,,,,,,,,,,,,,,,,,,,,,,,,,,,,,,,,,,3084,3023,1001,273,472,480,,,,,,
ACSSF,2010m1,al,000,0004,0000029,,,,,,,,,,,,,,,,,,,,,,,,,,,,,,,,,,,,,,,,,,,,,,,,,,,,,,,,,1.8,2.0,13.6,.,10.2,57.3,3.7,1977,1958,553,273,256,236,358,,,,,,,,,,,,,,,,,,,,,,,,,,,,,,,,,,,,,,,,,,,2013,1994,553,273,256,236,358,,,,,,,,,,,,,,,,,,,,,,,,,,,,,,,,,,,,,,,,,,,,,,,,,,1977,1958,553,273,357,358,,,,,,,,,,,,,,,,,,,,,,,,,,,,,,,,,,,,,2013,1994,553,273,357,358,,,,,,
ACSSF,2010m1,al,000,0004,0000030,,,,,,,,,,,,,,,,,,,,,,,,,,,,,,,,,,,,,,,,,,,,,,,,,,,,,,,,,1.5,1.7,3.9,.,10.8,5.4,7.7,4172,3419,1405,273,340,168,1186,,,,,,,,,,,,,,,,,,,,,,,,,,,,,,,,,,,,,,,,,,,4084,3281,1252,273,340,168,1186,,,,,,,,4617,824,1542,2701,1865,1248,1478,3825,706,1459,2384,1726,1134,1248,1909,299,580,1297,447,316,383,273,273,273,273,273,273,273,400,352,131,99,205,115,113,1221,273,273,676,631,825,353,4172,3419,1405,273,348,1186,1901,1799,633,273,142,217,,,,,,,,,,,,,,,,,,,,,,,,,,,,,,,4084,3281,1252,273,348,1186,,,,,,
ACSSF,2010m1,al,000,0004,0000031,,,,,,,,,,,,,,,,,,,,,,,,,,,,,,,,,,,,,,,,,,,,,,,,,,,,,,,,,1.8,2.0,7.4,30.6,32.0,12.4,11.9,1833,1821,609,145,46,277,669,,,,,,,,,,,,,,,,,,,,,,,,,,,,,,,,,,,,,,,,,,,1811,1805,609,145,46,277,669,,,,,,,,,,,,,,,,,,,,,,,,,,,,,,,,,,,,,,,,,,,,,,,,,,1833,1821,609,145,284,669,,,,,,,,,,,,,,,,,,,,,,,,,,,,,,,,,,,,,1811,1805,609,145,284,669,,,,,,
ACSSF,2010m1,al,000,0004,0000032,,,,,,,,,,,,,,,,,,,,,,,,,,,,,,,,,,,,,,,,,,,,,,,,,,,,,,,,,1.3,1.2,8.3,16.8,4.3,3.7,9.5,4000,4096,1687,247,1185,345,730,1979,2135,802,251,313,273,544,,,,,,,,,,,,,,,,,,,,,,,,,,,,,,,,,,,,3968,4028,1489,247,1185,345,730,,,,,,,,4649,1517,2099,2602,1760,1243,1088,4631,1364,1945,2597,1630,1111,1042,1944,218,1253,918,778,455,172,399,184,67,186,221,273,147,1419,740,605,470,323,66,273,842,273,273,490,430,374,244,4000,4096,1687,247,1250,730,1979,2135,802,251,313,544,,,,,,,,,,,,,,,,,,,,,,,,,,,,,,,3968,4028,1489,247,1250,730,,,,,,
ACSSF,2010m1,al,000,0004,0000033,,,,,,,,,,,,,,,,,,,,,,,,,,,,,,,,,,,,,,,,,,,,,,,,,,,,,,,,,2.0,2.0,4.9,20.4,36.7,47.0,15.8,,,,,,,,,,,,,,,,,,,,,,,,,,,,,,,,,,,,,,,,,,,,,,,,,,,,,,,,,,,,,,,,,,,,,,,,,,,,,,,,,,,,,,,,,,,,,,,,,,,,,,,,,,1957,1815,684,147,408,128,,,,,,,,,,,,,,,,,,,,,,,,,,,,,,,,,,,,,1844,1696,684,147,408,128,,,,,,
ACSSF,2010m1,al,000,0004,0000034,7338,1008,2079,4213,3216,2094,1529,1121,6806,938,1705,4101,2972,1943,1378,1073,2982,432,1098,1689,1403,631,331,313,1110,239,88,594,581,143,242,79,699,105,384,572,218,168,91,273,666,132,295,385,266,246,208,273,749,119,151,365,355,593,150,273,0.8,0.8,4.4,10.9,21.3,15.3,14.8,5697,5282,1833,143,473,560,578,4069,4042,1858,1104,470,306,349,,,,,,,,,,,,,,,,,,,,,,,,,,,,,,,,,,,,5284,4965,1591,273,473,493,578,,,,,,,,7338,1008,2079,4213,3216,2094,2045,6806,938,1705,4101,2972,1943,1910,2982,432,1098,1689,1403,631,439,1110,239,88,594,581,143,253,994,174,482,703,337,295,235,749,119,151,365,355,593,150,5697,5282,1833,143,730,578,4069,4042,1858,1104,619,349,,,,,,,,,,,,,,,,,,,,,,,,,,,,,,,5284,4965,1591,273,675,578,,,,,,
ACSSF,2010m1,al,000,0004,0000035,,,,,,,,,,,,,,,,,,,,,,,,,,,,,,,,,,,,,,,,,,,,,,,,,,,,,,,,,1.4,1.5,5.2,11.2,2.4,17.7,6.3,1809,1657,561,61,146,94,172,992,1014,276,61,128,157,61,,,,,,,,,,,,,,,,,,,,,,,,,,,,,,,,,,,,1838,1681,561,46,146,94,172,,,,,,,,2190,424,734,1282,1031,811,690,2080,409,688,1272,1020,739,661,626,78,146,421,353,140,98,93,273,273,89,38,273,273,273,120,201,127,273,45,42,195,273,273,84,65,124,94,1809,1657,561,61,169,172,992,1014,276,61,204,61,,,,,,,,,,,,,,,,,,,,,,,,,,,,,,,1838,1681,561,46,169,172,,,,,,
ACSSF,2010m1,al,000,0004,0000036,,,,,,,,,,,,,,,,,,,,,,,,,,,,,,,,,,,,,,,,,,,,,,,,,,,,,,,,,1.9,1.9,10.2,.,7.9,.,3.6,3210,2846,1141,273,337,153,634,,,,,,,,,,,,,,,,,,,,,,,,,,,,,,,,,,,,,,,,,,,2775,2623,986,273,337,273,634,,,,,,,,3873,934,1069,2634,1566,960,931,3209,611,972,2282,1360,889,816,1460,235,490,1178,457,163,230,264,264,273,273,273,273,273,367,130,273,293,273,273,273,637,273,273,376,227,353,280,3210,2846,1141,273,367,634,,,,,,,,,,,,,,,,,,,,,,,,,,,,,,,,,,,,,2775,2623,986,273,337,634,,,,,,
ACSSF,2010m1,al,000,0004,0000037,5336,934,1745,3791,2605,1494,1376,1204,5131,973,1588,3651,2539,1347,1184,1169,2265,483,737,1758,693,289,334,341,575,273,273,533,83,61,273,273,576,273,69,515,296,273,273,273,881,273,169,936,376,273,123,273,1065,89,565,609,650,224,180,115,1.0,1.0,4.2,0.7,19.4,13.9,20.5,5063,4384,2095,273,339,906,899,2263,2303,842,575,327,480,596,,,,,,,,,,,,,,,,,,,,,,,,,,,,,,,,,,,,4642,4228,1303,273,339,329,861,,,,,,,,5336,934,1745,3791,2605,1494,1909,5131,973,1588,3651,2539,1347,1672,2265,483,737,1758,693,289,498,575,273,273,533,83,61,273,1243,273,185,1283,501,273,123,1065,89,565,609,650,224,213,5063,4384,2095,273,1005,899,2263,2303,842,575,477,596,,,,,,,,,,,,,,,,,,,,,,,,,,,,,,,4642,4228,1303,273,507,861,,,,,,
ACSSF,2010m1,al,000,0004,0000038,,,,,,,,,,,,,,,,,,,,,,,,,,,,,,,,,,,,,,,,,,,,,,,,,,,,,,,,,0.8,0.8,5.0,15.2,11.5,31.8,8.9,4413,4340,1248,273,493,348,547,2747,2421,1551,450,153,199,482,,,,,,,,,,,,,,,,,,,,,,,,,,,,,,,,,,,,4395,4310,1044,273,493,348,539,,,,,,,,5453,1197,1460,3814,2214,1620,1550,5288,733,1440,3501,2114,1534,1500,2003,769,680,1394,725,346,441,507,273,273,386,282,174,273,720,276,258,458,320,177,86,911,102,273,769,344,181,158,4413,4340,1248,273,623,547,2747,2421,1551,450,210,482,,,,,,,,,,,,,,,,,,,,,,,,,,,,,,,4395,4310,1044,273,623,539,,,,,,
ACSSF,2010m1,al,000,0004,0000039,5178,794,1838,3424,2094,1394,1246,878,4978,652,1663,3245,1895,1373,1112,849,2487,313,1064,1673,1029,464,285,296,516,79,273,288,157,273,329,273,587,247,123,560,297,273,273,273,421,273,273,357,90,273,163,273,776,327,161,509,183,223,273,256,0.8,0.9,3.7,12.1,3.6,11.5,18.9,3101,2968,1564,238,253,203,408,3397,3203,1338,461,522,359,594,,,,,,,,,,,,,,,,,,,,,,,,,,,,,,,,,,,,2944,2856,1524,238,253,203,408,,,,,,,,5178,794,1838,3424,2094,1394,1503,4978,652,1663,3245,1895,1373,1380,2487,313,1064,1673,1029,464,436,516,79,273,288,157,273,329,701,247,123,659,310,273,163,776,327,161,509,183,223,256,3101,2968,1564,238,317,408,3397,3203,1338,461,613,594,,,,,,,,,,,,,,,,,,,,,,,,,,,,,,,2944,2856,1524,238,317,408,,,,,,
ACSSF,2010m1,al,000,0004,0000040,,,,,,,,,,,,,,,,,,,,,,,,,,,,,,,,,,,,,,,,,,,,,,,,,,,,,,,,,2.3,1.8,7.3,35.7,1.2,3.5,5.9,3781,3725,1463,230,1125,283,510,1742,1749,790,71,209,273,158,,,,,,,,,,,,,,,,,,,,,,,,,,,,,,,,,,,,3759,3740,1208,230,1125,283,510,,,,,,,,,,,,,,,,,,,,,,,,,,,,,,,,,,,,,,,,,,,,,,,,,,3781,3725,1463,230,1184,510,1742,1749,790,71,209,158,,,,,,,,,,,,,,,,,,,,,,,,,,,,,,,3759,3740,1208,230,1184,510,,,,,,
ACSSF,2010m1,al,000,0004,0000041,7338,1008,2079,4213,3216,2094,1529,1121,6806,938,1705,4101,2972,1943,1378,1073,2982,432,1098,1689,1403,631,331,313,1110,239,88,594,581,143,242,79,699,105,384,572,218,168,91,273,666,132,295,385,266,246,208,273,749,119,151,365,355,593,150,273,0.8,0.8,4.4,10.9,21.3,15.3,14.8,5697,5282,1833,143,473,560,578,4069,4042,1858,1104,470,306,349,,,,,,,,,,,,,,,,,,,,,,,,,,,,,,,,,,,,5284,4965,1591,273,473,493,578,,,,,,,,7338,1008,2079,4213,3216,2094,2045,6806,938,1705,4101,2972,1943,1910,2982,432,1098,1689,1403,631,439,1110,239,88,594,581,143,253,994,174,482,703,337,295,235,749,119,151,365,355,593,150,5697,5282,1833,143,730,578,4069,4042,1858,1104,619,349,,,,,,,,,,,,,,,,,,,,,,,,,,,,,,,5284,4965,1591,273,675,578,,,,,,
ACSSF,2010m1,al,000,0004,0000042,,,,,,,,,,,,,,,,,,,,,,,,,,,,,,,,,,,,,,,,,,,,,,,,,,,,,,,,,1.9,1.9,10.2,.,7.9,.,3.6,3210,2846,1141,273,337,153,634,,,,,,,,,,,,,,,,,,,,,,,,,,,,,,,,,,,,,,,,,,,2775,2623,986,273,337,273,634,,,,,,,,3873,934,1069,2634,1566,960,931,3209,611,972,2282,1360,889,816,1460,235,490,1178,457,163,230,264,264,273,273,273,273,273,367,130,273,293,273,273,273,637,273,273,376,227,353,280,3210,2846,1141,273,367,634,,,,,,,,,,,,,,,,,,,,,,,,,,,,,,,,,,,,,2775,2623,986,273,337,634,,,,,,
ACSSF,2010m1,al,000,0004,0000043,,,,,,,,,,,,,,,,,,,,,,,,,,,,,,,,,,,,,,,,,,,,,,,,,,,,,,,,,1.4,1.5,5.2,11.2,2.4,17.7,6.3,1808,1659,561,61,146,94,172,992,1014,276,61,128,157,61,,,,,,,,,,,,,,,,,,,,,,,,,,,,,,,,,,,,1836,1681,561,46,146,94,172,,,,,,,,2188,424,734,1282,1028,811,690,2079,409,688,1272,1016,739,661,626,78,146,421,353,140,98,93,273,273,89,38,273,273,273,120,201,127,273,45,42,195,273,273,84,65,124,94,1808,1659,561,61,169,172,992,1014,276,61,204,61,,,,,,,,,,,,,,,,,,,,,,,,,,,,,,,1836,1681,561,46,169,172,,,,,,
ACSSF,2010m1,al,000,0004,0000044,5336,934,1745,3791,2605,1494,1376,1204,5131,973,1588,3651,2539,1347,1184,1169,2265,483,737,1758,693,289,334,341,575,273,273,533,83,61,273,273,576,273,69,515,296,273,273,273,881,273,169,936,376,273,123,273,1065,89,565,609,650,224,180,115,1.0,1.0,4.2,0.7,19.4,13.9,20.5,5063,4384,2095,273,339,906,899,2263,2303,842,575,327,480,596,,,,,,,,,,,,,,,,,,,,,,,,,,,,,,,,,,,,4642,4228,1303,273,339,329,861,,,,,,,,5336,934,1745,3791,2605,1494,1909,5131,973,1588,3651,2539,1347,1672,2265,483,737,1758,693,289,498,575,273,273,533,83,61,273,1243,273,185,1283,501,273,123,1065,89,565,609,650,224,213,5063,4384,2095,273,1005,899,2263,2303,842,575,477,596,,,,,,,,,,,,,,,,,,,,,,,,,,,,,,,4642,4228,1303,273,507,861,,,,,,
ACSSF,2010m1,al,000,0004,0000045,,,,,,,,,,,,,,,,,,,,,,,,,,,,,,,,,,,,,,,,,,,,,,,,,,,,,,,,,0.8,0.8,5.0,15.2,11.5,31.8,8.9,4413,4340,1248,273,493,348,547,2747,2421,1551,450,153,199,482,,,,,,,,,,,,,,,,,,,,,,,,,,,,,,,,,,,,4395,4310,1044,273,493,348,539,,,,,,,,5453,1197,1460,3814,2214,1620,1550,5288,733,1440,3501,2114,1534,1500,2003,769,680,1394,725,346,441,507,273,273,386,282,174,273,720,276,258,458,320,177,86,911,102,273,769,344,181,158,4413,4340,1248,273,623,547,2747,2421,1551,450,210,482,,,,,,,,,,,,,,,,,,,,,,,,,,,,,,,4395,4310,1044,273,623,539,,,,,,
ACSSF,2010m1,al,000,0004,0000046,5178,794,1838,3424,2094,1394,1246,878,4978,652,1663,3245,1895,1373,1112,849,2487,313,1064,1673,1029,464,285,296,516,79,273,288,157,273,329,273,587,247,123,560,297,273,273,273,421,273,273,357,90,273,163,273,776,327,161,509,183,223,273,256,0.8,0.9,3.7,12.1,3.6,11.5,18.9,3101,2968,1564,238,253,203,408,3397,3203,1338,461,522,359,594,,,,,,,,,,,,,,,,,,,,,,,,,,,,,,,,,,,,2944,2856,1524,238,253,203,408,,,,,,,,5178,794,1838,3424,2094,1394,1503,4978,652,1663,3245,1895,1373,1380,2487,313,1064,1673,1029,464,436,516,79,273,288,157,273,329,701,247,123,659,310,273,163,776,327,161,509,183,223,256,3101,2968,1564,238,317,408,3397,3203,1338,461,613,594,,,,,,,,,,,,,,,,,,,,,,,,,,,,,,,2944,2856,1524,238,317,408,,,,,,
ACSSF,2010m1,al,000,0004,0000047,,,,,,,,,,,,,,,,,,,,,,,,,,,,,,,,,,,,,,,,,,,,,,,,,,,,,,,,,2.3,1.8,7.3,35.7,1.2,3.5,5.9,3781,3725,1463,230,1125,283,510,1742,1749,790,71,209,273,158,,,,,,,,,,,,,,,,,,,,,,,,,,,,,,,,,,,,3759,3740,1208,230,1125,283,510,,,,,,,,,,,,,,,,,,,,,,,,,,,,,,,,,,,,,,,,,,,,,,,,,,3781,3725,1463,230,1184,510,1742,1749,790,71,209,158,,,,,,,,,,,,,,,,,,,,,,,,,,,,,,,3759,3740,1208,230,1184,510,,,,,,
ACSSF,2010m1,al,000,0004,0000048,,,,,,,,,,,,,,,,,,,,,,,,,,,,,,,,,,,,,,,,,,,,,,,,,,,,,,,,,,,,,,,,,,,,,,,,,,,,,,,,,,,,,,,,,,,,,,,,,,,,,,,,,,,,,,,,,,,,,,,,,,,,,,,,,,,,,,,,,,,,,,,,,,,,,,,,,,,,,,,,,,,,,,,,,,,,,,,,,,,,,,,,,,,,,,,,,,,,,,,,,,,,,,,,,,,,,,,,,,,,,,
ACSSF,2010m1,al,000,0004,0000049,,,,,,,,,,,,,,,,,,,,,,,,,,,,,,,,,,,,,,,,,,,,,,,,,,,,,,,,,,,,,,,,,,,,,,,,,,,,,,,,,,,,,,,,,,,,,,,,,,,,,,,,,,,,,,,,,,,,,,,,,,,,,,,,,,,,,,,,,,,,,,,,,,,,,,,,,,,,,,,,,,,,,,,,,,,,,,,,,,,,,,,,,,,,,,,,,,,,,,,,,,,,,,,,,,,,,,,,,,,,,,
ACSSF,2010m1,al,000,0004,0000050,,,,,,,,,,,,,,,,,,,,,,,,,,,,,,,,,,,,,,,,,,,,,,,,,,,,,,,,,,,,,,,,,,,,,,,,,,,,,,,,,,,,,,,,,,,,,,,,,,,,,,,,,,,,,,,,,,,,,,,,,,,,,,,,,,,,,,,,,,,,,,,,,,,,,,,,,,,,,,,,,,,,,,,,,,,,,,,,,,,,,,,,,,,,,,,,,,,,,,,,,,,,,,,,,,,,,,,,,,,,,,
ACSSF,2010m1,al,000,0004,0000051,,,,,,,,,,,,,,,,,,,,,,,,,,,,,,,,,,,,,,,,,,,,,,,,,,,,,,,,,,,,,,,,,,,,,,,,,,,,,,,,,,,,,,,,,,,,,,,,,,,,,,,,,,,,,,,,,,,,,,,,,,,,,,,,,,,,,,,,,,,,,,,,,,,,,,,,,,,,,,,,,,,,,,,,,,,,,,,,,,,,,,,,,,,,,,,,,,,,,,,,,,,,,,,,,,,,,,,,,,,,,,
ACSSF,2010m1,al,000,0004,0000052,,,,,,,,,,,,,,,,,,,,,,,,,,,,,,,,,,,,,,,,,,,,,,,,,,,,,,,,,,,,,,,,,,,,,,,,,,,,,,,,,,,,,,,,,,,,,,,,,,,,,,,,,,,,,,,,,,,,,,,,,,,,,,,,,,,,,,,,,,,,,,,,,,,,,,,,,,,,,,,,,,,,,,,,,,,,,,,,,,,,,,,,,,,,,,,,,,,,,,,,,,,,,,,,,,,,,,,,,,,,,,
ACSSF,2010m1,al,000,0004,0000053,,,,,,,,,,,,,,,,,,,,,,,,,,,,,,,,,,,,,,,,,,,,,,,,,,,,,,,,,,,,,,,,,,,,,,,,,,,,,,,,,,,,,,,,,,,,,,,,,,,,,,,,,,,,,,,,,,,,,,,,,,,,,,,,,,,,,,,,,,,,,,,,,,,,,,,,,,,,,,,,,,,,,,,,,,,,,,,,,,,,,,,,,,,,,,,,,,,,,,,,,,,,,,,,,,,,,,,,,,,,,,
ACSSF,2010m1,al,000,0004,0000054,,,,,,,,,,,,,,,,,,,,,,,,,,,,,,,,,,,,,,,,,,,,,,,,,,,,,,,,,,,,,,,,,,,,,,,,,,,,,,,,,,,,,,,,,,,,,,,,,,,,,,,,,,,,,,,,,,,,,,,,,,,,,,,,,,,,,,,,,,,,,,,,,,,,,,,,,,,,,,,,,,,,,,,,,,,,,,,,,,,,,,,,,,,,,,,,,,,,,,,,,,,,,,,,,,,,,,,,,,,,,,
ACSSF,2010m1,al,000,0004,0000055,,,,,,,,,,,,,,,,,,,,,,,,,,,,,,,,,,,,,,,,,,,,,,,,,,,,,,,,,,,,,,,,,,,,,,,,,,,,,,,,,,,,,,,,,,,,,,,,,,,,,,,,,,,,,,,,,,,,,,,,,,,,,,,,,,,,,,,,,,,,,,,,,,,,,,,,,,,,,,,,,,,,,,,,,,,,,,,,,,,,,,,,,,,,,,,,,,,,,,,,,,,,,,,,,,,,,,,,,,,,,,
ACSSF,2010m1,al,000,0004,0000056,,,,,,,,,,,,,,,,,,,,,,,,,,,,,,,,,,,,,,,,,,,,,,,,,,,,,,,,,,,,,,,,,,,,,,,,,,,,,,,,,,,,,,,,,,,,,,,,,,,,,,,,,,,,,,,,,,,,,,,,,,,,,,,,,,,,,,,,,,,,,,,,,,,,,,,,,,,,,,,,,,,,,,,,,,,,,,,,,,,,,,,,,,,,,,,,,,,,,,,,,,,,,,,,,,,,,,,,,,,,,,
ACSSF,2010m1,al,000,0004,0000057,,,,,,,,,,,,,,,,,,,,,,,,,,,,,,,,,,,,,,,,,,,,,,,,,,,,,,,,,,,,,,,,,,,,,,,,,,,,,,,,,,,,,,,,,,,,,,,,,,,,,,,,,,,,,,,,,,,,,,,,,,,,,,,,,,,,,,,,,,,,,,,,,,,,,,,,,,,,,,,,,,,,,,,,,,,,,,,,,,,,,,,,,,,,,,,,,,,,,,,,,,,,,,,,,,,,,,,,,,,,,,
ACSSF,2010m1,al,000,0004,0000058,,,,,,,,,,,,,,,,,,,,,,,,,,,,,,,,,,,,,,,,,,,,,,,,,,,,,,,,,,,,,,,,,,,,,,,,,,,,,,,,,,,,,,,,,,,,,,,,,,,,,,,,,,,,,,,,,,,,,,,,,,,,,,,,,,,,,,,,,,,,,,,,,,,,,,,,,,,,,,,,,,,,,,,,,,,,,,,,,,,,,,,,,,,,,,,,,,,,,,,,,,,,,,,,,,,,,,,,,,,,,,
ACSSF,2010m1,al,000,0004,0000059,,,,,,,,,,,,,,,,,,,,,,,,,,,,,,,,,,,,,,,,,,,,,,,,,,,,,,,,,,,,,,,,,,,,,,,,,,,,,,,,,,,,,,,,,,,,,,,,,,,,,,,,,,,,,,,,,,,,,,,,,,,,,,,,,,,,,,,,,,,,,,,,,,,,,,,,,,,,,,,,,,,,,,,,,,,,,,,,,,,,,,,,,,,,,,,,,,,,,,,,,,,,,,,,,,,,,,,,,,,,,,
ACSSF,2010m1,al,000,0004,0000060,,,,,,,,,,,,,,,,,,,,,,,,,,,,,,,,,,,,,,,,,,,,,,,,,,,,,,,,,,,,,,,,,,,,,,,,,,,,,,,,,,,,,,,,,,,,,,,,,,,,,,,,,,,,,,,,,,,,,,,,,,,,,,,,,,,,,,,,,,,,,,,,,,,,,,,,,,,,,,,,,,,,,,,,,,,,,,,,,,,,,,,,,,,,,,,,,,,,,,,,,,,,,,,,,,,,,,,,,,,,,,
ACSSF,2010m1,al,000,0004,0000061,,,,,,,,,,,,,,,,,,,,,,,,,,,,,,,,,,,,,,,,,,,,,,,,,,,,,,,,,,,,,,,,,,,,,,,,,,,,,,,,,,,,,,,,,,,,,,,,,,,,,,,,,,,,,,,,,,,,,,,,,,,,,,,,,,,,,,,,,,,,,,,,,,,,,,,,,,,,,,,,,,,,,,,,,,,,,,,,,,,,,,,,,,,,,,,,,,,,,,,,,,,,,,,,,,,,,,,,,,,,,,
ACSSF,2010m1,al,000,0004,0000062,,,,,,,,,,,,,,,,,,,,,,,,,,,,,,,,,,,,,,,,,,,,,,,,,,,,,,,,,,,,,,,,,,,,,,,,,,,,,,,,,,,,,,,,,,,,,,,,,,,,,,,,,,,,,,,,,,,,,,,,,,,,,,,,,,,,,,,,,,,,,,,,,,,,,,,,,,,,,,,,,,,,,,,,,,,,,,,,,,,,,,,,,,,,,,,,,,,,,,,,,,,,,,,,,,,,,,,,,,,,,,
ACSSF,2010m1,al,000,0004,0000063,,,,,,,,,,,,,,,,,,,,,,,,,,,,,,,,,,,,,,,,,,,,,,,,,,,,,,,,,,,,,,,,,,,,,,,,,,,,,,,,,,,,,,,,,,,,,,,,,,,,,,,,,,,,,,,,,,,,,,,,,,,,,,,,,,,,,,,,,,,,,,,,,,,,,,,,,,,,,,,,,,,,,,,,,,,,,,,,,,,,,,,,,,,,,,,,,,,,,,,,,,,,,,,,,,,,,,,,,,,,,,
ACSSF,2010m1,al,000,0004,0000064,,,,,,,,,,,,,,,,,,,,,,,,,,,,,,,,,,,,,,,,,,,,,,,,,,,,,,,,,,,,,,,,,,,,,,,,,,,,,,,,,,,,,,,,,,,,,,,,,,,,,,,,,,,,,,,,,,,,,,,,,,,,,,,,,,,,,,,,,,,,,,,,,,,,,,,,,,,,,,,,,,,,,,,,,,,,,,,,,,,,,,,,,,,,,,,,,,,,,,,,,,,,,,,,,,,,,,,,,,,,,,
ACSSF,2010m1,al,000,0004,0000065,,,,,,,,,,,,,,,,,,,,,,,,,,,,,,,,,,,,,,,,,,,,,,,,,,,,,,,,,,,,,,,,,,,,,,,,,,,,,,,,,,,,,,,,,,,,,,,,,,,,,,,,,,,,,,,,,,,,,,,,,,,,,,,,,,,,,,,,,,,,,,,,,,,,,,,,,,,,,,,,,,,,,,,,,,,,,,,,,,,,,,,,,,,,,,,,,,,,,,,,,,,,,,,,,,,,,,,,,,,,,,
ACSSF,2010m1,al,000,0004,0000066,,,,,,,,,,,,,,,,,,,,,,,,,,,,,,,,,,,,,,,,,,,,,,,,,,,,,,,,,,,,,,,,,,,,,,,,,,,,,,,,,,,,,,,,,,,,,,,,,,,,,,,,,,,,,,,,,,,,,,,,,,,,,,,,,,,,,,,,,,,,,,,,,,,,,,,,,,,,,,,,,,,,,,,,,,,,,,,,,,,,,,,,,,,,,,,,,,,,,,,,,,,,,,,,,,,,,,,,,,,,,,
ACSSF,2010m1,al,000,0004,0000067,,,,,,,,,,,,,,,,,,,,,,,,,,,,,,,,,,,,,,,,,,,,,,,,,,,,,,,,,,,,,,,,,,,,,,,,,,,,,,,,,,,,,,,,,,,,,,,,,,,,,,,,,,,,,,,,,,,,,,,,,,,,,,,,,,,,,,,,,,,,,,,,,,,,,,,,,,,,,,,,,,,,,,,,,,,,,,,,,,,,,,,,,,,,,,,,,,,,,,,,,,,,,,,,,,,,,,,,,,,,,,
ACSSF,2010m1,al,000,0004,0000068,,,,,,,,,,,,,,,,,,,,,,,,,,,,,,,,,,,,,,,,,,,,,,,,,,,,,,,,,,,,,,,,,,,,,,,,,,,,,,,,,,,,,,,,,,,,,,,,,,,,,,,,,,,,,,,,,,,,,,,,,,,,,,,,,,,,,,,,,,,,,,,,,,,,,,,,,,,,,,,,,,,,,,,,,,,,,,,,,,,,,,,,,,,,,,,,,,,,,,,,,,,,,,,,,,,,,,,,,,,,,,
ACSSF,2010m1,al,000,0004,0000069,,,,,,,,,,,,,,,,,,,,,,,,,,,,,,,,,,,,,,,,,,,,,,,,,,,,,,,,,,,,,,,,,,,,,,,,,,,,,,,,,,,,,,,,,,,,,,,,,,,,,,,,,,,,,,,,,,,,,,,,,,,,,,,,,,,,,,,,,,,,,,,,,,,,,,,,,,,,,,,,,,,,,,,,,,,,,,,,,,,,,,,,,,,,,,,,,,,,,,,,,,,,,,,,,,,,,,,,,,,,,,
ACSSF,2010m1,al,000,0004,0000070,,,,,,,,,,,,,,,,,,,,,,,,,,,,,,,,,,,,,,,,,,,,,,,,,,,,,,,,,,,,,,,,,,,,,,,,,,,,,,,,,,,,,,,,,,,,,,,,,,,,,,,,,,,,,,,,,,,,,,,,,,,,,,,,,,,,,,,,,,,,,,,,,,,,,,,,,,,,,,,,,,,,,,,,,,,,,,,,,,,,,,,,,,,,,,,,,,,,,,,,,,,,,,,,,,,,,,,,,,,,,,
ACSSF,2010m1,al,000,0004,0000071,,,,,,,,,,,,,,,,,,,,,,,,,,,,,,,,,,,,,,,,,,,,,,,,,,,,,,,,,,,,,,,,,,,,,,,,,,,,,,,,,,,,,,,,,,,,,,,,,,,,,,,,,,,,,,,,,,,,,,,,,,,,,,,,,,,,,,,,,,,,,,,,,,,,,,,,,,,,,,,,,,,,,,,,,,,,,,,,,,,,,,,,,,,,,,,,,,,,,,,,,,,,,,,,,,,,,,,,,,,,,,
ACSSF,2010m1,al,000,0004,0000072,,,,,,,,,,,,,,,,,,,,,,,,,,,,,,,,,,,,,,,,,,,,,,,,,,,,,,,,,,,,,,,,,,,,,,,,,,,,,,,,,,,,,,,,,,,,,,,,,,,,,,,,,,,,,,,,,,,,,,,,,,,,,,,,,,,,,,,,,,,,,,,,,,,,,,,,,,,,,,,,,,,,,,,,,,,,,,,,,,,,,,,,,,,,,,,,,,,,,,,,,,,,,,,,,,,,,,,,,,,,,,
ACSSF,2010m1,al,000,0004,0000073,,,,,,,,,,,,,,,,,,,,,,,,,,,,,,,,,,,,,,,,,,,,,,,,,,,,,,,,,,,,,,,,,,,,,,,,,,,,,,,,,,,,,,,,,,,,,,,,,,,,,,,,,,,,,,,,,,,,,,,,,,,,,,,,,,,,,,,,,,,,,,,,,,,,,,,,,,,,,,,,,,,,,,,,,,,,,,,,,,,,,,,,,,,,,,,,,,,,,,,,,,,,,,,,,,,,,,,,,,,,,,
ACSSF,2010m1,al,000,0004,0000074,,,,,,,,,,,,,,,,,,,,,,,,,,,,,,,,,,,,,,,,,,,,,,,,,,,,,,,,,,,,,,,,,,,,,,,,,,,,,,,,,,,,,,,,,,,,,,,,,,,,,,,,,,,,,,,,,,,,,,,,,,,,,,,,,,,,,,,,,,,,,,,,,,,,,,,,,,,,,,,,,,,,,,,,,,,,,,,,,,,,,,,,,,,,,,,,,,,,,,,,,,,,,,,,,,,,,,,,,,,,,,
ACSSF,2010m1,al,000,0004,0000075,,,,,,,,,,,,,,,,,,,,,,,,,,,,,,,,,,,,,,,,,,,,,,,,,,,,,,,,,,,,,,,,,,,,,,,,,,,,,,,,,,,,,,,,,,,,,,,,,,,,,,,,,,,,,,,,,,,,,,,,,,,,,,,,,,,,,,,,,,,,,,,,,,,,,,,,,,,,,,,,,,,,,,,,,,,,,,,,,,,,,,,,,,,,,,,,,,,,,,,,,,,,,,,,,,,,,,,,,,,,,,
ACSSF,2010m1,al,000,0004,0000076,,,,,,,,,,,,,,,,,,,,,,,,,,,,,,,,,,,,,,,,,,,,,,,,,,,,,,,,,,,,,,,,,,,,,,,,,,,,,,,,,,,,,,,,,,,,,,,,,,,,,,,,,,,,,,,,,,,,,,,,,,,,,,,,,,,,,,,,,,,,,,,,,,,,,,,,,,,,,,,,,,,,,,,,,,,,,,,,,,,,,,,,,,,,,,,,,,,,,,,,,,,,,,,,,,,,,,,,,,,,,,
ACSSF,2010m1,al,000,0004,0000077,,,,,,,,,,,,,,,,,,,,,,,,,,,,,,,,,,,,,,,,,,,,,,,,,,,,,,,,,,,,,,,,,,,,,,,,,,,,,,,,,,,,,,,,,,,,,,,,,,,,,,,,,,,,,,,,,,,,,,,,,,,,,,,,,,,,,,,,,,,,,,,,,,,,,,,,,,,,,,,,,,,,,,,,,,,,,,,,,,,,,,,,,,,,,,,,,,,,,,,,,,,,,,,,,,,,,,,,,,,,,,
ACSSF,2010m1,al,000,0004,0000078,,,,,,,,,,,,,,,,,,,,,,,,,,,,,,,,,,,,,,,,,,,,,,,,,,,,,,,,,,,,,,,,,,,,,,,,,,,,,,,,,,,,,,,,,,,,,,,,,,,,,,,,,,,,,,,,,,,,,,,,,,,,,,,,,,,,,,,,,,,,,,,,,,,,,,,,,,,,,,,,,,,,,,,,,,,,,,,,,,,,,,,,,,,,,,,,,,,,,,,,,,,,,,,,,,,,,,,,,,,,,,
ACSSF,2010m1,al,000,0004,0000079,,,,,,,,,,,,,,,,,,,,,,,,,,,,,,,,,,,,,,,,,,,,,,,,,,,,,,,,,,,,,,,,,,,,,,,,,,,,,,,,,,,,,,,,,,,,,,,,,,,,,,,,,,,,,,,,,,,,,,,,,,,,,,,,,,,,,,,,,,,,,,,,,,,,,,,,,,,,,,,,,,,,,,,,,,,,,,,,,,,,,,,,,,,,,,,,,,,,,,,,,,,,,,,,,,,,,,,,,,,,,,
ACSSF,2010m1,al,000,0004,0000080,,,,,,,,,,,,,,,,,,,,,,,,,,,,,,,,,,,,,,,,,,,,,,,,,,,,,,,,,,,,,,,,,,,,,,,,,,,,,,,,,,,,,,,,,,,,,,,,,,,,,,,,,,,,,,,,,,,,,,,,,,,,,,,,,,,,,,,,,,,,,,,,,,,,,,,,,,,,,,,,,,,,,,,,,,,,,,,,,,,,,,,,,,,,,,,,,,,,,,,,,,,,,,,,,,,,,,,,,,,,,,
ACSSF,2010m1,al,000,0004,0000081,,,,,,,,,,,,,,,,,,,,,,,,,,,,,,,,,,,,,,,,,,,,,,,,,,,,,,,,,,,,,,,,,,,,,,,,,,,,,,,,,,,,,,,,,,,,,,,,,,,,,,,,,,,,,,,,,,,,,,,,,,,,,,,,,,,,,,,,,,,,,,,,,,,,,,,,,,,,,,,,,,,,,,,,,,,,,,,,,,,,,,,,,,,,,,,,,,,,,,,,,,,,,,,,,,,,,,,,,,,,,,
ACSSF,2010m1,al,000,0004,0000082,,,,,,,,,,,,,,,,,,,,,,,,,,,,,,,,,,,,,,,,,,,,,,,,,,,,,,,,,,,,,,,,,,,,,,,,,,,,,,,,,,,,,,,,,,,,,,,,,,,,,,,,,,,,,,,,,,,,,,,,,,,,,,,,,,,,,,,,,,,,,,,,,,,,,,,,,,,,,,,,,,,,,,,,,,,,,,,,,,,,,,,,,,,,,,,,,,,,,,,,,,,,,,,,,,,,,,,,,,,,,,
ACSSF,2010m1,al,000,0004,0000083,,,,,,,,,,,,,,,,,,,,,,,,,,,,,,,,,,,,,,,,,,,,,,,,,,,,,,,,,,,,,,,,,,,,,,,,,,,,,,,,,,,,,,,,,,,,,,,,,,,,,,,,,,,,,,,,,,,,,,,,,,,,,,,,,,,,,,,,,,,,,,,,,,,,,,,,,,,,,,,,,,,,,,,,,,,,,,,,,,,,,,,,,,,,,,,,,,,,,,,,,,,,,,,,,,,,,,,,,,,,,,
ACSSF,2010m1,al,000,0004,0000084,,,,,,,,,,,,,,,,,,,,,,,,,,,,,,,,,,,,,,,,,,,,,,,,,,,,,,,,,,,,,,,,,,,,,,,,,,,,,,,,,,,,,,,,,,,,,,,,,,,,,,,,,,,,,,,,,,,,,,,,,,,,,,,,,,,,,,,,,,,,,,,,,,,,,,,,,,,,,,,,,,,,,,,,,,,,,,,,,,,,,,,,,,,,,,,,,,,,,,,,,,,,,,,,,,,,,,,,,,,,,,
ACSSF,2010m1,al,000,0004,0000085,,,,,,,,,,,,,,,,,,,,,,,,,,,,,,,,,,,,,,,,,,,,,,,,,,,,,,,,,,,,,,,,,,,,,,,,,,,,,,,,,,,,,,,,,,,,,,,,,,,,,,,,,,,,,,,,,,,,,,,,,,,,,,,,,,,,,,,,,,,,,,,,,,,,,,,,,,,,,,,,,,,,,,,,,,,,,,,,,,,,,,,,,,,,,,,,,,,,,,,,,,,,,,,,,,,,,,,,,,,,,,
ACSSF,2010m1,al,000,0004,0000086,,,,,,,,,,,,,,,,,,,,,,,,,,,,,,,,,,,,,,,,,,,,,,,,,,,,,,,,,,,,,,,,,,,,,,,,,,,,,,,,,,,,,,,,,,,,,,,,,,,,,,,,,,,,,,,,,,,,,,,,,,,,,,,,,,,,,,,,,,,,,,,,,,,,,,,,,,,,,,,,,,,,,,,,,,,,,,,,,,,,,,,,,,,,,,,,,,,,,,,,,,,,,,,,,,,,,,,,,,,,,,
ACSSF,2010m1,al,000,0004,0000087,,,,,,,,,,,,,,,,,,,,,,,,,,,,,,,,,,,,,,,,,,,,,,,,,,,,,,,,,,,,,,,,,,,,,,,,,,,,,,,,,,,,,,,,,,,,,,,,,,,,,,,,,,,,,,,,,,,,,,,,,,,,,,,,,,,,,,,,,,,,,,,,,,,,,,,,,,,,,,,,,,,,,,,,,,,,,,,,,,,,,,,,,,,,,,,,,,,,,,,,,,,,,,,,,,,,,,,,,,,,,,
ACSSF,2010m1,al,000,0004,0000088,,,,,,,,,,,,,,,,,,,,,,,,,,,,,,,,,,,,,,,,,,,,,,,,,,,,,,,,,,,,,,,,,,,,,,,,,,,,,,,,,,,,,,,,,,,,,,,,,,,,,,,,,,,,,,,,,,,,,,,,,,,,,,,,,,,,,,,,,,,,,,,,,,,,,,,,,,,,,,,,,,,,,,,,,,,,,,,,,,,,,,,,,,,,,,,,,,,,,,,,,,,,,,,,,,,,,,,,,,,,,,
ACSSF,2010m1,al,000,0004,0000089,,,,,,,,,,,,,,,,,,,,,,,,,,,,,,,,,,,,,,,,,,,,,,,,,,,,,,,,,,,,,,,,,,,,,,,,,,,,,,,,,,,,,,,,,,,,,,,,,,,,,,,,,,,,,,,,,,,,,,,,,,,,,,,,,,,,,,,,,,,,,,,,,,,,,,,,,,,,,,,,,,,,,,,,,,,,,,,,,,,,,,,,,,,,,,,,,,,,,,,,,,,,,,,,,,,,,,,,,,,,,,
ACSSF,2010m1,al,000,0004,0000090,,,,,,,,,,,,,,,,,,,,,,,,,,,,,,,,,,,,,,,,,,,,,,,,,,,,,,,,,,,,,,,,,,,,,,,,,,,,,,,,,,,,,,,,,,,,,,,,,,,,,,,,,,,,,,,,,,,,,,,,,,,,,,,,,,,,,,,,,,,,,,,,,,,,,,,,,,,,,,,,,,,,,,,,,,,,,,,,,,,,,,,,,,,,,,,,,,,,,,,,,,,,,,,,,,,,,,,,,,,,,,
ACSSF,2010m1,al,000,0004,0000091,,,,,,,,,,,,,,,,,,,,,,,,,,,,,,,,,,,,,,,,,,,,,,,,,,,,,,,,,,,,,,,,,,,,,,,,,,,,,,,,,,,,,,,,,,,,,,,,,,,,,,,,,,,,,,,,,,,,,,,,,,,,,,,,,,,,,,,,,,,,,,,,,,,,,,,,,,,,,,,,,,,,,,,,,,,,,,,,,,,,,,,,,,,,,,,,,,,,,,,,,,,,,,,,,,,,,,,,,,,,,,
ACSSF,2010m1,al,000,0004,0000092,,,,,,,,,,,,,,,,,,,,,,,,,,,,,,,,,,,,,,,,,,,,,,,,,,,,,,,,,,,,,,,,,,,,,,,,,,,,,,,,,,,,,,,,,,,,,,,,,,,,,,,,,,,,,,,,,,,,,,,,,,,,,,,,,,,,,,,,,,,,,,,,,,,,,,,,,,,,,,,,,,,,,,,,,,,,,,,,,,,,,,,,,,,,,,,,,,,,,,,,,,,,,,,,,,,,,,,,,,,,,,
ACSSF,2010m1,al,000,0004,0000093,,,,,,,,,,,,,,,,,,,,,,,,,,,,,,,,,,,,,,,,,,,,,,,,,,,,,,,,,,,,,,,,,,,,,,,,,,,,,,,,,,,,,,,,,,,,,,,,,,,,,,,,,,,,,,,,,,,,,,,,,,,,,,,,,,,,,,,,,,,,,,,,,,,,,,,,,,,,,,,,,,,,,,,,,,,,,,,,,,,,,,,,,,,,,,,,,,,,,,,,,,,,,,,,,,,,,,,,,,,,,,
ACSSF,2010m1,al,000,0004,0000094,,,,,,,,,,,,,,,,,,,,,,,,,,,,,,,,,,,,,,,,,,,,,,,,,,,,,,,,,,,,,,,,,,,,,,,,,,,,,,,,,,,,,,,,,,,,,,,,,,,,,,,,,,,,,,,,,,,,,,,,,,,,,,,,,,,,,,,,,,,,,,,,,,,,,,,,,,,,,,,,,,,,,,,,,,,,,,,,,,,,,,,,,,,,,,,,,,,,,,,,,,,,,,,,,,,,,,,,,,,,,,
ACSSF,2010m1,al,000,0004,0000095,,,,,,,,,,,,,,,,,,,,,,,,,,,,,,,,,,,,,,,,,,,,,,,,,,,,,,,,,,,,,,,,,,,,,,,,,,,,,,,,,,,,,,,,,,,,,,,,,,,,,,,,,,,,,,,,,,,,,,,,,,,,,,,,,,,,,,,,,,,,,,,,,,,,,,,,,,,,,,,,,,,,,,,,,,,,,,,,,,,,,,,,,,,,,,,,,,,,,,,,,,,,,,,,,,,,,,,,,,,,,,
ACSSF,2010m1,al,000,0004,0000096,,,,,,,,,,,,,,,,,,,,,,,,,,,,,,,,,,,,,,,,,,,,,,,,,,,,,,,,,,,,,,,,,,,,,,,,,,,,,,,,,,,,,,,,,,,,,,,,,,,,,,,,,,,,,,,,,,,,,,,,,,,,,,,,,,,,,,,,,,,,,,,,,,,,,,,,,,,,,,,,,,,,,,,,,,,,,,,,,,,,,,,,,,,,,,,,,,,,,,,,,,,,,,,,,,,,,,,,,,,,,,
ACSSF,2010m1,al,000,0004,0000097,,,,,,,,,,,,,,,,,,,,,,,,,,,,,,,,,,,,,,,,,,,,,,,,,,,,,,,,,,,,,,,,,,,,,,,,,,,,,,,,,,,,,,,,,,,,,,,,,,,,,,,,,,,,,,,,,,,,,,,,,,,,,,,,,,,,,,,,,,,,,,,,,,,,,,,,,,,,,,,,,,,,,,,,,,,,,,,,,,,,,,,,,,,,,,,,,,,,,,,,,,,,,,,,,,,,,,,,,,,,,,
ACSSF,2010m1,al,000,0004,0000098,,,,,,,,,,,,,,,,,,,,,,,,,,,,,,,,,,,,,,,,,,,,,,,,,,,,,,,,,,,,,,,,,,,,,,,,,,,,,,,,,,,,,,,,,,,,,,,,,,,,,,,,,,,,,,,,,,,,,,,,,,,,,,,,,,,,,,,,,,,,,,,,,,,,,,,,,,,,,,,,,,,,,,,,,,,,,,,,,,,,,,,,,,,,,,,,,,,,,,,,,,,,,,,,,,,,,,,,,,,,,,
